0,1,2,3,4,5,6,7,8,9,10,11,12,13,14,15,16,17,18,19,20,21,22,23,24,25,26,27,28,29,30,31,32,33,34,35,36,37,38,39,40,41,42,43,44,45,46,47,48,49,50,51,52,53,54,55,56,57,58,59,60,61,62,63,64,65,66,67,68,69,70,71,72,73,74,75,76,77,78,79,80,81,82,83,84,85,86,87,88,89,pop,sample_id
0.015933797,0.060685284,0.07396227,-0.020379178,0.06599939,0.031455696,-0.05373678,0.03270519,0.023538394,-0.024849348,0.047856472,-0.056238074,0.05008204,-0.016675834,-0.016205113,0.05236571,-0.011274873,0.057644106,-0.028285649,0.0143478,-0.02841363,0.039858434,-0.018601099,-0.07255565,-0.004398793,-0.016099015,-0.012210162,0.045445558,0.098373935,-0.011629313,0.031050496,-0.016589656,0.037163116,0.0062640696,0.023757722,-0.027101118,0.0737997,0.04328545,0.0033305874,-0.06567724,0.073057756,0.02091143,-0.016024526,0.029632332,0.08502018,0.10538687,-0.040919404,0.041924328,-0.035445407,-0.06363124,0.04232762,-0.0328962,0.016093027,-0.024208354,0.024997527,-0.025777582,0.065379515,-0.020072253,-0.009400379,-0.004645477,-0.023275258,-0.009140672,-0.0049448684,-0.02049495,-0.011227053,-0.010276077,-0.008543333,-0.044063866,-0.067099616,-0.015491122,0.034971423,0.042091656,-0.01882987,0.06620673,-0.028639901,0.025634807,0.017982772,0.017995251,-0.045958314,0.06938646,-0.010141355,0.036210652,0.051686555,-0.013240872,0.041641027,0.050633542,0.036571696,0.08145382,0.06353598,0.013450654,114,0
-0.010673895,0.06091921,0.036187578,-0.017152015,0.023733512,-0.0018876232,-0.011180526,-0.020941552,-0.024965389,0.016864859,0.08137992,0.035726335,-0.0048997076,-0.06474282,0.05228459,-0.025131151,0.026694283,-0.009920694,0.0040017827,0.017267857,0.0070924107,0.0647237,0.041413326,0.0046602897,0.047548242,0.023386873,-0.055407643,0.04882218,0.0774401,0.071588,0.017673973,-0.06599915,-0.10422944,0.022800237,0.00973713,-0.0057784035,0.051513147,0.025136463,0.057258915,-0.046917003,-0.044249892,-0.01559085,-0.06256474,0.044612564,-0.014039168,-0.005361721,0.018452479,0.00381016,-0.029185398,0.0038158502,0.04767513,-0.02681826,-0.039949663,0.028121615,0.04089439,-0.083952546,0.07439048,-0.027094483,0.038014743,0.00894574,-0.033696327,-0.026424292,0.0008475669,0.056434073,-0.05202911,-0.051164076,0.0066963043,-0.028015332,0.0077634975,-0.051551487,-0.009276606,-0.008913242,0.042777427,0.013495545,0.010547934,-0.09006613,0.024192493,-0.0026984885,-0.016729413,0.06909783,0.04320252,0.023359206,0.004167134,-0.02227775,-0.02858874,-0.01286198,0.035536587,-0.00085787056,0.018751848,0.019798137,103,1
-0.015659643,0.0022091814,0.0971728,-0.05330603,0.0363181,0.032731336,-0.018996315,0.040652152,0.0078445235,0.0054136445,-0.027504124,-0.02344939,-0.08073771,-0.0783164,-0.012254004,0.04362218,-0.0382336,0.08212703,0.075211786,0.008738278,0.0041338573,0.040796444,-0.013418792,-0.07575123,0.09514575,0.026598496,-0.034197457,0.015397622,0.059547573,0.025758144,0.057330973,-0.015165351,-0.0021362416,0.033803765,0.10573582,-0.05254925,0.07369807,0.051059317,0.015905917,-0.0032541775,0.0024961904,-0.0023930464,-0.053710684,0.08040719,0.031741776,0.051130824,-0.0065972884,0.015473534,0.049208716,-0.036834728,0.10549432,-0.018223885,-0.03425709,-0.07240013,0.019278068,0.0033356957,0.015160751,0.0069568977,0.017801918,-0.0555126,0.008316273,0.07444924,0.03684397,0.009184813,-0.030913813,-0.04905326,0.008155135,-0.025858076,-0.016681693,0.015406021,-0.020631593,-0.0069648717,-0.032644026,-0.026307888,-0.008307108,-0.009824955,0.020242346,0.06245428,0.055062648,0.052464552,0.036413692,-0.009845164,0.065118484,-0.005652545,-0.018106254,0.038235188,0.03092708,0.0007898989,0.028353792,0.05337529,111,2
-0.014941784,0.010623916,-0.0028500482,-0.054364424,0.006372425,0.08115888,0.0031239453,0.0017240811,-0.029745629,0.036237985,0.03321074,-0.016968725,0.029784672,-0.00042550638,-0.09647995,-0.020009607,-0.038494438,-0.011942072,0.004562214,0.009712995,0.045026436,-0.0047377013,0.03084554,-0.05300145,0.0029784013,0.03846682,-0.019629234,-0.013827988,0.0050863577,-0.0023395168,0.07903989,0.007206835,-0.04774584,-0.013179274,0.050645478,0.01727555,0.05943077,-0.034787167,0.04318654,-0.08382817,0.04558422,-0.020368092,0.010440741,0.0034588724,0.05113743,0.11956595,-0.029902281,0.004203475,0.012127321,-0.0032562823,0.071584985,-0.010412833,0.04738648,0.03679238,-0.039771378,-0.008809209,0.04806107,-0.06534097,0.06392394,0.023319926,0.0052855685,0.048522893,0.01006946,0.0024618646,-0.02391433,-0.08005427,-0.004291415,-0.046298593,-0.106366225,0.022545379,0.023663245,0.0024588786,0.042266265,0.05466382,-0.04865475,-0.029142056,-0.043360583,0.022718102,-0.0112932045,0.011438802,0.047111597,0.032923877,0.0041440353,0.044453137,-0.067031436,-0.017477846,-0.026143298,-0.015903559,-0.019849967,0.030243255,113,3
-0.07387414,-0.012468491,0.07471453,-0.07450888,-0.08185921,0.10064535,-0.008727131,0.030326266,-0.009708641,-0.040750682,-0.008793153,0.0011957786,-0.06468613,-0.0809398,-0.03807003,-0.026421668,0.052107893,0.029061979,0.02334074,0.012671121,-0.049297437,0.070639774,0.08447224,-0.01885167,0.050179634,0.030885281,-0.0006951438,-0.062842526,0.053635836,-0.006492207,0.008056603,-0.0019039679,-0.05029985,-0.007586898,0.04169091,-0.0032744482,0.07272233,0.044224285,0.016801143,-0.0033468874,0.066700295,0.02430428,0.007500071,0.025625855,0.013202974,0.0204926,0.014238626,0.023044262,-0.038061373,-0.062280856,-0.016494662,0.040246945,0.01404489,0.028563192,0.024700893,-0.04659232,0.08678521,-0.049320683,0.011622362,-0.0070981784,-0.03017443,-0.01151583,0.02161586,0.025563836,-0.004596105,-0.030330718,0.010409085,-0.020270534,-0.14853121,-0.0003759684,0.02296614,0.024487652,-0.01018441,0.0051067173,-0.022149354,0.019886423,0.056101,0.0069803093,-0.011922253,-0.0010576146,0.053569883,0.038593173,0.11111724,-0.01252011,0.046328444,0.011700107,0.021361068,-0.02416291,-0.023060083,0.062799506,102,4
-0.023258613,0.040023033,0.08705433,-0.053093404,0.005309809,0.030854791,-0.038816214,-0.0026559464,0.0009475178,0.037792422,0.004659715,-0.019721856,-0.033075713,-0.1265949,0.011863232,0.03852964,0.021762408,0.02252692,0.06691185,-0.060056124,0.014342536,0.025694897,0.014074171,-0.06272462,0.031456307,0.043331794,0.022198185,-0.04204038,0.059712276,0.084707424,0.034735877,0.012214106,0.0123204775,0.011174245,0.02611461,-0.038822234,0.019886635,-0.00073490664,0.02362671,-0.0502129,-0.036844596,0.076590106,-0.006498415,0.06746531,0.048024893,0.016250867,-0.011653379,-0.008001169,0.020772569,-0.05903162,0.087645195,-0.026905071,-0.014656415,-0.061160974,-0.003930336,-0.06345394,0.06882487,-0.012609091,0.07987138,0.084531546,-0.048496895,-0.012449598,0.005060046,-0.015399969,0.0073950645,-0.031253796,-0.019149825,-0.0684682,-0.05406124,0.020260155,0.059668068,0.039090883,-0.019293344,0.01061671,0.004986587,-0.03554946,0.03840784,0.052761175,0.041123256,0.022625994,0.040133268,0.07128956,0.010209017,0.02859401,0.023835614,0.053739455,0.04734542,0.052679658,0.04686594,0.0006003827,109,5
-0.03011278,0.0069013936,0.040127404,-0.05457245,-0.008526312,0.049059834,0.02181782,-0.034494884,0.01562742,-0.057529133,-0.0069664884,0.056061674,-0.05212062,-0.011250742,-0.02971793,-0.035567723,-0.045801457,-0.07496576,0.02329649,0.049750324,-0.064482,0.037226323,0.021042239,-0.008428136,0.08798638,0.06394491,-0.034873333,0.008133782,0.039236095,0.01811374,-0.014899688,-0.058053136,-0.049934857,-0.016099226,0.11871521,0.009280907,0.03313741,0.036802392,0.046437018,-0.014695201,0.10262116,0.037725188,-0.052895084,0.0028892914,-0.007774418,0.018413447,-0.036446016,0.04065817,-0.021793395,-0.024054218,0.05565073,-0.031606585,-0.03983713,0.024404254,-0.022947375,-0.0729633,0.099624656,-0.0472679,0.047168963,-0.032554965,0.016922915,0.008772354,0.024657134,0.021365585,0.02136678,0.030577138,-0.0081280265,-0.016717926,0.043358073,0.006849545,0.020259447,0.0020838706,-0.037785187,0.028921537,-0.0057054576,0.0732667,-0.012385309,0.04513999,0.016486432,0.019903857,0.012015227,-0.00905849,0.017137222,-0.0076682153,0.039994087,-0.0015340988,0.035490494,-0.019498333,-0.018279966,0.009577222,100,6
-0.004096572,0.015276134,0.051991835,-0.052540746,0.02453052,0.024656594,-0.037241764,-0.032197632,0.0066610747,-0.022396304,-0.0070892237,0.050779443,-9.52892e-05,-0.059724227,0.014480812,-0.014111619,-0.04510603,-0.013051206,-0.0024337182,-0.0054151174,0.02876204,0.05200913,0.05968605,-0.026478995,0.02900032,0.076515354,0.024733398,0.025984365,0.028316017,0.013649257,0.016007792,-0.08756672,-0.05870855,0.02029361,0.0048123747,0.061179034,0.059884243,0.06142558,0.031868696,-0.026763752,0.015768524,0.028869119,-0.03132146,0.003231017,0.0033080317,0.04201115,0.02362918,-0.030093854,-0.00056436483,0.010955441,0.041737996,0.030001305,-0.01840183,0.07525469,-0.009158511,-0.032776654,0.07501656,0.041714977,0.06887231,0.043424133,-0.020721592,0.025437811,0.024026621,-0.0384612,-0.030096993,-0.02106073,0.04101991,-0.028305054,-0.05523151,0.017902154,0.025049025,-0.05718236,-0.032607116,-0.026514463,-0.05476127,0.0838755,0.021980364,0.022384267,-0.014295846,-0.049935076,-0.0322115,0.03364652,0.0115045,-0.04310371,4.749559e-05,0.04658179,0.03579991,-0.02702542,0.064071454,0.049547244,102,7
-0.08460398,0.005169606,0.051713165,-0.05767531,0.008838004,0.028764054,0.042426437,0.0012253996,0.01088412,-0.004921768,-0.08461319,-0.016784282,-0.018848095,-0.1251429,-0.038359,0.0033788965,0.013742255,0.048885055,-0.0034372741,-0.035639074,0.011750144,0.057906687,0.0028758068,-0.025820099,0.032009654,-0.028483799,0.033729855,0.058494333,-0.002298791,0.026508005,0.005463072,-0.048842173,-0.03164187,-0.0020588585,0.014300324,-0.009188838,0.09393714,0.05289303,0.021810642,-0.013281778,0.05183311,-0.047547843,-0.05853314,0.071434066,0.022915378,0.018698316,-0.007387965,-0.005821826,0.010560633,0.0018662168,0.052341815,-0.029132005,0.052243542,-0.014367601,0.010702342,-0.09681983,0.12649241,-0.003230907,0.050179422,0.035574093,0.016866138,-0.0039138645,0.027930085,0.0064820354,-0.005622561,-0.014941899,-0.039193075,-0.030002473,-0.030306246,-0.017818248,0.00061016344,0.020260459,0.010427067,0.03783829,0.04283784,-0.035004936,-0.02698422,0.05351012,-0.030835897,-0.005549157,0.05393863,-0.04795874,0.021587467,0.0609923,0.036796,0.002220856,0.055308934,0.06258126,0.03820348,0.017749216,111,8
-0.035720814,0.07080998,0.061789088,-0.050318897,0.020381903,0.019945929,0.019350562,-0.02597405,0.0020486591,0.024837729,-0.045823738,-0.015542539,0.021491114,-0.008582691,-0.04462546,-0.0042030625,-0.072136246,0.010158153,0.019456051,0.0094404295,-0.004819447,0.055058766,0.022179982,-0.023947943,0.010314465,0.027392415,-0.006098153,0.0019786605,-0.0128631685,-0.018140305,0.042215195,-0.046958752,-0.05259039,0.0066968934,0.05136702,-0.0068471725,0.044377677,-0.00501832,-0.0029706042,0.0027216831,0.078546606,-0.0067711994,-0.06736449,-0.0055139093,0.04467012,0.06558405,0.0043957625,0.044448048,-0.030227581,0.018192869,0.0014264025,0.0488013,-0.020753516,-0.02571374,0.006004583,0.0072890427,0.007541824,-0.023398906,-0.017052334,0.023603156,-0.072048604,0.0792108,0.009295234,-0.056489278,0.052670807,-0.0019029435,0.03773489,-0.006106982,0.011745535,0.031948194,0.0012026075,-0.040405,0.05198513,-0.0261004,0.01285518,0.004269849,0.034640767,-0.009825595,-0.03387276,-0.02789621,-0.012861801,0.08352636,0.031021755,-0.002823336,0.06468755,0.012099532,0.077391766,0.014075333,-0.0066922037,0.041570283,100,9
-0.02049762,0.06580066,0.057992782,-0.010719692,-0.027610835,0.0042890385,0.012321008,-0.020191725,-0.039211363,0.010517517,0.02827872,0.018239984,0.01590097,-0.036234543,-0.02232122,-0.0042763213,-0.014485448,-0.0021511689,-0.007973121,-0.019212361,0.0010271044,0.037242103,0.014698655,-0.046915248,0.076937854,-0.0082413,-0.0050108028,-0.030513972,0.009504145,-0.024263326,0.009646003,-0.005174717,-0.10776891,-0.024720857,0.05356955,-0.023162905,0.023056028,0.07791439,-0.022026923,-0.03868443,0.043987684,0.013095433,-0.031074623,0.007181952,-0.021397987,0.11510072,-0.008802204,0.049413383,-0.001837406,0.03424814,0.037906267,0.022637038,0.036345627,0.063706204,-0.01346449,-0.036159426,-0.052988075,0.036062058,-0.02430176,0.027850246,0.0010209996,-0.0037901876,-0.044078752,0.0027401382,0.020468866,-0.0045207404,0.00987818,0.047964986,-0.0027442593,0.00054597156,0.03956014,0.017628621,0.02267106,-0.022580888,0.014373758,-0.028868418,0.05032243,-0.08735549,-0.016655663,-0.01596954,0.016763888,0.00030507147,0.0036370233,0.00553036,-0.0016736649,0.07162151,-0.026836414,-0.04005897,0.011222084,0.05046805,101,10
0.0016696993,-0.014940793,0.05970208,-0.030851923,0.024979243,0.04978533,0.03201375,-0.032677133,0.061113738,0.009454573,-0.03371009,-0.0049664965,-0.010647437,-0.05105491,-0.055026203,-0.043708105,-0.046747614,0.018121526,0.016447868,-0.03148623,-0.028854745,0.06922699,0.051634755,-0.0123422295,0.050233286,-0.019076144,0.042766757,0.007856196,0.03801463,0.092341155,0.028860854,-0.039555542,0.01879577,0.0032951278,-0.0038738512,0.00555227,0.017749581,0.017438374,0.015502146,0.014631593,0.073397785,0.021388296,-0.042379953,0.053638555,0.04368668,0.077367045,0.0042392416,0.034185216,-0.026120747,0.0298637,0.05470002,0.01241233,0.019920748,0.010253466,-0.037370842,-0.06659202,0.03757821,-0.007809678,-0.026486814,0.024496758,-0.018490013,-0.008673707,0.061888747,-0.016641479,-0.03744749,-0.00093153305,0.019592848,-0.045356255,-0.06840008,0.03705992,-0.0069341436,0.011195097,0.04346281,0.052986365,0.0068346793,-0.0282867,-0.0014180783,0.009570833,-0.008435,-0.021431202,0.036159523,-0.03176456,0.14653292,0.0050533256,-0.017393393,0.048699882,0.022334814,-0.03726928,0.015159326,0.039062824,111,11
-0.06633314,0.033765703,0.069701,-0.074468896,0.016048893,-0.021863386,0.026059126,-0.020621348,0.039120704,-0.02120194,0.039743647,0.0038810815,0.0052385647,-0.071265966,-0.001399008,0.0015224884,0.0038598115,-0.005140323,-0.020131143,-0.005922988,0.035664342,-0.00878419,0.07081473,-0.020710258,0.07188075,0.05347477,0.0066359118,0.02114712,0.009728932,-0.00037950836,0.012920739,-0.013837399,-0.04419426,-0.009592367,0.03355917,-0.034968678,-0.008724686,0.056672387,0.018792111,-0.011555308,0.04334348,-0.012764856,-0.02222608,0.017178498,0.016209198,0.03394649,-0.0068019996,-0.03305965,0.050148822,-0.011499688,0.055745937,-0.027568115,0.0103745805,0.058467403,-0.0077372584,-0.0429765,0.101141796,-0.037382793,0.012374479,0.023173738,-0.04767601,0.042940326,0.07712401,0.008451741,0.0020265663,0.021279797,0.029509643,-0.04166816,0.024190009,0.03834199,-0.025048386,0.015182759,0.03513027,-0.052689064,-0.00486573,-0.01616833,0.04579423,0.049440205,-0.021198928,0.036163405,0.0068285055,-0.038951963,-0.011843422,0.08106963,-0.031139357,0.022492627,0.011573397,-0.022372797,0.048603177,0.0011391416,111,12
-0.030876242,0.050230272,0.06689036,-0.04311507,-0.044410363,0.06334992,0.02633781,0.0451009,0.023488235,0.002015045,-0.055899706,0.00828433,0.03189581,-0.02639227,0.015944185,0.053982742,-0.022856345,0.047711793,0.031018779,0.0007029092,-0.014664546,0.017354157,0.007678228,-0.046275876,0.06378157,-0.017517796,-0.050391734,0.07649088,-0.061580382,0.056380067,0.01447572,-0.028162824,-0.08969623,0.007890468,0.14185801,0.038333286,0.0726575,0.05492896,0.080942124,0.007224355,0.057432838,0.090370566,0.016864661,0.043798737,0.087232545,0.071031764,-0.03689651,0.036402203,-0.029672422,0.031569984,0.033627354,0.031753972,0.018452939,0.06097959,0.07863915,-0.04640088,0.007201217,-0.06758192,-0.006964024,0.021100523,-0.031081285,-0.011544885,0.015095182,0.03454195,0.003480724,-0.061785594,0.048984483,-0.011471683,0.035415635,0.057174593,0.03017649,-0.04410705,0.053404115,0.08392895,-0.0427865,0.03685728,0.016305683,0.09121387,-0.019517045,0.026687047,-0.01423017,0.022810612,-0.0008821804,-0.099109456,0.019881424,-0.006141003,0.013444157,-0.06628102,0.008929223,0.0345855,113,13
-0.001679336,0.03060779,0.09592716,-0.05630289,0.011837009,0.023731457,-0.06765882,0.0367664,-0.007321628,0.06450162,0.0473714,0.028755203,-0.06086419,-0.010332197,-0.00048955064,-0.02883268,-0.018880086,0.037543207,-0.012023224,0.050315987,-0.019310772,0.08683155,0.011043876,-0.0135739315,0.018777292,0.020871596,0.019496989,-0.067164116,0.021713272,0.09663795,0.036384944,-0.026329145,-0.0109795835,-0.018484903,0.017769203,0.04165652,0.020813588,-0.015285809,-0.005332358,0.0042665834,0.005379908,0.007136762,-0.013783656,0.11066937,0.041079722,0.057397723,-0.03342753,-0.030098995,-0.004789052,0.03196724,0.096997336,-0.023923561,-0.027412092,-0.0023914017,-0.010901544,0.0016298909,0.030440427,0.011986498,0.034392305,0.03837253,0.034657493,-0.0074546784,0.050526775,0.048583265,-0.017567758,-0.09839108,-0.010530239,-0.012227873,-0.054173686,0.027520025,0.041337773,-0.020763796,-0.018962698,0.025964286,0.0039471965,-0.013115253,0.079984285,0.023690354,0.050013985,-0.04140493,0.031329542,0.03406647,-0.0053383224,0.03843362,0.023953859,-0.012529826,0.07320994,0.00046635792,0.036592852,0.002790898,108,14
-0.008657715,-0.012363173,0.05661035,-0.059564956,0.060160633,0.03289602,0.042217348,0.03152545,0.026483828,0.028492484,0.014076864,0.034285124,-0.035880454,-0.015267275,0.05515939,-0.012706006,0.010166361,0.0042705983,0.015292089,-0.028455231,0.027458927,0.039215554,0.012674852,-0.056354597,0.029841872,0.049798336,-0.077506855,0.050581217,0.030721065,-0.052714873,-0.0036685914,-0.06312786,3.212504e-05,-0.036398485,0.10575111,0.0142533295,0.018894706,0.025503075,0.03700827,-0.019154176,0.028163256,-0.0018832497,0.003870476,0.09944462,0.018271768,0.034819573,-0.044144217,-0.0017647492,-0.030832766,0.01802877,0.023424238,0.0021711797,-0.016645564,0.04399363,0.07366346,-0.009054562,0.010406796,-0.018175365,0.022116704,-0.0011116527,0.0065671857,0.002352547,0.03725817,-0.009053348,-0.04673828,-0.060631916,0.0144117605,-0.037658796,0.0030959845,0.013140017,0.02548404,0.012846704,-0.013032289,-0.01935203,-0.0062847743,-0.027062897,0.044456936,0.020873526,-0.039402295,0.011789687,-0.029447012,0.0021933522,0.040955983,0.0021089558,0.036574103,0.024072327,0.0032910332,0.039596647,-0.04669415,0.02015477,114,15
-0.0153279435,0.012264717,0.0077678096,-0.043634742,0.02273016,0.089731246,0.017537396,-0.07013966,0.020961603,-0.026002891,-0.010145435,0.04330211,0.01358605,-0.04873984,-0.01817216,-0.0022242852,0.04045295,-0.035713024,-0.030792065,0.013548446,-0.025118625,-0.037307248,-0.018226406,-0.045410447,-0.020055346,0.033081427,0.018076487,-0.009288135,0.0558782,0.008188855,0.038874388,-0.018064128,-0.03142289,0.023464976,0.028114881,0.05746395,0.040819686,-0.0037135296,0.027384158,0.013504556,0.028280374,-0.0027632639,-0.011664322,-0.014212313,0.04028806,0.020032547,-0.06897454,-0.007633537,0.013498364,0.024375819,0.0820038,0.028601749,-0.021187985,0.08268418,0.040353466,-0.03575483,0.08937183,-0.042688765,0.00080129877,0.024216596,-0.008946242,0.019226657,0.0263468,-0.039416425,0.003796313,0.011332728,0.049070925,-0.030694686,-0.0283849,0.0036905697,0.043371744,0.030105188,0.014951989,0.003802984,-0.025028452,-0.042723548,0.06737347,-0.002092488,0.04759314,-0.026843242,0.054963905,0.030599149,-0.008893283,-0.08136009,0.043298565,0.048451852,0.006159283,-0.0120676,-0.01811409,0.08363578,107,16
0.012703724,0.01982158,-0.056255177,-0.062361516,0.014651338,0.0424569,-0.010426788,0.017735738,0.017497068,0.028602488,0.031356514,0.029733347,-0.028971238,-0.011062063,-0.07584483,0.038466968,-0.012494592,0.02500121,-0.005401487,-0.019515814,-0.07358658,0.03515868,0.04455712,-0.019259633,0.030029302,0.020611899,-0.062860794,-0.013880658,-0.0037212018,-0.007701589,0.052545607,-0.015833473,-0.055267207,0.035970967,0.020275496,-0.023056913,0.0015249588,0.031197172,-0.026545923,-0.03254325,0.10365972,0.05252657,-0.00759675,0.05260584,0.008920133,0.113419294,-0.0468529,0.059558474,0.028413175,-0.021572549,0.115385205,-0.0531312,-0.0017780163,0.05896154,-0.043606196,0.0064868517,0.06557686,-0.08521063,0.013798019,-0.057089604,-0.0039044172,0.031435892,0.02194002,-0.022041615,0.016500875,-0.047890436,0.06750842,-0.040285166,0.065370455,0.0025813854,0.010665043,0.008171719,0.020267727,0.009359616,0.023439508,0.034165494,0.008758548,0.037522595,0.0050458293,-0.023207085,-0.04253721,-0.00021753088,0.022238474,-0.0068149157,-0.003777394,-0.0497137,0.019613959,0.05992473,0.018166812,0.00447065,108,17
-0.020134706,0.026237471,0.060309976,-0.023236662,0.011193462,0.017636033,-0.011319712,-0.008055882,-0.022022957,0.051694706,-0.0064828526,-0.009860322,0.005635634,-0.048989616,-0.022248868,-0.03716109,-0.03036002,-0.03466539,0.025152601,-0.051341414,-0.04006937,0.061127793,0.038805462,-0.06538759,0.033592127,0.008366824,-0.014182197,0.13776766,0.036249127,0.005470982,0.026190989,-0.039685536,-0.04164157,0.000808691,0.019944515,-0.027213577,0.037647605,0.054367363,-1.1688098e-05,-0.051507644,0.09142898,0.017320683,-0.00778261,0.0016761832,0.01655759,0.079854846,-0.003115017,0.00933388,-0.025268009,-0.04432276,0.052106813,-0.008299543,-0.020424765,-0.0019988678,0.09367272,-0.053019926,0.058212567,-0.08349013,0.061296493,-0.0072837733,-0.023272466,-0.0033876998,0.018732538,-0.04428552,-0.03717908,0.01436476,-0.0063850265,0.025214884,-0.03391418,0.025623556,-0.016028274,0.025659002,0.044292565,0.06236671,-0.022545569,0.0035682763,0.035725664,-0.02297454,-0.031076953,0.007354475,0.009085505,-0.010139553,0.0023481427,0.092854865,0.009795624,0.1099587,0.017047975,0.049481727,0.018902509,0.054314494,112,18
-0.031229667,0.009285109,0.046738636,-0.03652534,0.0125234155,0.01759188,-0.009992687,-0.013762656,-0.0050324574,-0.005162103,0.049126897,0.016924797,0.008823335,-0.058737103,-0.018989386,0.024259223,-0.022509411,-0.009149732,0.0059269955,-0.021082612,-0.02423767,0.059870712,0.042534918,-0.01705246,0.03455723,0.06507551,-0.06047654,0.01667044,0.028640948,0.045959942,0.020882633,-0.028515927,-0.0011314377,0.021468014,0.09329874,0.0018066806,0.068453714,0.015444197,0.022459466,-0.01933876,0.012035247,0.076673664,-0.046093497,0.0215747,0.039275892,0.083610766,0.010115478,0.0017287331,0.036941417,-0.06261243,0.015054524,-0.005333977,-0.049414616,0.04860051,-0.00974432,-0.04513662,0.030620113,-0.10327041,0.00039336458,0.044223163,-0.025588194,0.05803151,0.049787603,0.038441572,-0.07889108,0.022263572,0.062065937,-0.04918071,-0.052527033,0.010690303,-0.018499408,-0.049660057,-0.023298277,0.0018399348,0.04770018,0.001671964,0.020246994,0.057725497,-0.006595677,-0.009756612,-0.0035418635,-0.019015808,0.01740964,0.0003534304,0.021082267,-0.005249409,0.01814695,0.005923065,-0.046428725,0.0073363483,114,19
-0.013755977,0.030635003,0.01718589,-0.05601973,0.016166832,0.042393133,-0.028697899,-0.025127333,0.02938367,0.031617414,0.044791453,-0.0021808073,-0.055143695,-0.04153173,0.07019257,-0.044100836,0.0378853,0.02893183,0.0009610867,0.05529235,-0.034066185,0.009814497,0.067208774,0.018472604,0.075702436,0.022867084,-0.019460991,-0.05431706,-0.0030164756,0.032255433,0.043654475,-0.030731307,-0.067225486,-0.0077344696,-0.0047142357,-0.008257504,0.06271808,0.010281936,0.013047648,0.017595481,0.065962076,0.12681453,0.022290416,0.017681792,0.022942245,0.09281109,-0.0005566175,-0.021459838,0.01667523,0.031940456,0.027715016,-0.0101893395,0.049932946,-0.01395678,-0.0074160006,-0.031700894,0.029733712,-0.040953014,0.0633024,0.012107333,-0.04358498,-0.01715324,-0.04391765,0.03514557,0.078722745,-0.014628298,-0.030364927,-0.048982725,4.92502e-05,-0.017121324,0.031997584,0.04251544,0.019957097,-0.026337866,-0.0015404661,0.003007467,0.026393387,0.087404355,0.033247247,-0.051042773,-0.019060623,0.05468166,0.043070994,-0.037896886,-0.007932667,0.024769023,0.07358141,0.07691887,0.012509285,0.052619092,103,20
-0.047409043,-0.025238102,0.061094873,-0.013773652,-0.007613281,0.07858047,0.0043189316,-0.019273248,0.010067092,-0.0006015962,-0.025052395,-0.042437788,-0.020230116,-0.07090445,-0.042700756,-0.063780785,0.00886545,-0.02984864,0.02606149,0.01991378,-0.008741561,0.044695646,-0.022241464,0.012531493,0.070675865,0.0529937,-0.013093657,0.043425653,0.03814769,0.012144913,0.05390192,-0.0359434,0.021631062,0.043716893,0.057319656,0.004475879,0.10022068,0.0835596,0.043724194,-0.01644826,-0.0067023784,0.04255937,-0.02886499,-0.050637923,0.0405591,0.08870481,-0.007152639,0.011702953,-0.065739624,-0.020297123,0.08571832,0.06399833,0.016564323,0.05149965,0.022807911,0.0103143845,0.08922375,-0.00647201,0.039024547,-0.0140656,-0.03652623,0.037283786,-0.04372305,-0.012089035,-0.03489326,0.017208919,-0.012770761,0.020311553,0.08118628,0.036892228,0.07262107,-0.00084118417,0.05998738,0.022764646,-0.012886718,0.02122363,-0.0135241505,0.06839603,0.019689888,-0.029381383,-0.008341612,0.046428658,-0.027168067,0.013822256,0.057643704,0.05183102,0.047058903,-0.017714381,-0.037718154,0.039471723,100,21
-0.012081321,-0.016241174,-0.0060775504,-0.019830367,0.039436076,0.018711971,0.042665575,0.028316919,-0.021610705,-0.027465338,-0.060368214,0.052258354,-0.009962531,-0.08009092,0.028094646,-0.005333478,0.008637869,0.005451344,-0.003648486,-0.040829778,0.0057792417,0.01469337,0.0318532,-0.07988551,0.051439688,0.04871298,0.047179982,0.049784634,0.03807149,0.041169837,-0.006890068,-0.034517076,-0.016066868,-0.0022555105,0.0586808,0.028783523,0.05567686,0.029823236,-0.016391236,-0.02006065,0.070580676,0.040975142,-0.020011455,-0.010150913,0.056099556,0.09932797,-0.005180236,5.303882e-06,-0.0025276789,-0.05217965,0.13190071,-0.011115845,0.06106241,-0.0018027462,0.034368597,-0.02621384,0.13534784,-0.11186759,0.050958015,0.005818055,-0.051258773,0.029815126,0.01845731,0.017602826,-0.03840831,-0.03957875,0.09272756,-0.056126207,0.021233026,-0.0025054878,0.008484912,-0.029598832,0.017416086,-0.0016311109,-0.02378601,-0.024381079,0.034876995,0.09641129,-0.013432557,0.040595062,0.021613955,0.010031809,0.052897945,0.008744284,0.031528126,0.038906317,0.048398796,-0.0056938976,-0.05043898,0.04122344,114,22
-0.036152568,0.033098664,-0.005152393,-0.034945734,0.0025538364,0.033303384,0.019208254,-0.010623549,0.0038047493,0.05129224,0.021649886,0.017157268,-0.037535675,-0.075300984,-0.04133076,-0.01663077,0.01370821,0.07459711,-0.01007222,0.020838223,0.0250574,-0.0338891,-0.053664833,-0.051220085,0.052980915,0.004861204,0.006152913,0.07247677,0.042681288,0.03534651,-0.0048896,-0.015155222,-0.016093481,0.005183752,0.10602582,-0.017456198,0.043579396,0.038089715,0.02239886,0.004206405,0.0992689,0.06679985,-0.06912781,0.04048474,0.063058846,-0.043226108,0.022772597,0.059833385,-0.029403877,-0.04996669,0.06077546,-0.030535901,0.07812664,0.04936701,-0.01631618,-0.0042734984,0.094752,-0.035352197,0.08289702,0.0029429877,0.022184676,-0.003017459,-0.03616828,0.024902044,-0.047041044,-0.056797773,-8.47606e-05,0.011207592,-0.055440582,-0.031638056,-0.040803242,0.0066139437,0.041366532,0.004432125,0.0021325545,-0.02438647,-0.019601813,-0.014886025,0.01669488,0.05990074,-0.004475507,0.007996445,0.04124171,-0.001370471,0.07722737,0.0973846,0.045233216,0.06108709,0.020076632,0.050008465,106,23
0.0073515694,-0.019556196,0.0005414374,-0.034692556,0.04474768,0.028102627,0.034996662,0.020042744,0.038032793,-0.064244136,-0.016310723,0.027433904,0.03021529,-0.070705056,0.025007715,0.003271915,0.014159124,-0.019310439,0.025095917,0.0037208707,0.011467209,0.0050909836,0.025843773,-0.10605027,0.0532756,0.015029399,-0.07329705,0.049900092,-0.00920043,-0.04634515,-0.006478578,-0.018356573,-0.022616902,-0.017728604,0.1337752,-0.003353648,0.062420256,0.019583661,0.0049959105,-0.0028194129,-0.028176986,0.04893162,-0.011962604,0.011846608,0.009196499,0.089228585,-0.0021654866,0.032050334,-0.055792056,0.01358944,0.09469801,0.013426542,-0.030109074,0.0509772,0.05980062,-0.02039757,0.07832502,0.03721876,0.016164541,0.031383164,-0.060400747,-0.03866828,-0.028163984,-0.034892093,-0.082293555,-0.014106985,-0.040021442,-0.012963681,0.049928576,0.06917993,-0.012682367,-0.008341454,-0.031001793,-0.008730071,-0.02296966,0.05000888,0.038826752,-0.052534,-0.047419094,0.044726003,-0.013936136,0.020383181,-0.0199813,0.00788484,0.0018196646,-0.0033931937,0.007289946,0.036787827,0.03125336,-0.0010870323,112,24
0.00030496344,0.055438735,-0.0048060715,-0.074908294,-0.013328634,0.03624708,0.04388214,0.038062304,-0.01828563,0.043503154,-0.00038297148,0.045203183,0.0036342703,-0.022748739,-0.008193579,-0.0477904,0.025186326,-0.01472188,0.010594169,-0.00012172945,-0.058256343,-0.048593238,-0.007781366,-0.05936975,0.048678692,0.07174214,-0.0130346995,-0.00018667197,-0.046773255,0.045655392,-0.030479556,-0.05891402,-0.017870756,0.09585851,-0.056957163,-0.013803529,0.027702555,0.06919473,0.05278897,-0.07580423,0.07224657,0.034437075,-0.026631912,-0.022257108,0.051204845,-0.032732617,0.026725959,0.07377947,-0.0077282684,-0.032463543,0.07858631,0.044483736,0.012546818,0.031794462,-0.008372948,-0.019687146,0.084925234,-0.01008093,0.0057025533,-0.04354137,0.00539246,0.019101435,0.03759862,-0.006078217,-0.04170457,-0.078131676,-0.010973727,0.033562552,-0.012123042,0.011132664,0.047638416,0.033941157,0.0011189599,0.005858898,-0.011239173,-0.010293675,0.04223924,-0.0044875704,-0.019230984,-0.024963727,0.021719344,-0.03125273,0.051943064,0.020531464,-0.015481776,0.05666552,0.022346742,0.043706365,-0.0011639996,0.032241628,105,25
-0.030467276,0.04275691,0.06657506,-0.012591114,0.028737098,0.053042866,-0.015114684,-0.03084042,-0.02710185,-0.049891826,-0.02036879,0.043056216,-0.018856721,-0.07319317,0.079591334,-0.08688141,-0.02801711,-0.008897273,-0.02341057,0.019350717,-0.01789579,0.027625635,-0.0023866966,-0.021811124,0.10327615,0.08826095,-0.036030695,-0.063901514,0.02843764,-0.0048037246,0.023733089,-0.071664646,-0.042480186,-0.013437668,0.11550431,-0.0049414,-0.011984371,0.0325016,0.048541702,-0.018486895,-0.00219829,0.09029426,-0.041766953,0.004576696,0.042016294,0.080815785,-0.03670962,-0.00590068,0.06098973,0.030942276,0.06266989,-0.037938297,-0.03617881,0.004382588,0.011181327,-0.04295972,0.07642484,-0.10560921,0.022137405,-0.023926027,-0.040580973,0.03060083,0.025468387,-0.06467361,-0.059997205,-0.02251959,-0.045302816,0.009358026,-0.040175706,0.0019601977,0.008189945,0.0041678897,0.042694904,0.021600856,-0.016425617,-0.07237837,0.016836239,-0.061387092,0.005231643,0.013271278,0.04464712,0.032144506,-0.007977815,0.032494325,0.017067593,0.033610597,0.03963396,0.019325688,0.015111736,0.06607065,105,26
0.0063341307,-0.027508987,0.046810497,-0.016112978,-0.0054215193,0.07228099,-0.021250417,-0.036423698,0.04784316,-0.00083384756,0.031364333,0.02234158,-0.035228144,-0.046993952,0.01064495,-0.004540147,0.03585484,0.025850901,-0.03003601,0.031548843,-0.0072839605,0.0042139664,0.049538516,-0.019683966,0.06707112,-0.009936513,0.0059704278,-0.0039687203,0.025461955,0.05493847,0.055489894,-0.01798739,-0.056882966,-0.0003146609,0.13566215,-0.002719731,0.0085584745,0.034080703,0.041427046,-0.07386903,0.10615352,-0.05314244,-0.024770366,0.04494197,0.021067388,-0.03302195,0.034136597,0.048553877,0.044982947,-0.00958804,0.08699418,0.00081843697,0.046818007,0.040877305,0.06413688,-0.04584886,0.10455548,-0.011847671,0.056366865,-0.021008998,-0.010894968,0.024431475,0.024374459,0.0025532069,0.029493254,-0.028768785,0.06459269,-0.040836625,0.011104159,0.024232846,0.042471975,0.0056145797,-0.050488934,-0.0635733,-0.008657802,-0.02853261,-0.01688346,0.07380511,0.03864596,0.046830244,-0.045997277,-0.0024610814,0.041922655,-0.013212258,0.04078869,0.031041395,0.012921313,-0.023126375,0.0071147205,0.03488806,109,27
0.026613258,0.04266523,0.08714328,-0.065182365,-0.003940357,0.024456106,0.021062389,0.02800408,0.046122104,-0.038979646,0.015875671,0.0027882857,-0.013181251,-0.06885271,-0.010653126,-0.03185878,0.03752935,0.04539396,0.008489614,0.0028542539,0.05342502,0.10343899,-0.022567978,-0.027638504,-0.003287334,0.0073454957,-0.04423698,-0.019435674,-0.0066027828,0.041379727,-0.0011436176,-0.048488494,-0.06509867,0.011402731,0.09490511,0.026452888,0.016739687,0.07718461,0.0101769585,-0.014017061,0.023065615,-0.0032381862,-0.07661542,-0.0060487743,0.015839253,0.030900208,-0.06810486,-0.020913241,-0.057665586,-0.020605367,0.018144734,-0.022864472,-0.042357687,-0.008838022,0.032282826,-0.024884837,0.06347752,-0.0033752583,0.056048,0.021143263,-0.052168228,0.05699094,0.030824386,-0.018205132,0.052278668,-0.061407525,0.0040556164,-0.03442416,-0.066206366,0.05029363,-0.0037775561,-0.012837394,0.0041259937,0.021248087,-0.009669466,0.029743329,0.0013486166,0.057050083,-0.01647471,-0.046651084,0.018728629,-0.026912384,0.038982145,-0.019573279,0.005990878,0.031228455,0.021941943,-0.01085838,0.013579843,0.045499913,108,28
-0.07687265,-0.007432882,-0.024821095,-0.11235047,-0.018651122,0.03206201,-0.032997325,-0.054479744,0.021507926,-0.010563651,0.013357074,0.03645458,-0.008477746,-0.053028073,0.00040987355,-0.022395886,0.026935697,-0.009876547,-0.017188758,-0.060341403,0.032132074,0.04240206,0.023745004,-0.005214799,0.011179473,0.019813024,-0.010970404,0.013010314,-0.009561567,0.03150396,0.0342723,-0.0818048,-0.066428535,-0.017764471,0.0153925195,0.04384752,0.036403418,0.02889859,-0.008533042,-0.03934461,0.06919935,-0.009179745,-0.03673751,0.061988972,0.033750746,-0.011161078,-0.008680978,-0.03601642,-0.012938624,-0.016420059,0.109350756,-0.043117754,0.015589297,-0.050128877,-0.011217495,-0.016414404,0.047196425,-0.08022756,-0.0038294606,0.08394947,-0.032505944,0.012075823,0.0033227606,0.019452251,0.01852411,-0.012527177,0.009474025,-0.0013157167,0.0045256466,0.013408017,-0.003242338,0.0014848445,-0.015228884,0.028211836,0.021125758,-0.0077990093,0.045007687,0.0042854343,-0.01613323,-0.011643469,0.013147251,0.05446716,-0.012761923,0.011116016,-0.025868354,0.06327581,0.010631166,0.031333823,-0.0086778,0.037327487,110,29
0.048538405,-0.03432388,0.023885507,-0.012797363,0.012374804,0.032830954,0.030101722,0.006321148,0.034277737,-0.0020785772,0.04889824,-0.060548123,-0.013945298,-0.022468578,-0.03864671,-0.035373166,0.038084075,0.02004115,-0.0052055568,-0.042526565,-0.028219154,0.036417566,0.06691391,-0.06155858,-0.028666187,0.005083164,-0.037535913,-0.039131597,0.011651829,0.02482841,0.038358275,-0.009961627,-0.052255824,-0.018006932,0.062754676,0.005926461,0.083934255,0.06437013,0.044855826,-0.052744217,0.019374516,0.060006782,-0.017494733,0.049444385,-0.022265581,0.067618094,0.008392244,-0.025536092,0.043086067,-0.011525735,0.026775636,0.06789903,0.056373436,-0.00053669326,0.005606681,-0.024837429,0.07665915,-0.046352096,0.016946975,0.027586807,-2.9280782e-05,-0.023987837,0.020223573,-0.058147635,-0.027212953,0.028838012,0.013342511,-0.060767062,0.02869514,-0.020820761,0.030299209,0.059595536,0.009702615,-0.0065771155,-0.040930763,0.04673442,0.006048673,0.049110025,0.007236382,-0.0052463366,0.030856363,0.028011398,0.033348687,0.007917304,0.009942082,0.04235902,0.049860764,-0.004419608,0.041892003,0.063442625,110,30
-0.016306104,-0.025515364,0.034031212,-0.10520323,-0.04717648,0.011771873,-0.03910826,-0.0015559178,0.046837628,-0.012749213,-0.008595638,-0.013045864,-0.0436555,-0.059937607,0.020383883,0.011285447,-0.008718836,0.059908792,0.0029466324,-0.009115046,-0.01089672,0.004867293,0.08767538,-0.061809447,0.025906857,0.00640532,-0.002248873,-0.038512908,0.077105045,-0.060541805,0.07062449,-0.024457611,-0.012049094,0.07965934,0.055639483,0.0051587047,0.0783065,0.05757366,0.037308995,-0.026840925,0.020078056,-0.014371544,-0.0020936318,0.035405405,0.05282364,0.029554604,-0.011520754,0.036394164,0.034885384,0.008435,0.08201009,0.022612615,-0.0102771185,0.046575837,0.029314078,0.0004695803,0.08605684,-0.076390445,0.047424436,-0.0025625955,0.02238047,0.032054722,0.021134911,-0.031585395,-0.019540677,-0.04336234,0.051979948,-0.05166666,0.034408677,-0.025884546,-0.011057626,0.03868319,0.03198362,0.007222618,0.032139055,-0.040904924,-0.03637691,0.058852397,-0.04212723,-0.0032047015,0.021089029,0.030055176,0.052559286,0.039728835,0.014751039,-0.011057636,-0.017855681,-0.024221871,-0.036824185,0.035249203,112,31
0.0006509265,0.036941435,0.05259222,-0.041965432,0.0041362373,0.06456744,-0.023132963,-0.009928761,0.010249877,-0.019657327,-0.016460383,-0.00109044,-0.008718487,-0.11330177,0.003425425,-0.03878228,0.016386708,-0.008872446,0.0007091311,0.033942834,0.011123113,0.06276418,0.023458246,-0.040311545,0.034541804,-0.0006615855,0.009306031,-0.02347225,-0.011133848,0.032646313,0.065496966,-0.029953267,-0.055851363,0.031623088,0.043192834,-0.02194105,0.08012983,0.036784433,0.044234686,0.032550327,0.13247079,0.023460027,-0.033704344,0.035757285,0.05310069,0.06276051,0.0056248605,-0.037896246,-0.040638484,-0.016720738,0.05837304,0.030347519,0.018404722,0.0033087134,0.038547132,-0.055876732,0.081679694,-0.02568867,0.047724433,0.026843991,-0.012850631,0.007051125,-0.00096709374,0.024967626,-0.016239354,-0.05639351,0.05225373,0.0017227102,0.023192268,-0.033063877,0.011379047,0.015343225,0.021927666,0.0107448725,-0.034940667,0.052608836,0.07080707,0.034436867,-0.027718477,0.026406387,0.00052592345,0.03832662,0.022590699,-0.017911796,-0.0007708445,0.030730603,0.007166909,-0.055105135,-0.0131530715,0.043218646,107,32
-0.0025607962,0.0005640192,0.019898716,-0.028289199,0.030829102,0.048360504,0.024200989,-0.020303339,0.022287397,-0.026149198,0.006708706,0.08836231,-0.0073590586,-0.088201955,0.051445644,-0.030443992,0.022964172,0.06117151,-0.013832167,-0.03112879,0.018133845,0.00012344308,0.014583575,0.0052624736,0.038252477,-0.008789549,-0.005591456,0.051198103,0.03411338,0.07434307,0.023446761,-0.038276467,-0.06981335,-0.007993903,-0.023821652,0.02738775,-0.015218336,0.04034726,-0.020056345,-0.0014662873,0.1310061,0.070278935,-0.07943323,0.056679595,0.013596654,0.04542473,0.00073975045,-0.021509236,-0.009429303,-0.026977662,0.11938001,-0.019197544,0.033852912,0.04842855,-0.0050236154,-0.024542082,0.036810033,-0.04529978,-0.00041366555,-0.03994572,0.0029761363,-0.013681047,0.011933727,0.053308055,0.10939899,-0.067719765,-0.013062295,0.019487474,-0.07991643,-0.023062285,-0.005479073,-0.017770844,-0.014086058,0.049023345,-0.055299737,0.018159155,0.05946175,-0.02094356,-0.014008323,-0.024457749,0.010305269,-0.013232278,-0.04736682,-0.026258493,-0.009240216,0.015763626,0.011956027,-0.04653086,0.011334056,0.036465038,113,33
-0.037022762,0.027867945,0.06615216,-0.039869647,0.032375075,0.034894943,0.00096909795,0.03815222,0.068123065,0.0075224624,-0.013838619,0.0045217173,-0.039849795,-0.048155643,0.014362354,-0.00032468233,0.058191728,0.028380163,-0.013002114,0.0052181454,0.011233529,0.01628036,0.014046825,0.00052606314,0.050608836,0.017176174,-0.020884633,-0.023576707,-0.018973207,0.006133872,0.01405402,0.0023327395,-0.05210849,0.01833097,0.01719229,-0.018401477,0.022751603,0.000107333064,0.020451244,-0.013588575,0.010482475,-0.048037764,-0.082681924,-0.041504435,0.057382077,0.16153024,-0.009948776,0.094643936,0.0104929665,-0.016358554,0.104600206,-0.03217477,0.019303668,0.057018697,0.03684225,0.012363363,0.08528161,-0.037911367,0.08063553,-0.007724258,0.005039947,0.07384166,0.09528647,-0.002907677,0.008251032,-0.028793931,0.003830663,-0.053399786,0.005169373,0.014924193,-0.013967518,0.010292774,0.047360267,0.067224964,0.018500328,-0.05512678,0.06909825,0.081273764,0.035656746,0.02102218,0.02679734,0.016293462,-0.013932509,0.030156009,0.020746652,0.012471458,0.027290767,0.055561166,-0.015548595,0.045700345,106,34
0.018583383,0.06376413,0.07618131,-0.0857212,0.0068930127,0.08747532,0.03484451,0.053783894,0.00566758,-0.045939922,-0.036007244,-0.011154515,-0.057498265,-0.06496764,0.01449121,0.058244936,0.011401654,0.0368349,-0.02909306,-0.011890894,0.013323788,0.04608483,0.00023439899,-0.0014260653,0.05329303,0.045022633,-0.005213474,-0.039824232,0.05426924,0.00631411,0.05810301,-0.046615656,0.0021703728,0.007418536,0.06577706,0.02120648,0.016948864,-0.0035715215,0.00730699,0.05699568,0.0891522,0.06509953,-0.107799105,0.058317825,0.08527209,-0.00022141263,0.0671145,0.040035225,0.0025477915,-0.05249291,0.044896618,0.041145615,0.029145634,0.01597149,0.005004626,-0.015292788,0.11263626,-0.008143162,-0.044423267,0.0020179525,-0.028861068,-0.00998185,0.048639882,0.046649694,0.017448764,-5.2616e-05,-0.0071400907,-0.049143218,-0.028047793,-0.026903924,0.060900744,-0.013487816,0.033347763,0.039425753,-0.018101731,-0.027399145,0.01251666,0.05258696,-0.01521266,0.018483175,-0.0062414445,0.004397737,-0.0071351677,-0.026591996,0.052537225,0.023554415,-0.022257041,0.014904911,0.0057230094,0.06551828,112,35
-0.06022682,-0.00501483,0.02339058,-0.025740162,0.011276038,-0.0037315935,-0.02890922,-0.012139708,-0.0040652025,0.040442098,-0.05488116,-0.031778786,-0.0020859968,-0.032365546,-0.07579988,0.038986605,-0.030830074,-0.014840929,0.001095234,0.03517246,0.021908259,0.01247258,-0.014557576,-0.028949432,0.016789155,0.04248769,-0.010208332,-0.0024058418,0.05072411,0.026837772,0.023125907,-0.06898584,-0.03923804,0.028674964,-0.018553033,-0.036267236,0.044297684,0.060262837,0.09549455,-0.0077345925,0.018112859,0.03056548,-0.04945281,0.035810955,0.08603502,0.027675413,0.053524658,0.003842608,-0.0034931507,-0.039813202,0.047751665,-0.0021831654,-0.005584564,-0.019917795,0.020239651,-0.005111847,0.062475406,-0.02974889,0.02311678,0.0030634208,-0.0338903,0.005781166,0.043542728,0.0575094,-0.06571654,-0.02128592,-0.015781015,-0.032398187,-0.04784949,0.06596272,-0.016260337,0.0031307754,-0.022103904,0.0011434201,0.002719542,0.063259594,-0.00028243568,0.08758871,-0.05227537,-0.0456274,-0.0033627078,0.027091797,0.033308763,0.015573519,-0.017797934,0.026067756,0.030213356,-0.021281395,-0.0012016026,0.010236554,109,36
-0.038948026,0.008356679,0.094840586,-0.05815816,0.003650763,0.10084243,-0.032302592,0.006685123,0.027735516,-0.019566797,-0.015542142,0.018501833,-0.036781266,-0.06529979,-0.04113575,-0.021593818,-0.05631434,0.037039045,-0.029497404,-0.09946138,0.063372776,0.022095498,0.019192092,-0.060154486,0.02257263,-0.004136,0.007212895,-0.011872425,0.0709485,0.010078536,0.067582294,-0.034712844,-0.04425458,-0.012874961,0.03255161,0.0006597745,0.021602692,0.009185009,0.036032327,0.0033549133,0.012071967,0.0411556,-0.029601928,0.047644116,0.031985223,0.02483726,0.021663627,-0.020142803,0.034146592,-0.04940367,0.06750102,-0.09161598,-0.026730128,0.026331518,0.02051581,-0.0046688635,0.06914966,0.012044463,0.022508502,0.013184003,-0.029670475,-0.009474231,0.012792387,-0.011366863,0.033098765,0.040848386,0.0067209825,-0.019088827,-0.07746286,0.032541107,-0.020278301,-0.022130927,0.04307887,0.023588207,-0.020237455,-0.032706324,0.05954983,0.012257926,-0.012155052,0.08128201,0.025755946,0.010413273,0.017983245,-0.054503977,-0.01664898,0.072925486,-0.08260642,0.015264049,0.009212103,0.043692257,114,37
0.034075256,-0.03780566,0.06348373,-0.007810943,0.02719968,-0.003864523,0.07814212,0.022777192,-0.025579577,-0.08090823,-0.020365076,0.0062914984,-0.09485996,-0.08014177,-0.022233075,-0.03926786,-0.060592264,0.01981965,0.03911084,0.017649777,-0.0039809314,0.03560822,0.020521952,-0.019614924,0.010784272,-0.006997425,0.013992188,-0.023525551,0.02465691,0.015108032,0.02969211,-0.03896284,-0.022758517,-0.01364021,0.019033227,0.05484204,0.033390652,0.036401022,0.031268265,-0.018795138,0.03714381,0.053957343,-0.050522126,0.113174826,0.04361601,0.07718964,-0.0012051668,0.0006496925,0.0398449,-0.011541971,0.026575465,-0.022092357,0.0016453043,0.006642651,0.014573761,-0.017309992,0.033965677,-0.118965626,-0.013659041,0.065579295,-0.042730927,-0.038347166,0.057825144,-0.013275855,0.05550317,-0.08456609,0.015346676,-0.07796443,-0.060511988,0.033250194,0.0162387,-0.027217317,0.044829197,0.055544637,-0.06356201,-0.026752986,0.0117139295,0.030499913,0.024569422,0.052923635,0.022056485,-0.040635124,-0.0039943866,0.0443374,0.06406506,0.022147454,0.021463417,0.025205046,-0.04555769,0.085378125,112,38
-0.07299154,0.0063230265,0.059321985,-0.012424706,0.02909345,0.050295915,-0.013506485,-0.07354682,0.023013242,0.011325523,0.036552425,-0.032819282,-0.04718893,-0.06491966,-0.01588907,-0.039157875,-0.018596282,0.056063816,0.06296527,0.05035378,-0.016320996,-0.015481185,0.021700986,-0.024676878,0.054976113,0.03913926,0.009767293,0.028297242,0.05853731,-0.005704674,0.026398033,-0.037415195,0.023564152,-0.014848441,0.054290414,0.02101502,0.0075027384,-0.011039082,0.005240079,0.008171609,0.12798901,0.015571972,-0.04702928,0.06952673,0.021026533,0.06851518,-0.047991175,-0.0059730094,-0.03702309,-0.014698988,-0.008016713,-0.028502686,0.04490107,-0.016469462,-0.011129525,0.058284786,0.009615634,-0.045204386,0.030890197,0.0070814975,-0.071865216,-0.010144411,0.014432626,-0.017203275,0.064048484,0.0058151707,0.043910675,-0.05550211,-0.054625552,0.0195367,0.0029798448,0.013116978,-0.006534312,0.02335992,-0.009258544,0.07326853,0.02411199,0.053220607,0.012038492,0.027696343,-0.020642884,0.017340818,0.040907256,0.003428651,0.0042495904,0.06837211,0.07414174,0.018107822,0.018477377,0.005372621,113,39
-0.025231175,0.021128014,0.048472285,0.021298837,-0.011972383,0.032824837,0.007698277,-0.013199703,-0.0075904075,0.06182625,-0.0006130431,-0.010649949,-0.02637331,-0.0408352,0.08077744,-0.06886259,0.08147499,0.013123505,-0.021874342,0.024622094,0.010566112,0.011904132,0.0420478,0.011661675,0.060908232,0.03167867,-0.05534516,0.01726528,0.06504493,0.033986814,0.019387309,-0.05492172,0.00042861328,0.048367202,0.058142666,-0.052014753,0.033847332,0.07046372,0.07154153,0.025152396,0.079567544,0.111401856,0.02990222,0.022132527,0.054021157,0.032119647,-0.04186096,0.06268812,-0.0018270928,-0.029710155,0.056612432,-0.022855882,0.008840617,0.030547792,-0.05391531,-0.04827435,0.05217128,-0.100732625,-0.04861351,-0.011374348,-0.00051230006,0.012782358,0.08662589,-0.03639154,-0.017677598,-0.005754575,-0.011588555,-0.037202016,-0.10849605,0.009169614,0.019807003,-0.011936458,0.012375289,0.022036538,0.00046230573,-0.015020291,0.039371427,0.0639552,-0.021334028,-0.012606345,0.015278612,-0.0103600845,-0.03069858,-0.059505045,0.03338689,0.08259154,0.06537707,-0.020366337,0.010585377,0.03421096,107,40
0.0124597,-0.06263413,0.052979477,-0.046249717,0.011978028,0.05126775,-0.018110313,0.07229076,-0.0057061566,-0.09840759,0.020875627,0.0005974518,-0.055340804,-0.07173358,-0.008244171,0.012842076,0.05738567,0.045193724,-0.019737445,-0.019946378,0.02250958,0.01114919,0.021163138,-0.07689689,0.017625684,0.011291215,-0.02742099,-0.047934443,-0.049571887,-0.0005012136,0.008828691,-0.046338744,-0.08034901,-0.01264504,-0.037257582,0.012738606,0.026290018,0.01268831,0.025690084,-0.04142398,0.03961826,-0.0038517006,-0.0129143465,0.011407761,0.031324845,0.0019157231,0.009379575,0.020641044,0.040651575,-0.010187397,0.040156376,0.026420077,0.028857492,0.015573043,0.014593506,-0.08545107,0.04717922,-0.05141304,0.043033548,0.016483163,-0.012810668,0.029144669,0.021884345,-0.01563619,-0.019400816,0.004521491,0.03919635,-0.054548033,-0.052955568,0.02222244,-0.044700116,0.046272773,0.051255517,-0.049348254,0.0065782918,-0.013502725,-0.005260693,0.031807914,-0.006973572,0.019003533,0.000670027,0.0797175,-0.013420725,0.023282796,0.04090547,-0.016856713,0.01497386,-0.045625515,-0.006047872,0.04373706,111,41
-0.0070961434,0.0032150927,0.092422806,-0.0758223,-0.025672391,0.062950194,-0.00052528176,0.001489454,0.008922038,-0.056874584,-0.003470295,-0.019240396,-0.015269498,-0.12106763,-0.014137742,-0.0303243,0.076947056,0.0034683943,-0.011667122,0.021352151,0.0010737232,0.08831933,0.030477298,-0.034608956,0.014320977,0.022600498,-0.038170855,-0.0010930719,-0.021718921,0.016363764,0.05250498,0.01564135,0.0063983835,0.013439413,0.0752978,-0.026036311,0.03587379,0.008006027,0.09840135,-0.012495842,0.04847869,0.05916343,-0.024375277,0.020223025,-0.010097129,0.06008915,0.0013246078,-0.034497805,0.016314972,-0.02404029,0.050362755,0.03254177,0.008873858,-0.048433468,0.012546557,-0.0054666754,0.033691324,-0.0245574,0.0014104359,0.0483732,-0.00998464,0.099087596,0.015325411,0.036528807,-0.012471819,-0.010448905,0.031375602,-0.032446653,-0.014446233,0.034314033,0.043327607,0.07164605,-0.025396572,-0.0048013385,-0.048926592,0.0066396985,0.00419485,0.049775258,-0.0025448771,0.016406607,0.06443654,0.0074347015,-0.005204322,-0.015629673,0.05778706,0.011257332,0.028419388,0.115690455,0.0027033046,0.019236166,110,42
0.03958841,0.039580613,0.027751314,-0.07520984,0.0037710145,0.05605406,-0.023853807,0.006755821,-0.023314005,-0.033824302,-0.003184122,0.020468494,0.02757356,-0.030257337,0.04273761,-0.0065444005,-0.033419777,0.024161927,-0.015648782,0.021788817,-0.038082242,0.08394346,-0.00011542067,-0.026155373,0.0933728,0.061397836,0.03613906,0.0069696624,0.05228432,0.0044194125,0.071207315,-0.016724031,-0.06350079,0.008442308,-0.036466576,-0.005788995,0.0052821413,0.024953097,0.013265265,0.024738248,0.022307875,0.021754285,0.008629527,0.050131798,0.031171303,0.08099869,0.06392454,-0.011946093,-0.020412406,0.0048334543,0.06361077,-0.010138082,-0.03206851,-0.032965004,-0.025652345,-0.08934565,0.12877369,-0.0438369,0.023178712,0.06499277,-0.028294116,0.0302925,-0.03724346,0.017333612,-0.024924971,-0.018984664,0.0137090385,-0.00041778572,0.010572236,0.005207872,0.027314356,0.014616426,0.07669665,0.0031457255,-0.03529624,0.039655432,0.008481899,0.096345544,-0.04865175,0.09087555,0.0395007,-0.028312866,-0.0020918287,0.0049212715,0.037730426,0.017334968,0.08081236,-0.03251703,0.0671002,0.077674225,104,43
0.02841784,0.061557986,0.03482382,-0.011298684,0.0024842094,0.029967096,0.009448439,0.05774582,0.045532145,0.03446839,-0.0017415597,-0.023879673,-0.022994896,-0.00027257577,-0.00019013253,0.0017991867,0.033248425,0.027674742,0.046707656,-0.06645372,-0.0029173605,-0.008017056,-0.011562817,-0.063354075,0.05181428,0.054316,0.023029704,0.033192378,0.06805733,0.0316408,0.032376632,-0.06411967,0.029069278,0.030310323,0.070642285,-0.0414918,-0.0175342,-0.012642156,0.08747503,-0.056158956,0.07570426,0.011680568,-0.040630266,0.03342068,0.025470141,0.041440398,-0.019410605,-0.009438075,-0.03780511,-0.089339085,0.088222556,-0.0046241954,0.030209769,-0.06061499,0.017552776,-0.059106093,-0.0028616264,0.03136069,0.03248208,1.3878569e-05,-0.033442445,0.04644824,0.0148255415,-0.017243017,-0.0037265844,0.015755318,0.0065945038,-0.07898255,0.05148554,0.01298904,8.368865e-06,0.037429918,0.041805405,0.024686709,-0.043630145,-0.03914514,0.084403455,0.035036452,0.011790475,0.050863486,0.057663847,-0.006557038,0.0065890644,0.0043610223,0.031056166,-0.006328644,0.020554777,-0.016406808,-0.02786282,0.1055828,110,44
-0.033846367,0.035422824,-0.001742255,-0.035309836,-0.010429142,0.06489122,0.0116205085,-0.031902436,-0.01684993,0.028719008,-0.053299267,-0.047801074,0.005416656,-0.010339709,0.05301673,-0.0026393514,0.0061418954,-0.0011106133,0.0115674175,-0.037064232,-0.007490066,-0.012130052,0.015317863,-0.012200423,0.030944634,0.018575177,-0.016675368,0.03900492,0.0026917532,0.033543132,0.0036760364,-0.036734737,-0.006646661,-0.01063513,0.045428522,-0.0074617006,-0.0070575885,0.05133989,-0.055920366,-0.024820514,0.08915796,0.010693939,-0.010549448,0.019588456,0.0077919513,0.058261685,0.003625148,-0.007296659,-0.022989457,-0.015772171,0.06181195,0.02016054,-0.023462689,-0.02113589,0.012401177,0.0048205685,0.09969132,-0.008763146,0.047730148,0.09902689,-0.02348428,0.02442133,-0.013465189,-0.010095257,-0.08360705,-0.006414138,0.033948757,-0.05979779,0.014790136,0.01918724,0.053810574,-0.017504536,0.021109857,0.015764445,0.0025479095,0.02288194,0.024366781,0.018632073,-0.033921953,0.03937581,0.015484806,-0.014438406,0.015674574,-0.04665336,0.0053526387,0.0731463,0.06618357,0.046365924,-0.0025586784,0.011581194,102,45
0.030171197,0.0039199786,0.05851272,-0.023371167,0.019346291,0.030320562,0.00079480093,0.0944438,-0.026711667,-0.0350575,-0.00091164786,-0.020764416,0.0038700756,-0.07483006,0.048242513,-0.02291106,0.0062548276,0.009206591,-0.009178016,-0.02650334,0.012573181,0.036926217,0.019253531,-0.010587266,0.059782743,0.049921803,0.026043918,0.028383289,0.042708717,0.046958953,0.069215074,-0.07007513,-0.08229649,-0.008719642,0.05838561,-0.0439647,0.080925375,0.01271276,0.0068576913,0.044157684,0.017966047,0.06428482,-0.043238036,-0.011042222,-0.002680013,0.030478708,0.03215221,-0.030868093,0.0053018164,-0.06908898,0.047141604,-0.05008755,0.0005534645,0.024883457,0.05573806,-0.031218663,0.107436575,-0.042346098,0.03007031,0.012244109,-0.058335453,0.03811826,0.009450807,0.01730073,-0.096776456,0.023126815,0.015454751,-0.035022996,-0.025603542,0.0042533996,0.0009960029,-0.0128542865,-0.02139526,0.014748568,0.018140147,0.034876633,0.004804328,0.006101683,0.033986162,0.010005975,0.013725532,0.031956926,0.03996144,-0.01128128,0.0050871,0.05551389,-0.006339144,0.100752965,0.094063334,0.0651186,106,46
-0.011053844,0.010995364,0.09464572,-0.0350359,0.040514953,0.018800503,0.0030068036,0.026699275,0.041471496,-0.020102143,0.08158672,0.024476593,0.021660376,-0.027349584,0.034089766,-0.01150482,-0.011791802,0.06716856,-0.034288097,0.032279953,-0.00561208,0.037353504,0.031731844,-0.03469136,0.030101454,-0.0015522521,-0.011211466,-0.022090618,-0.008094145,-0.04076983,0.03862414,-0.053903878,-0.042901844,0.0044955174,0.04239536,-0.022865916,0.03269806,0.13276868,0.07651052,0.013518185,-0.010485247,0.10267259,-0.039224625,-0.019164044,-0.0024864823,-0.010267947,-0.019158086,0.021374451,-0.02819319,-0.028895948,0.015498858,-0.022912176,-0.012455934,0.014326703,0.0025654417,-0.05312067,0.045079987,-0.09405021,0.035702925,0.034766138,-0.024785016,0.06288226,-0.03408198,0.017326431,-0.041818593,-0.0850169,0.03634157,-0.011748413,-0.02003744,0.01912467,0.012282631,-0.031894714,-0.01091025,-0.03205826,0.01971049,-0.030298114,-0.027704889,0.05295369,-0.024381395,0.0025572288,0.013283371,0.04784236,-0.024784641,0.02459869,-0.02024982,-0.030573176,0.012463,-0.035201248,0.0492898,0.0035483502,103,47
0.016959306,0.037836112,0.043181982,-0.070442155,0.021477558,0.033269435,-0.031237537,0.029085435,0.017041836,0.0038094912,0.042824376,0.012653219,-0.004309532,-0.07359345,0.019078396,-0.05062499,-0.017640566,0.011971742,0.01597673,0.03704196,-0.011939828,0.025165983,0.030733798,-0.0365038,0.024444217,0.06004349,-0.04987399,-0.015681848,0.07007518,-0.008820871,0.069820814,-0.07294637,-0.05695287,-0.03513994,0.005338464,0.0465775,0.0394956,0.030819291,0.053637184,-0.030891601,0.06743575,-0.017709997,-0.014762915,0.02296228,0.016534436,-0.0006679222,-0.03645178,0.03351348,-0.015881445,-0.028158776,0.04574692,0.004417997,-0.015388206,0.005021848,0.014171199,-0.012901992,0.025683437,-0.030415304,0.03970971,-5.935598e-05,-0.06837072,-0.034528248,0.0014384167,0.0036672018,-0.044648692,-0.028554983,0.011952469,0.014481306,-0.065712124,0.007987052,-0.0015548524,0.01421869,0.034402154,-0.017087858,0.007891101,-0.012767664,-0.0099087395,0.016220028,-0.009526066,-0.05992231,0.038819853,0.015818119,-0.02965262,-0.0059412513,0.03408326,-0.009044843,0.043197908,0.017059438,-0.010782183,0.07075303,107,48
0.009908233,0.054536596,0.018277064,-0.06453152,0.024884716,0.071017,-0.022625702,0.0022559837,-0.0071241297,-0.012915665,0.02454798,-0.008432335,-0.09869182,-0.030546166,0.027974023,0.0508847,0.03271034,0.051938284,0.027186505,-0.005587986,0.013766932,0.04664168,0.011445733,-0.02950707,0.06823191,0.06087298,0.0057976553,0.023348741,0.025595821,0.03243707,0.0058137234,-0.06743262,-0.02583988,-0.0021826292,0.040879913,-0.031692613,0.020603554,-0.026191168,0.010510187,0.013665416,0.09200914,0.035038218,-0.023335472,0.07330443,0.021231245,0.08890921,-0.008131512,-0.0138973445,0.0093086595,0.053361118,0.025379725,0.04501888,-0.018329265,0.08153708,-0.015928552,-0.043323904,0.06084545,-0.07313487,0.037945326,0.040937,-0.06016349,0.022754073,0.084468216,-0.01633702,-0.0013527975,0.033942435,0.009463591,-0.04775019,0.01932916,0.011598429,0.010106156,0.082659505,-0.0069696307,0.032717966,-0.005510554,0.008311134,-0.009414118,0.049674526,-0.0075363545,-0.021935366,0.017961618,-0.019315872,0.053014852,0.058524773,0.043406412,-0.007736586,0.06725976,0.010665887,-0.021175709,0.08989585,104,49
-0.07397488,0.028258124,0.028180199,0.034359463,0.037170958,0.017803729,0.006541112,0.0054167034,0.022438128,-0.01943916,-0.0070032114,0.003416379,-0.06862487,-0.08526656,0.042567562,0.0036812136,0.056659445,0.040872984,0.00978143,0.013545559,-0.04502856,0.057736605,0.027866196,-0.006250117,0.039436974,0.03939002,-0.023057498,-0.026278835,0.09770567,-0.021376193,-0.03371884,-0.019922288,-0.04936686,0.027078435,0.022336356,0.013540254,0.065210804,-0.02760011,0.04410196,-0.003954556,0.019573707,0.0240654,-0.050517913,0.101038866,0.016146798,0.038685363,-0.039903183,0.021238573,0.09540143,-0.0132906865,0.066351,0.030563133,-0.0038612455,-0.006079573,0.11692849,-0.12529437,0.07958012,-0.0094177425,0.019251619,0.04224109,-0.03433613,0.013792057,0.046963856,0.0070937085,-0.05693574,-0.008368986,-0.017881773,-0.018935652,-0.037825983,-0.00792849,0.038487036,0.022990318,0.05049394,0.014821041,0.040520083,0.038363736,0.04033183,0.0053499527,0.012594745,0.019416925,0.04388159,0.04013882,-0.033481397,0.012365818,0.04555828,-0.01625673,0.034157857,-0.019077137,0.03195304,0.06394831,104,50
0.0017557703,-0.020841917,0.032287553,-0.030289717,0.02283671,0.07584068,-0.010678681,0.022304013,0.023425452,-0.023610927,-0.022427745,-0.029616416,-0.034838032,-0.004938595,-0.011311643,-0.012313255,0.07598982,0.007548607,0.03341286,-0.043212403,0.03977748,0.03959208,0.030808568,-0.07349244,0.064603254,0.05150044,-0.016424393,0.03261075,0.003970392,0.019149274,0.040945508,0.012654278,-0.05765252,0.038620412,0.096079804,0.035691172,0.057062466,0.018290207,-0.017310787,-0.036740903,0.043918654,0.02543724,-0.01912164,-0.019538071,0.08429992,0.028815307,-0.029459309,0.024576029,-0.029755298,0.0024191048,0.11009413,0.022494938,-0.012403867,0.030630019,0.013995549,-0.011621252,0.04605447,-0.07872526,0.019427976,0.0045194165,-0.021508157,-0.023702905,0.016061276,-0.028785892,0.00077787135,-0.029289588,-0.036291204,-0.041759197,-0.021665711,0.047532238,0.003791403,-0.06055831,0.024186678,0.042061884,-0.0015621418,0.012638523,-0.008044694,0.038632724,0.010938406,0.017323947,-0.0038785515,0.020527842,0.037163984,-0.00013368344,0.019932864,0.0042873956,0.021609236,-0.03349476,0.04752668,0.038699403,102,51
-0.06687597,0.0956127,0.021907942,-0.022798916,-0.013382614,0.03353241,0.02351432,-0.046938427,-0.031878494,-0.01719001,0.013031827,0.013132982,-0.02270402,-0.023099475,-0.023403883,-0.028240815,0.034281828,-0.022930881,0.024617601,0.0046464913,0.020047668,0.003266165,0.016466059,-0.058901723,0.026418395,0.024844224,-0.007919645,-0.00376249,0.082989626,-0.028740369,0.007648591,0.002979871,-0.034613587,0.056612622,0.03439391,0.03159964,0.08921005,0.072387904,0.010740481,0.033835493,0.06506542,0.026441889,-0.05448596,0.026240865,0.0018851217,0.03566974,-0.027261045,0.009996219,-0.0304303,-0.018071052,0.10050599,-0.004996343,0.020304576,0.010759342,0.016099188,-0.030220427,0.10274677,-0.014198322,-0.018313017,-0.048084114,0.0013094172,-0.0023887027,0.049973316,-0.00068179565,-0.008171847,-0.022704324,0.05790758,-0.08657886,-0.040201887,0.03095162,0.042897046,0.021122424,0.051339716,-0.0009562485,0.011732798,-0.043008503,-0.007432554,0.06446807,0.0048143268,0.00050617475,0.03927523,-0.022108555,0.019490667,-0.009365547,0.032235783,0.08227664,0.06563145,0.012317268,-0.01648933,0.0768234,100,52
-0.05593588,0.0023303702,0.005088236,0.03201095,-0.044409476,0.039171413,-0.015563523,0.036515526,0.06019304,-0.019810235,0.008413732,0.04200629,-0.004035745,-0.03468642,-0.052727073,-0.06480024,-0.045808505,-0.022931987,-0.024873193,0.02266585,-0.008752067,0.04899275,0.0050267223,-0.010808611,0.027710387,0.01442756,0.036116607,0.023828778,0.015010904,-0.012833983,-0.0051108077,-0.11051618,0.013621207,-0.0152486935,-0.053100906,0.015779693,0.027205065,0.024545616,-0.03687262,0.008937647,0.04603666,0.00738582,-0.023929508,0.043008056,0.010571739,0.03135136,-0.06344439,-0.03598828,0.07745435,-0.034229897,0.03867743,-0.022087038,0.025686847,0.030226987,-0.011222653,-0.054265536,0.09004902,-0.024373338,0.0023099333,0.021076227,-0.039582126,0.004883262,-0.0143388575,-0.014125483,-0.04783909,-0.08169016,0.018453376,-0.06991491,0.05333878,-0.0142423045,-0.008771846,-0.0010346249,-0.025521332,0.051608667,-0.035215013,0.036283594,-0.011173418,0.057056665,-0.04397375,-0.006721192,-0.031264897,-0.013629943,0.019150708,-0.03267803,0.023499958,0.09989612,0.021351933,0.0421493,-0.027645305,0.056434307,111,53
0.0027212817,-0.0057046735,0.033358082,-0.022097807,0.04021243,-0.015550245,0.0030341092,-0.046992082,0.02075582,-0.0048142653,0.011230019,-0.030481532,-0.05391538,-0.05662052,0.040631797,-0.022489462,0.0039602173,0.064286746,-0.024864763,-0.017512169,0.02455047,0.08160582,-0.0014063045,-0.06260009,0.054210044,-0.01546281,0.05486623,-0.03431524,0.029190943,-0.0025396328,0.060614623,0.0031061582,-0.079385616,-0.056730524,-0.0043034106,0.012674612,0.08713564,0.042863555,0.012406224,0.020541325,0.023886595,0.07033604,-0.048609164,0.017561125,0.017234763,0.08530866,-0.058544334,-0.02423024,-0.019145459,0.0024866397,0.06801382,0.059387095,-0.01869511,0.048468217,0.019617962,-0.032464907,0.047457434,-0.073893964,-0.017455243,0.0329905,0.014312306,-0.0033766823,0.03149988,0.029360041,-0.009950045,-0.057904176,-0.04347998,-0.011992965,-0.025061801,0.02768712,-0.007084638,-0.010689417,0.049947135,-0.0056065246,-5.7796016e-05,0.007817493,0.07485007,0.008744191,0.00086133275,-0.037717614,0.021414682,0.014881489,-0.024465075,0.006516681,0.025594864,0.023068171,0.0016226135,-0.013533226,0.03032732,0.08425617,101,54
-0.020349704,0.0007272621,0.098443165,-0.025680646,0.032035418,0.02078841,-0.0194658,0.042187665,-0.015295787,-0.033533458,-0.02980791,-0.014537202,-0.030817613,-0.048852127,0.021091405,-0.019723702,-0.026155006,0.052659556,-0.00017149607,0.0124835335,0.013627497,-0.010888986,0.0012467392,0.0031178147,0.084216624,0.000686869,-0.0023056993,0.052213326,0.0405634,-0.035393015,0.06383054,-0.043037098,-0.06041274,-0.04673839,0.0044770986,0.0051907776,0.049034197,-0.010394245,0.030567488,-0.032320283,0.063810274,0.057273068,-0.048280545,-0.035196096,-0.018423187,0.036169372,-0.020487426,-0.008213015,-0.017200552,-0.040248346,0.07920763,-0.0152278375,-0.021712521,0.007257444,0.016518645,-0.060276195,0.052793182,-0.031469796,0.048992466,0.08856171,0.011876734,-0.04726739,0.054073773,-0.0069059515,-0.049182583,-0.070215315,0.050459374,-0.06225756,0.0076824427,0.03218419,-0.01748519,-0.03680979,-0.051779643,-0.007422328,-0.015104532,-0.04063149,0.013951872,0.072965145,-0.069891304,0.006323218,0.025328986,0.010677777,0.015737101,0.03881277,0.03588049,-0.006006414,0.0756084,-0.01836858,0.0075829364,-0.015386425,101,55
-0.029003441,0.02470931,0.07055783,-0.047032837,-0.0014367905,0.048575453,-0.013139341,0.050223473,0.019937802,-0.051425755,-0.0072600143,-0.04709776,-0.036488973,-0.038242266,0.060252145,0.01882774,-0.02576487,0.019431539,0.0067929025,0.05449208,0.06485698,0.06166877,0.04228782,0.007012807,0.03192801,0.037988897,-0.020901376,0.021433216,0.082089595,0.010527719,-0.027636481,-0.014966259,-0.026177056,-0.02133217,0.07707236,-0.054723106,0.05025142,0.058717486,0.09385821,-0.028607331,0.010110248,0.11708751,-0.012160072,0.0029188618,0.012724315,-0.035278615,-0.03695395,-0.043753907,0.0034248559,-0.010123091,0.089423805,0.0632745,-0.0111074895,-0.01464078,0.056373265,-0.02803773,0.048137248,-0.0041447617,0.009804456,-0.005080646,0.019154662,0.004849761,-0.016528599,0.028906137,0.025544655,-0.05654818,0.029601349,-0.09427582,-0.036967132,-0.018175494,0.0014405493,0.013678854,-0.034787387,0.043819718,-0.044093266,-0.039469186,0.014822671,0.027611032,0.0041366015,0.014528884,0.0046314923,0.04650705,-0.0037827361,0.0017577475,-0.024321182,-0.035070717,0.0550207,0.093273856,0.04926044,0.0356607,113,56
-0.022717264,0.047410823,0.050275438,-0.05279719,-0.047268394,0.053224348,-0.03978445,-0.01973212,0.0005958099,-0.058773436,-0.0014363546,-0.00082804356,-0.015442517,-0.047635607,-0.10931922,0.025509477,-0.018695239,0.04396584,0.008836885,-0.028408855,0.037040755,0.06647483,-0.035923094,-0.08237002,0.06315084,0.016750908,-0.030091198,0.05748368,-0.0036505405,0.0113228625,0.041556444,-0.059871234,-0.0066662543,0.041193403,0.07158956,-0.01072211,0.010356922,0.01880841,0.020972459,-0.008700667,0.14528885,0.08779648,-0.021924525,0.011380533,0.013266759,0.112359524,-0.0052218484,-0.0035677655,0.01760437,-0.0010517868,0.04727106,0.017543534,0.033393033,0.051421396,0.0323691,-0.043627225,0.0009472035,-0.061831467,0.047076225,-0.040542286,-0.0037311614,-0.0023868755,-0.008629386,-0.002091555,0.044044618,-0.0037747733,0.048037276,0.010677952,0.06193625,-0.018390277,0.049732473,0.006331804,0.072832294,0.072294675,0.0077413265,-0.008282737,0.014954729,0.07877148,-0.02698291,0.046809446,-0.0074937055,0.048343994,0.024719771,-0.051376566,0.060543656,0.0063301194,0.040008713,-0.050809834,0.00606928,0.068322636,103,57
0.019770544,-0.010773815,0.07178045,-0.04406388,0.04487168,0.0101221055,0.030125145,0.012356734,-0.0022939518,-0.060157683,0.0094483765,0.031118166,-0.036762334,-0.0542255,0.07162132,-0.020662429,-0.07821861,0.02368088,0.032031678,-0.028753638,-0.041720077,-0.00394354,-0.014600089,-0.07875261,0.011618651,-0.10841574,-0.02080249,-0.008907266,0.028470445,-0.023810279,0.01660469,-0.09169003,0.002888484,-0.013023682,0.06569952,-0.017877359,0.071884185,0.0071967095,0.030684644,0.014450758,-0.017466482,0.027795902,-0.015373146,0.009780288,-0.009985218,0.04211469,-0.024147145,0.009016138,-0.0070401877,-0.0024425993,0.06587696,-0.0029751612,0.053469785,-0.016120268,0.0463193,-0.07285847,0.035378233,-0.023785869,0.032235373,0.054009754,-0.03576643,-0.032479495,-0.0062432913,0.09828407,0.034744278,-0.010932814,-0.033830643,-0.059697278,-0.011953115,0.01021976,-0.02937574,0.012477044,0.033361807,0.06812924,-0.043824717,0.0022671781,0.033176493,-0.027915973,0.027791873,-0.02944283,0.029445725,0.03311304,0.026889263,0.023742488,-3.0361116e-05,0.059610777,0.008851552,-0.0228514,-0.011749639,0.018787645,109,58
-0.02484677,-0.022586206,0.040711656,-0.086156934,-0.00796579,0.052939747,-0.017002612,0.03367171,0.028163405,0.020555034,-0.025082385,0.008280313,-0.0016865451,-0.04305977,-0.050537523,0.041861344,0.0032367315,0.008121067,0.044398453,-0.00548081,-0.017444486,-0.02261005,0.059384257,-0.04344593,0.057465736,0.009013064,-0.029182345,0.030470159,0.027813574,-0.01943051,0.07000644,-0.09680508,-0.008562855,0.025145136,0.10634576,-0.0031872527,0.020218566,0.063170284,-0.0025674198,-0.038620472,0.13064635,0.11457655,-0.011684505,0.051311277,-0.011292165,0.11781943,0.0057098866,0.044847935,0.025203353,-0.0017527016,0.016525764,-0.0031010136,-0.041166212,0.036409203,0.046909887,-0.0086921975,0.07951711,-0.008228522,0.030111628,-0.0047316942,-0.038121156,-0.012484906,0.058624227,0.00467224,0.07181437,-0.05252689,-0.0025675632,-0.022138903,-0.07188444,0.04306809,-0.003464749,0.06716065,0.041819997,-0.00047344156,-0.04665957,-0.051375344,-0.003348153,0.021807708,-0.014062791,-0.02315539,0.010247719,-0.018482871,0.055836864,0.0007049469,0.004435707,0.056036375,0.025146935,-0.01008043,0.061817583,0.08486274,111,59
0.015198777,-0.004749313,0.056329686,-0.037594795,0.034173083,0.058135517,0.036680106,0.011197726,-0.028126037,-0.026902344,0.0034817723,0.018942153,-0.0218593,-0.03586005,-0.033306096,-0.03328975,0.008994719,0.054298982,0.02280575,0.0158977,-0.05419123,0.058473952,-0.01496114,-0.01062671,0.03290028,-0.018924577,0.038454194,-0.014390443,0.036254168,0.026515577,0.009282664,0.011531398,-0.035252474,0.053217407,0.034841098,-0.006040781,0.028959224,0.08518274,0.027733536,0.0058158664,0.10183026,0.007893322,-0.06332497,0.0056030443,0.024585908,0.029094504,0.039507832,0.01029732,0.01411628,-0.03957763,0.022255577,0.01115858,-0.046301056,-0.004206607,0.019377027,0.008813731,0.07192484,-0.046126083,0.014381957,0.016634498,-0.033217438,0.043493655,-0.06668905,0.011251693,0.021871116,-0.077810936,0.03542169,-0.020896059,0.010474913,-0.0065187253,0.06252736,-0.016213942,0.035169035,0.0447622,-0.013694129,-0.0124960095,0.0032835444,0.029839197,-0.00447747,-0.0356593,-0.0332698,0.029814176,0.033893034,-0.056626037,0.04736428,0.060490623,0.06337771,0.020998675,0.019018583,0.0532398,107,60
0.01587978,0.006345411,0.019476544,-0.03698486,-0.035742845,0.04728801,-0.009075575,-0.013435402,0.022081036,-0.04742352,-0.055642676,0.014662223,0.00983936,-0.10225774,-0.012580265,-0.0537709,-0.05241987,0.013618954,0.03795273,0.019714102,0.014008328,0.024655063,0.015295255,0.010550626,0.07148429,0.028585318,0.007046533,0.036383543,0.021038018,-0.028120667,0.056128576,-0.07731788,0.00750833,-0.0074332138,0.080219015,-0.0002848804,0.047166925,0.0418679,0.029052619,-0.030641971,0.026147945,0.04406335,-0.0021277536,-0.004275555,0.043267086,0.040667646,-0.020390846,-0.004806569,-0.03145849,-0.0010013888,0.06706134,-0.06483358,-0.04211703,0.038020477,0.02638762,-0.01747327,0.043954365,-0.013695456,0.04246518,0.042078953,-0.08057927,0.07704576,0.036003806,0.024402818,0.008377399,0.01679615,-0.004002638,-0.060345072,-0.009482567,0.008223103,0.03586191,0.01975634,0.03300124,0.021603305,-0.010164842,0.00904278,0.029201832,0.02400034,-0.05779396,0.020340426,0.036076806,-0.045639656,0.0909675,-0.0114006605,0.054194957,0.055003427,0.0658033,-0.04428894,-0.015714698,0.05068287,114,61
-0.03743712,-0.033008017,0.09804862,-0.04427094,-0.020603497,0.029828876,0.02193583,-0.007448135,-0.00813091,-0.011437761,0.039352905,-0.03826904,-0.001121331,-0.06376994,-0.012331443,-0.04616473,0.012804995,-0.015509127,0.01041326,0.045175396,0.00601882,0.07151598,-0.009371752,-0.03987538,0.045810647,0.022396037,-0.019693729,-0.03352054,0.031701624,0.07145275,0.011890743,0.034488805,0.017959572,0.03404921,0.016827963,-0.034769848,0.011893848,-0.052146938,0.008818301,0.06791869,0.016087515,0.06471658,-0.022780918,0.06784355,0.033435732,-0.00816118,-0.009359853,0.003886574,0.07215044,-0.013724593,0.10457544,-0.054630905,0.0077919187,-0.03380429,-0.019923229,0.00011314079,0.12794484,0.0066001676,0.038394168,0.04187158,0.01164761,-0.03594121,-0.004257354,-0.01421861,0.007180536,-0.034925357,0.049792215,-0.04168766,-0.058614045,-0.03315039,-0.020737387,0.01226129,0.043823734,0.013449934,-0.05803056,-0.020752177,-0.0057373308,0.029439168,0.06581071,0.014063098,0.046330255,-0.0109215025,0.016171778,-0.0008387426,0.0015302412,0.08008173,-0.015392672,-0.042089485,0.022991668,0.052029017,106,62
0.035436824,-0.04472909,0.0126030315,-0.025566421,0.021353364,0.041237794,-0.009198401,-0.011486455,-0.037388675,-0.02425848,-0.014195709,0.021886561,-0.015639156,-0.01364677,-0.032644134,-0.037518464,-0.032632064,-0.04325012,0.014485406,-0.0052121663,-0.032639585,0.0015596934,0.06617106,-0.055647872,0.014164498,0.011747034,0.013181789,-0.08698174,0.0076053496,0.009968854,0.045627102,-0.02499725,-0.007828385,-0.029974524,0.09805948,-0.03366157,0.049489718,-0.012135852,-0.05284479,-0.037872862,0.0005193651,0.045486823,-0.03969016,0.08548399,0.032083236,0.056186892,-0.009026849,-0.0202822,0.04304392,-0.027841017,0.1029488,0.016757382,-0.007786991,0.006240148,-0.0100860745,-0.022384182,0.11787146,-0.026056126,0.029554239,-0.005182375,-0.013011273,0.008727794,-0.020101428,-0.009078644,0.005014182,-0.011978929,0.012643002,0.016141862,-0.024040923,0.042842794,0.031598046,-0.029226627,0.037989505,0.028896373,-0.0185235,-0.040721975,-0.004599383,0.027086934,-0.010121472,9.915279e-05,0.07840605,0.016599622,0.03478142,-0.06257486,0.05139695,0.020371223,0.034021083,0.019393533,-0.029944956,0.06942841,103,63
-0.04375393,0.045752347,0.025656164,-0.03887453,-0.0038109832,0.072365016,0.023447135,0.013175563,0.038713373,0.00097483816,0.0029932824,0.0041255467,-0.053588603,-0.096271336,-0.012489211,0.0029546525,0.09906033,0.06784791,0.008636071,0.048647687,0.05733385,0.071986586,0.004131971,-0.003488019,0.019384596,0.04879071,-0.018055648,0.092928655,-0.030491257,0.10309334,-0.0069480054,-0.05429188,-0.064093426,-0.035274807,0.099589504,-0.023885313,0.006594084,0.03945617,0.038010668,-0.02564447,0.0870621,0.037913978,-0.046215735,0.021701287,0.02563135,0.043112606,-0.0068716267,-0.008621531,-0.01162808,0.017731972,0.10716897,-0.04196591,0.010785806,-0.007956972,-0.00419873,-0.020835234,0.016549096,0.02889087,0.05521681,-0.011511243,0.012697041,0.02793973,-0.0018958198,-0.008962996,-0.0014989027,-0.0078113694,0.039091818,-0.022310136,-0.06717396,-0.0016525341,0.048959143,0.021531949,0.004479018,-0.011367096,-0.03665585,0.017900493,0.02756112,0.050947286,-0.04752983,-0.03151307,0.029726911,-0.027383965,-0.03540849,-0.013168333,0.004938813,0.03742081,0.030820057,-0.026323918,-0.060094945,0.010100771,105,64
-0.07409138,0.00026043784,0.036490083,-0.027105702,-0.021507544,0.028939825,0.07344206,-0.043450307,-0.018059187,0.029650915,0.023745943,-0.00973727,0.011389416,-0.075214215,-0.0074064964,0.023815881,0.01270515,0.062037155,-0.006289627,0.0023815958,0.056099825,0.0072677378,0.06669003,-0.06395212,0.041547827,-0.01590248,0.00089612603,0.035577912,0.041905552,0.09976676,0.019884644,-0.043014135,-0.061749108,0.017563077,-0.009385087,-0.017514842,0.044156183,0.05165989,0.03772414,-0.033765744,0.078967035,0.014573173,-0.01994077,0.049959727,0.009601235,0.017017886,-0.026857363,0.04319551,0.029820668,-0.008657175,0.11426054,0.014483582,0.02919884,0.005372258,-0.042018585,-0.031678382,0.047514074,-0.016043467,-0.04466502,0.0040994445,-0.023638597,0.005422753,-0.04511455,-0.00081015006,0.011916287,-0.032285854,0.05210384,0.022187773,0.01500912,0.0094778715,0.05810058,0.0031514503,0.0064284243,0.051227283,-0.033733923,0.03376069,0.0043660607,0.009113947,0.012675235,0.019731456,0.03287017,0.05119586,0.010500938,-0.024442853,0.04203543,0.056041308,0.057454377,0.015624981,0.03190174,0.058621943,111,65
-0.049335815,-0.05519885,0.020913918,-0.09703351,-0.033952877,0.010264933,0.05852294,0.022540696,0.044578664,0.043419886,-0.0011570714,0.0037152001,-0.06540507,-0.044207174,-0.024992395,0.0015913248,0.0036297701,0.05995816,-0.009078478,0.019949263,-0.022191413,-0.0077668168,0.026471112,-0.07313212,0.014738988,0.026888704,-0.03323734,0.034406576,0.03730791,0.011766816,0.017983234,-0.010602575,-0.07713335,0.005372511,0.053317647,-0.06355129,0.0022360831,0.022075482,-0.0043784566,0.005335386,0.033919573,0.08493896,-0.068630844,0.032246806,0.054198086,0.04442605,-0.02982431,-0.045031056,-0.008753336,-0.025389858,0.02691396,-0.022319974,0.049921103,0.032441992,0.0174117,-0.026502728,0.084325224,-0.039576758,0.025867233,0.01905069,-0.009229028,0.05257367,0.00907659,0.00426158,0.008857518,-0.02098811,0.025586965,-0.042722464,-0.042849623,0.035826355,0.007075483,0.030098777,0.03919748,0.018923635,0.0012323475,-0.020055506,-0.0006532874,0.03016408,-0.051738087,0.00060402136,-0.014919676,0.013677075,-0.020787893,-0.0116575295,0.028669588,-0.0135559235,-0.038715098,0.058589097,0.014737717,0.055667017,105,66
0.0014734147,-0.004516357,0.045330968,-0.06838098,-0.047917318,0.065726995,0.036077105,0.01845447,0.021161983,0.008656528,0.08301884,0.0326298,-0.046811044,-0.02787929,0.047909822,-0.029631332,-0.008310472,-0.02148203,0.023946213,-0.040735886,-0.0056788083,0.06996885,0.039263148,-0.069817156,0.05136264,0.04208698,0.018071998,-0.06307446,0.020777747,-0.03502336,0.043679304,-0.07975706,-0.061024863,-0.03283945,0.11984303,0.03234239,0.03734677,0.06960654,-0.038623262,-0.010883406,0.015419785,0.063668855,-0.03984207,0.09216788,0.0104330275,0.06987628,-0.00748312,-0.0020424807,0.07028696,-0.03347137,0.04413946,0.037449382,0.018196547,-0.0077183936,-0.024815533,-0.026116392,-0.0058486164,-0.033058155,0.07589983,-0.0058320314,-0.0021559922,0.035171986,0.012070078,-0.004485765,0.025981445,-0.05002246,0.03689436,-0.0009907112,-0.04120279,0.019958906,0.038312204,-0.040205378,0.031435717,0.018195145,-0.03893808,-0.0122135505,-0.008714249,0.024270989,-0.023890032,-0.033061,-0.010920515,0.044401973,-0.00514275,0.0111610815,0.05907383,-0.00815486,0.10086076,0.06269112,0.013625417,0.040173363,109,67
-0.03696886,0.056812838,0.022106662,0.045073472,0.08192072,0.01876145,0.020798387,-7.0695765e-05,-0.04259646,-0.0030548405,0.041310925,0.01786565,-0.045728114,-0.022133444,-0.043752406,-0.04776358,-0.045863554,0.04090187,0.05155209,0.06123374,0.002217831,0.05573429,0.046120837,-0.056393843,0.008243123,0.038724784,-0.044127047,0.010391127,0.07149104,-0.032472495,-0.00035168044,-0.012282224,-0.008845804,-0.009242073,0.045908283,-0.02628577,0.0070241876,0.040531784,0.04344419,-0.023309525,0.024909358,0.11279173,-0.003851451,0.051066585,0.04189387,-0.002631396,-0.058780506,-0.035094015,0.001485901,-0.019621544,0.0012507811,-0.010692941,0.00091217156,0.05957125,0.006104203,-0.087204695,-0.03118984,-0.038527787,0.041229136,0.00041096564,-0.021583542,0.005731822,0.03568676,-0.0024183588,-0.065195516,-0.11779479,0.025591683,-0.08336121,-0.045961387,0.041431133,0.00406128,0.038158804,-0.034345113,-0.025045775,0.01678921,0.06614359,-0.013978235,0.10158963,-0.022200575,-0.03826272,0.006367493,0.0599459,0.020100053,-0.036278337,0.016070463,0.023801308,0.034629725,-0.035989195,-0.040826265,0.049851384,107,68
-0.04364985,-0.015749428,0.07818043,0.024551187,0.010040168,0.07139967,-0.015404182,0.049417604,-0.0028017033,-0.015429612,-0.022738809,0.0075049186,-0.0055464655,-0.100860536,-0.018908003,-0.055941556,0.03208165,0.022759994,0.018245608,-0.06259595,0.0145835895,0.026062489,0.030854685,-0.02815755,0.050979607,0.0052371006,-0.03943564,-0.044526335,-0.0486387,0.026376694,0.03818179,0.012042165,-0.10266021,-0.0059342864,0.07177256,0.050463192,0.051580682,0.010788193,-0.0060767494,-0.043988463,0.13631424,0.044574715,-0.0573176,0.010003725,0.03448201,0.04124755,0.022836003,0.042394772,-0.006274061,-0.017667742,0.025038097,0.009522516,-0.02489336,-0.025568305,-0.048397183,0.04735357,0.13634327,-0.027257556,0.05601855,0.013680562,0.046362847,0.0540371,0.022256032,-0.061070748,-0.0029774802,-0.025428012,0.035193853,-0.002999166,0.03693207,0.03324367,-0.0036554337,-0.025145445,0.02673326,-0.019753858,-0.01679406,-0.009242655,0.0058269794,0.042763256,-0.032041658,-0.034335237,-0.023966413,0.029427394,0.04592157,0.007936433,0.0023051593,0.028045809,0.011802427,0.029829483,0.00069027627,0.052644216,104,69
0.041300345,0.011386348,0.048641026,-0.035810668,0.0065132584,0.0188462,0.011242429,0.02390438,0.018030941,-0.054409694,0.027769571,0.047824662,-0.03253187,-0.039386917,-0.14621118,0.013498347,0.03719251,0.020393051,-0.016361445,-0.055118773,0.036904268,0.015971117,0.020302061,-0.049656294,-0.0070016794,-0.016905805,-0.04902822,-0.0027846973,-0.05483374,-0.012181755,-0.008353744,-0.014519816,0.024174992,0.011964239,-0.041981526,-0.015894534,0.027091024,0.013857141,0.057432048,-0.047621883,0.058539163,0.013043674,-0.059037425,0.052737113,0.037753694,0.12372073,-0.04066421,-0.008226607,-0.0166873,-0.013187475,0.07715476,-0.035799887,-0.0168241,0.037935194,0.0033141728,-0.036168814,0.008615449,-0.027337302,0.010128288,0.052639082,-0.0005486347,0.06968175,0.0052889753,-0.008689954,-0.08306131,-0.04869529,0.03111063,-0.030167982,-0.078418344,-0.014126148,0.020567311,-0.013993515,0.020837788,0.017522933,0.020350879,-0.026335865,0.04139541,-0.0034214705,-0.023489062,-0.02865173,0.045081235,0.029267339,0.09206917,0.036358498,0.022660939,0.043617092,-0.0018385984,-0.03394475,0.027083173,0.114940226,102,70
-0.06644278,0.040245198,0.0015221313,-0.10698832,-0.012833323,0.023211071,0.017407818,-0.038565934,0.036405288,-0.033606045,0.011095527,0.014988225,-0.029031027,-0.05845944,-0.02296447,0.017211217,0.06766182,-0.012379291,0.017326638,0.02238606,-0.052329548,0.03244842,0.0007155547,-0.049996432,0.011219434,0.016529337,-0.012794365,-0.012533854,-0.0034491234,0.08367613,0.036121603,0.0010594018,-0.025821397,0.010878444,0.04240475,-0.02979133,0.04712216,0.018484693,-0.004271049,-0.036805492,0.1011833,0.007879052,-0.06426235,0.03856566,0.089488,0.037476398,-0.033453755,0.044856824,0.027853053,-0.014016774,0.040830564,0.04484474,0.0017096018,0.043625366,-0.017020887,-0.07141764,0.073376685,-0.068218164,-0.024415996,0.03751752,-0.049905524,0.01768226,-0.058756154,-0.05511571,0.010323891,-0.039313618,0.03401092,0.017185468,-0.045515563,0.12663063,0.0019117724,0.022503339,0.043776784,0.034910295,-0.012040985,0.015998352,0.013465896,0.05319269,-0.01059297,0.0100036375,0.0055543194,-0.012783233,0.008417632,0.042801533,0.031216845,0.052938238,0.01546376,0.014168712,-0.015771482,0.034409262,105,71
-0.010955133,0.02098865,0.03424164,-0.039184656,0.029338118,0.10326885,-0.017342573,0.032644328,0.018921006,0.010919653,0.015549165,-0.028770167,0.0037648324,-0.009788429,-0.07843301,-0.047289237,0.034168363,0.04623342,-0.036100302,-0.0023023882,-0.02332735,0.06679636,0.015081136,-0.050046615,0.030770713,0.054280877,-0.0427387,-0.04399046,0.05368709,0.057712022,0.046987902,-0.012386331,0.011919461,-0.023225266,0.04482587,0.05507075,0.0390677,-0.008253094,0.028167041,-0.0009269696,0.0048490353,-0.031874273,-0.045817234,0.036153156,0.049338147,0.03727081,-0.040285267,-0.0011581029,0.050537787,-0.008140109,0.05321746,-0.03798462,0.0048177512,0.015062235,0.02849507,0.021108996,0.037543062,-0.019923117,0.040091418,0.028637614,-0.054714732,0.0028232522,0.011988232,-0.042051185,-0.03156911,-0.04030116,0.023590261,-0.051600087,-0.09750453,-0.009845304,0.03224382,0.048365504,0.013168342,0.018531272,-0.102278665,-0.019113116,-0.027523154,0.09205493,0.0036619063,-0.0007827403,0.029621873,0.043375522,0.012670969,-0.08835778,0.080815464,-0.06936128,0.03141868,-0.011784402,0.042728815,0.042727724,103,72
-0.041597344,-0.03979738,0.013307236,-0.035135787,0.012582835,0.116121784,0.011023964,-0.006722504,0.016951416,-0.038957246,0.06491624,0.012746665,0.0032344665,-0.04853492,0.117016666,0.007446354,0.02105274,0.016579423,0.062937304,0.034116738,0.012536767,-0.013900701,0.0057382286,-0.02137063,-0.0073534623,0.017458832,-0.0049049617,-0.016187072,-0.0071657468,0.045683317,0.051381163,-0.035651468,0.0006335154,-0.063330516,0.06446673,0.03467364,0.038765606,0.024055362,0.0096858945,-0.0025946973,-0.0033706427,0.011619424,0.02824198,0.034240875,0.025056824,0.0020659007,0.0039191684,-0.014816511,0.019445835,-0.0013687052,0.09443264,-0.015197835,0.0079553295,-0.00073137134,0.03402722,0.071283326,0.091969654,-0.056524545,-0.009601377,-0.00037437677,-0.029495532,-0.0012629116,-0.020593774,-0.033769295,0.017190732,-0.04512839,-0.03482004,-0.0037268773,-0.08161995,0.02692814,-0.023157895,0.010337956,0.06081082,-0.027786244,0.036505286,0.030038744,0.026326885,0.0729319,-0.045401737,0.00713318,0.019375023,0.011650252,0.018449353,0.034744725,0.008627656,0.00091729127,0.022687962,-0.019738548,-0.036117118,0.079266354,109,73
0.056907315,0.046414632,0.06505121,-0.039154947,0.014595318,0.031481303,0.009854905,-0.06362072,-0.009915698,-0.022923306,0.03137274,0.0056942394,-0.044471413,-0.022701401,-0.033540085,-0.009179188,0.0073153013,0.030987458,-0.004329805,0.03520062,-0.029280618,-0.016096815,0.061990768,0.0117010735,0.06240495,0.06574089,-0.02779572,0.06748497,0.024869546,0.003463054,0.016821718,-0.05731231,0.00031266734,0.00413403,0.005112376,0.061128408,0.01627994,0.037169747,-0.007131597,0.005435654,0.02345391,0.018757138,0.0074800327,0.016926028,0.019237973,0.027848274,-0.02429885,-0.006486534,-0.0028941687,-0.014823145,0.07530345,0.007171328,-0.022513546,0.018858192,0.02250833,-0.049178667,0.00483758,-0.036320098,0.07394169,-0.013017961,-0.012930369,-0.013204917,0.04282511,0.052092467,0.08201094,-0.03963385,0.05505248,-0.03136548,-0.13868028,0.02336574,0.038275402,-0.041881487,0.03691475,0.01017082,0.0029736222,-0.03222645,0.02783836,0.0017821658,0.014819767,0.009811128,0.021812811,-0.04784352,0.034072183,-0.04336897,-0.026038604,0.03162709,0.005734861,-0.037965078,0.031821843,0.09382013,108,74
-0.0030149529,-0.009289805,0.05867888,-0.018676324,0.029753396,0.047725867,-0.023578016,-0.021671489,0.005037943,-0.039368242,-0.0319398,0.036181726,-0.07135017,-0.01562107,0.017801821,-0.06406477,0.0397018,0.0053618643,0.04604017,-0.005907233,0.004586512,-0.022629663,0.030359896,-0.092052266,-0.022584945,0.04860738,-0.02874013,0.016324863,-0.03251852,0.0052906387,0.029685766,-0.0377738,-0.079413414,0.0041409563,-0.023929425,0.01095897,0.105642036,0.026592277,0.048348922,-0.01828793,0.0460639,-0.02302052,-0.0761753,0.035525646,-0.0016398039,0.07373441,0.013111321,0.010661574,0.046700455,0.018601097,0.06966628,-0.021561975,-0.012067865,0.0010228325,-0.031601306,0.029289082,0.058353644,-0.07258806,0.04316131,0.054130338,-0.052044258,0.0275209,0.01474725,-0.016942814,-0.00941938,-0.028203024,-0.030881353,-0.08888292,-0.08307129,-0.011283308,0.02012257,0.06262257,-0.0442172,0.043826196,-0.0037250612,-0.022765245,-0.0231897,0.019989956,0.008086363,0.0030967998,0.020104889,0.024537427,0.026715204,-0.049551904,0.052699834,0.028059524,-0.00059569627,0.020302799,0.055933755,0.0633069,103,75
0.029997185,0.022982735,0.024708109,0.0028769523,0.010566313,0.030727316,0.014329527,0.0016057668,-0.03891482,0.022397434,0.03446489,0.035008505,-0.07742325,-0.049500924,-0.032449313,0.0137741305,0.033997923,0.0016193576,0.024201572,-0.021922335,-0.01494615,0.04329379,0.014375565,-0.0045413617,0.06690263,0.02758066,-0.075707845,-0.04201603,0.060628437,0.019575326,0.053413488,-0.0743819,-0.06606813,0.0015386747,0.028076109,-0.013695037,0.039669428,0.020808797,0.054820944,0.033433143,0.07498871,-0.0058593415,-0.022016404,-0.0366102,0.05134908,0.039086103,-0.015644975,0.041817337,0.012678292,0.0053459657,0.056509245,-0.00042314595,0.008483505,0.05378904,0.0702869,-0.071908236,0.10344964,-0.0019149482,0.061336696,-0.005190027,-0.11187678,0.042971306,0.05390949,-0.044825,0.0015739631,-0.008599783,0.04904516,0.0104367435,-0.08247334,0.017301273,-0.028414976,0.0035047573,0.09691496,0.011017383,0.062925555,0.055619456,0.030598871,-0.0040496625,-0.039420333,-0.0026355423,0.036365915,0.016736384,0.022824276,0.057761304,0.018881023,0.045223344,0.00024037808,-0.04393263,0.0042472295,-0.0036663339,114,76
0.028005097,0.021851644,0.070249975,-0.081339136,0.057821915,0.085091636,-0.00445109,0.018501159,-0.013460631,-0.06609248,0.040364362,0.018351773,-0.029340925,-0.047673464,-0.013853424,0.012979861,-0.012133553,0.061005175,-0.026014723,0.04273859,-0.036755145,0.044847183,0.009326752,0.018483527,0.029609546,0.021910774,0.032120675,-0.02382736,0.06450248,-0.037238315,0.0125612505,-0.052592784,-0.07618974,-0.007797493,0.041953966,-0.027321504,0.10282323,0.007994727,0.02493573,0.0024924884,0.09050573,0.043144025,-0.056092497,-0.012723674,0.016880143,0.028774986,0.0052238023,0.017064312,0.008251669,0.014618986,0.12755695,-0.03038389,-0.03734621,0.04388165,0.013975755,-0.03203602,0.052074734,-0.021838833,0.03707482,0.02535009,-0.01451869,0.017899409,0.0019624913,-0.015931934,-0.041847132,-0.026035756,0.043007873,-0.013777921,-0.04386744,-0.006806528,0.035947442,-0.001752014,0.033705242,0.030255891,-0.0053137573,0.008857916,0.029272549,-0.007886827,-0.044600435,0.009070736,0.008379652,-0.018350162,0.014503451,0.030526357,0.06710219,-0.0013122074,0.07290013,-0.0015945681,0.019038502,0.030614244,103,77
0.044496406,-0.034989484,0.044038706,-0.05617112,0.0044851694,0.013192877,0.040598437,0.030381467,-0.058710076,0.027846076,-0.001800009,0.03166748,0.00044971332,-0.05722482,0.046064176,-0.03883651,0.0024310658,-0.0006619431,0.00622644,-0.022895802,-0.028295662,0.015892431,0.064659715,-0.039543245,0.048401974,0.008642824,-0.03216674,0.060886443,0.09756819,0.022123119,-0.015533268,-0.03864083,-0.039241843,0.005160936,0.07784438,0.05058237,0.016966656,0.042153727,-0.004172653,0.02288733,0.014780935,-0.0005935952,0.001470672,-0.009435472,0.02249559,0.036467284,0.0041637104,0.030943127,0.033212475,-0.011808898,0.035189703,0.0030413896,-0.0028010115,0.049202956,0.0014989693,-0.041490898,0.09186733,-0.016371274,0.0195627,-0.06518907,-0.08243545,0.004538549,-0.018600497,-0.0046388134,-0.018153878,-0.05429079,0.05712729,-0.042459495,-0.0019996613,-0.052530717,0.002729427,0.00045437727,-0.0007054489,0.025137307,0.020160917,0.028228588,0.033617184,0.056207277,-0.010580834,0.063950315,0.027646147,0.028443003,-0.008762082,0.020999322,0.017319093,0.04577618,0.02551955,0.057610378,0.08005217,0.062637985,103,78
0.0042305263,-0.030914383,0.008880066,-0.03439998,0.03007853,0.03284902,-0.030014342,0.0046282047,0.0042290557,0.005463863,0.048387133,0.008651081,-0.01545265,0.0007462464,-0.010444172,0.010845281,-0.0097392555,-0.023115935,0.003937388,-0.0062379716,-0.01891906,0.04617041,-0.0021472005,-0.041434795,0.000816416,0.02442655,-0.040446777,-0.013287499,0.055045992,-0.0503945,-0.013759695,-0.018097699,-0.037811335,0.02875362,0.037801623,0.011043819,0.04147867,0.015616379,0.029768787,0.0060874866,0.0033993796,0.008193344,-0.03341932,0.033663064,0.009105397,0.024069628,-0.034346037,0.02517037,0.052463673,0.038151752,0.057090625,-0.01082696,0.038751535,0.018296335,-0.020669702,-0.067310765,0.047673635,-0.04071777,0.031419884,0.025771335,0.00092824735,0.037680484,0.009298894,-0.0033045872,0.082704306,0.020488057,0.118940085,0.0050273277,-0.09010546,-0.014769934,0.028700147,-0.033951856,0.05270987,0.0074627483,-0.034260027,-0.07581949,-0.0061545186,0.037357528,-0.032604855,-0.011056854,-0.028258715,-0.0072717723,0.06735868,-0.0400986,0.05003637,0.0237762,0.005169144,0.04933348,0.027080592,0.05164976,107,79
-0.0036303771,0.012788147,-0.029205069,0.005335346,0.0072909305,0.0037400909,0.039369725,0.03296572,-0.01947633,0.019105438,0.015202774,0.022517905,-0.02914156,-0.0074301064,0.014853154,-0.045289107,0.0487722,0.05954458,0.02064484,-0.013780469,0.02146415,0.0025102496,0.043516107,-0.03684418,0.029749094,0.014090244,-0.0317699,-0.063802876,0.07459828,0.04121102,-0.021026151,-0.056195937,-0.008995399,0.038056955,0.084920496,-0.04558591,0.05208201,0.031566624,0.038941752,-0.012121625,0.0134110935,0.07211944,-0.019453963,0.05697661,0.051555436,0.11837001,-0.006155725,0.009418236,-0.023779701,-0.022254728,0.099959135,0.002644421,0.0032192254,-0.01425104,0.004818678,-0.019650705,0.0480668,-0.043264214,-0.012716863,0.010396659,0.029474324,0.056582194,0.022976048,0.012246393,-0.012645225,-0.03727633,-0.030345216,-0.024006002,0.01051667,0.002048558,0.0010739844,0.06429139,-0.025438717,-0.01037424,0.003372103,-0.026318073,0.069131814,0.023526298,-0.036721196,-0.046039745,0.018721512,0.008802055,0.009987324,0.064543016,0.015032015,0.054198217,-0.015895199,-0.007399802,-0.030198708,-0.021402195,114,80
0.021663949,-0.050413437,0.020550579,0.0045511164,0.006190991,0.0015232973,0.027269585,0.030121587,0.04306729,-0.008528728,0.017231911,-0.005764506,-0.012993179,-0.021017632,-0.119577,-0.047345527,-0.04629099,-0.0023802537,0.03290966,0.014009724,0.0031160535,-0.0015358999,-0.038677074,-0.02001201,-0.00795928,0.024940895,-0.0044067306,0.0399703,0.031712446,-0.029786736,0.037612073,-0.03620553,-0.07840413,0.0406834,-0.067087166,-0.019891743,0.06032901,0.03611385,0.04122351,0.0051631806,0.08271008,0.09533288,-0.053770848,-0.027514193,0.037060633,0.032195665,-0.023574248,0.0122467205,-0.030107949,-0.010445485,0.097350605,-0.010782698,-0.00033139472,0.046842437,0.015172448,-0.07689081,0.030403497,-0.01313659,0.001348108,-0.02782657,0.042482555,0.015349532,0.04461232,-0.05447159,0.045624834,-0.0017534122,0.035636187,-0.06467284,-0.14274025,0.019459538,0.032364994,-0.05731905,0.050562695,0.062928826,-0.013983035,0.039612997,0.06298408,-0.007899538,-0.034241628,-0.021070182,0.07619241,0.043668255,0.05629135,-0.03785801,-0.0061263423,0.0150995795,0.042197775,0.051858783,-0.020658087,0.0062866136,100,81
0.009815245,-0.014505828,0.041719973,0.00028274953,0.010689027,0.08446401,-0.0351327,0.008781904,0.040574208,0.0014253189,0.039072383,0.033259913,-0.051591065,-0.055631354,-0.02735773,0.017290715,-0.005996757,0.037104603,0.018850315,-0.00034060888,-0.022764314,0.011063265,0.025605405,-0.029477714,0.046346445,0.029712629,0.0041658105,-0.02385033,0.03629573,0.026600836,0.070253894,-0.050049476,-0.013855215,0.011841122,0.059126493,-0.04229464,0.016024958,-0.006504301,0.12705767,-0.058183596,0.062514514,0.09622662,-0.030660454,0.034981824,0.02479527,0.040604163,0.013285562,-0.020371715,-0.018765565,-0.051918454,0.12434966,-0.012581443,0.02176181,0.06600865,0.036886714,-0.075181894,0.08638179,0.0007975921,0.017531823,0.046736382,-0.06646727,-0.013533309,0.039042793,0.0039590294,-0.013530361,-0.049567215,0.020418659,-0.017472647,0.0032399595,-0.022764623,0.047570422,-0.038566023,-0.03580059,0.027098034,-0.009032041,0.04196789,0.015839232,0.009214941,-0.035756357,0.019125443,0.029782306,0.03808453,0.07876022,-0.008201443,0.052478507,0.008678233,0.035383508,0.037637673,-0.0686928,0.03407508,106,82
-0.0025847377,0.04619142,0.10795505,-0.053060062,0.02564204,0.08288865,-0.0073394994,-0.022643067,-0.016674424,-0.02578551,0.034588132,-0.012461569,-0.05922832,-0.026588636,-0.08475336,0.011153875,-0.040004294,0.034640677,-0.035041124,0.07182667,0.027726656,-0.0061172135,0.01330569,-0.047360703,0.06910591,-0.009697361,-0.0155296745,-0.0026597125,-0.009832105,0.047822185,0.03684091,-0.055931836,-0.030560166,0.0051922146,0.0929428,0.027740777,0.030452093,-0.0013222639,0.0066762734,-0.020544007,0.11741886,0.05389756,-0.015774596,0.04044322,0.016277343,0.080166265,-0.0084044,-0.010271305,0.019163819,0.028196163,0.08739113,-0.06202641,0.00018214504,0.041516006,-0.05212637,-0.1304989,0.038915314,-0.08192444,0.012766312,0.048919693,0.07705446,0.0034171185,0.024924824,-0.011668411,-0.0667675,-0.016297847,0.0023668874,-0.04646744,-0.058129217,0.034636226,-0.03286604,0.016236216,-0.003991481,0.024308601,0.00788458,-0.023058467,0.013401873,0.05036911,0.011820523,0.016127141,-0.0055551045,0.002808189,0.017214697,0.006906609,-0.049678788,0.064622186,-0.010072712,0.061075065,0.017110316,0.021824224,104,83
-0.007698158,0.013289108,0.04665056,-0.13288432,0.01119172,-0.010325428,0.04462345,-0.053110037,-0.038724773,0.0039181085,-0.039486825,-0.0018056119,-0.046897177,-0.041577034,-0.033710655,-0.0077923643,0.09767061,-0.007464098,-0.03489428,0.030966092,0.0022553313,0.011061233,0.0028004944,-0.029780898,0.08996932,-0.009942949,-0.004135488,-0.024380788,0.056748718,0.086144835,-0.010519946,-0.016476555,-0.08457397,-0.013000986,0.15054402,-0.08877794,0.026094794,0.009997144,0.021909807,0.02240309,-0.0052014887,0.082330376,-0.01906282,0.036507454,-0.0013752207,0.10051207,0.0054748673,0.025071245,-0.026021171,-0.035212632,0.02901875,-0.049225673,0.07351809,0.045646865,-0.062053096,0.01669912,-0.024377137,-0.051261224,0.053337604,-0.0002226308,-0.008856842,0.08246027,0.009645353,-0.07684954,0.049183726,0.029772226,0.032736562,0.006210748,-0.054868363,-0.0006355392,0.0055099353,0.027669797,0.01509077,0.017217001,-0.056865055,0.0024906797,0.041543126,-0.004522238,-0.009350073,-0.010791453,0.053404443,0.005424346,0.023404026,0.006947007,-0.011599785,0.061647803,0.07456486,0.0625971,0.029623933,0.06634925,106,84
-0.042155273,0.011310053,0.055778794,-0.029573582,0.0048654545,0.045350645,0.0056265085,-0.00069557317,0.02050235,0.028469056,0.0017864504,0.050410025,0.0013370104,-0.07814809,0.024773795,-0.026549134,0.033052564,0.018428205,0.007732352,-0.061686218,0.009609298,0.0065211654,0.019673662,0.02973007,0.033828065,0.09107653,-0.0063959146,-0.032504268,0.021805398,0.013533429,0.04706018,-0.080872044,-0.053372078,0.01775712,0.029765883,0.053152192,0.06741226,0.027459627,0.02469715,-0.02196813,0.06740701,0.07541101,-0.055216,0.041091636,0.0017763264,0.04260742,-0.030520465,-0.04074955,-0.07739773,0.0021649743,0.021389894,-0.0051170704,0.00011606794,0.04047761,0.046704758,0.018217355,0.037178554,0.026659634,0.07430838,0.029202837,-0.027419416,0.040937036,-0.004079208,0.0039817262,-0.019472694,0.049215518,0.020270422,-0.036436506,-0.09435125,0.029873304,0.04166256,-0.007261359,0.027772129,-0.0066094687,0.039760258,-0.029423472,0.016357545,0.043210067,0.0015620161,-0.062430747,-0.0024692137,0.0069803707,0.04202649,0.026032312,-0.047058985,0.050622553,0.05124006,0.007373504,0.014685549,0.027032355,108,85
0.006810491,-0.024771666,0.03768778,-0.05199501,0.05241913,0.08043578,0.037725464,-0.043195434,-0.023377957,0.019374402,-0.010315409,0.019844206,0.020940688,-0.078189686,0.0025424482,-0.037748173,0.062272705,0.003567472,-0.012968681,-0.04246982,-0.00019891327,0.06587654,0.041657627,-0.03129222,0.089152604,0.021422267,0.009793128,-0.0035622157,0.04614719,-0.014009055,0.039550524,-0.06451253,0.034615763,-0.02923559,0.0075113624,-0.0203697,0.059427485,0.039972614,0.045137633,0.013903632,-0.039045595,0.10051879,0.02036295,0.00921457,0.04577952,0.030879198,-0.0039099758,-0.020380834,0.0549262,-0.03152864,0.111199915,-0.020035686,0.0065097455,0.033213526,0.00077955425,-0.04875845,0.09031263,-0.06793627,0.034648955,-0.018604673,-0.025238916,0.044412024,0.015293348,-0.09677009,-0.08704698,-0.05513969,0.05475685,-0.031791516,0.076556675,0.045521382,0.013829009,-0.013522027,0.019408088,-0.015397868,-0.025884034,-0.04901274,0.017497048,0.040356837,0.015743086,-0.022448042,0.03955555,0.041714013,0.012605824,0.023164257,-0.0056814123,0.03027991,0.027286787,-0.003881887,-0.04354106,0.03528565,100,86
0.032860216,0.0022306521,0.117638454,-0.03928866,0.016208496,0.054246392,0.013742657,0.0135413,0.021734908,-0.03342287,0.047169156,0.016649924,-0.033309847,-0.003706187,0.015488487,-0.027662903,-0.045763254,0.011716371,0.02639544,0.0031545185,-0.01979384,0.032504715,0.010724163,-0.05716195,0.06915258,0.0134435175,-0.051863533,-0.008188583,-0.032839403,0.017401239,0.0690873,-0.04043994,0.0015521087,0.010956062,0.073786974,0.010604803,0.09973386,0.007895235,0.020953795,-0.07100434,0.06437118,0.0041688047,0.02022991,0.075685024,0.065281,0.023076972,-0.01562848,0.025510246,0.01364913,0.018081494,-0.030645378,-0.13356045,0.020025965,-0.0067515336,0.04049745,-0.03141762,0.049215972,0.0077498816,0.03132889,0.0065991944,0.036125652,0.0037853206,0.008790234,-0.020172091,0.0661246,-0.054226503,-0.024157602,-0.039474793,0.037907384,-0.016031565,0.071489304,0.024006346,0.03165009,-0.009330355,-0.05726709,-0.035049085,-0.037301607,0.015085505,-0.0022540614,-0.0068616103,0.014283833,-0.028740775,0.09482483,0.025158692,0.052934013,-0.013380429,-0.0037912223,0.014982363,0.0030518752,0.013413791,104,87
0.008872948,-0.019455248,0.010384627,-0.05158646,0.03889154,0.029773945,-0.030764086,-0.03359065,0.008053482,0.0021206383,0.025475744,0.024163637,-0.05034798,-0.037145484,-0.012249254,-0.06932752,0.03639585,0.0637449,0.027052049,-0.0036588255,-0.010694787,0.056859814,-0.023344526,0.00990184,0.04451465,0.07745415,0.049199566,-0.017935503,0.0376318,0.049756292,0.07024335,-0.12583607,-0.045334198,0.04633827,0.08737322,0.03035539,0.03424469,0.05226136,-0.0067831967,-0.028263234,0.052500352,-0.075143054,0.020912144,-0.008874658,0.07156449,0.11175119,-0.01748664,-0.027832383,-0.025102882,0.040528707,0.078731045,0.032101415,-0.025237389,0.08420928,-0.034215298,-0.01150738,0.09095816,-0.044565257,0.009956414,0.06387975,0.034019843,0.07602525,-0.027916197,-0.015706455,-0.01646594,0.021738641,-0.013040416,-0.017421206,-0.05923462,-0.011223481,-0.019106373,0.022389455,0.052487746,0.036265932,0.048511967,0.008290182,-0.018276861,0.026736408,-0.0100276135,-0.021447456,0.03244386,0.058762975,0.021715784,0.0017706361,0.05845181,0.07229053,0.04784689,0.032542955,-0.0348969,0.01860864,103,88
0.011784221,-0.021589452,0.04149183,-0.1148035,-0.0037690867,0.07615621,0.019168857,0.028534036,-0.010135971,0.002826719,-0.05236576,-0.033914324,-0.02439889,-0.00065361336,-0.06747965,-0.014899427,0.0076777963,-0.04492607,0.033170678,0.01003175,0.0022165114,0.016931958,-0.038214922,-0.046703294,0.03815766,-0.011000657,-0.038109645,0.017908882,0.054374605,0.039915442,-0.010327108,-0.019212218,-0.025724579,-0.098064944,0.10697992,-0.021553809,-0.0006132908,0.029990263,0.009625045,0.02082935,0.04686345,0.06916383,0.0066328757,0.05505027,0.0051101632,0.055152006,0.034951545,0.07119447,0.024127055,-0.0014162837,0.09600671,-0.059592728,0.030419819,0.026731104,0.040221572,0.002196245,0.06754075,-0.02282595,-0.013483647,-0.0012735017,0.0045236386,0.016605211,0.0036298032,-0.051548716,0.050514247,-0.048237063,-0.026705861,-0.03072003,0.0069263093,-0.022378577,0.02159678,0.03086813,0.07529163,0.0001832582,-0.018139567,0.022441827,0.03670074,-0.006635446,-0.031296477,-0.04132893,0.033236027,0.061885644,-0.013206998,-0.012617823,-0.008610146,0.011443557,0.0040298067,-0.008608743,0.05166882,0.06362659,105,89
-0.0051647993,0.06352702,0.066077836,-0.06082104,-0.01294544,0.004201576,-0.0015572621,0.02059912,-0.00055142096,-0.035353437,0.03447103,0.03929933,-0.021158103,-0.057549406,0.019217245,0.0075165327,0.06896486,-0.07699957,0.014123202,-0.06473096,0.01951635,0.038178198,0.0070058703,-0.0399633,0.043466657,-0.02083606,-0.08235883,0.09892172,0.023371743,0.052651197,0.042597815,-0.074419595,-0.047276307,0.052338053,0.10652149,-0.024362244,0.008682974,-0.025289088,-0.04067323,-0.03796875,0.043337625,0.0057149436,0.013987973,0.011328639,0.026829347,0.022368819,0.009934308,0.0025189985,0.004373193,0.018026594,0.087891,-0.010490738,0.018170558,0.040657893,0.03565134,-0.051483303,-0.004254788,-0.010670677,0.08677335,-0.028051868,-0.05524336,0.010514161,0.014806666,-0.01765766,-0.017436516,-0.014883008,0.0007560551,-0.033836044,-0.1099869,-0.037685823,0.018086355,0.02656075,-0.00042344816,-0.040001918,0.012195753,-0.026723836,0.06407172,0.049857207,-0.013505163,-0.0072363997,-0.0055035846,-0.030530516,0.03855107,-0.010556033,0.060469776,0.022275483,0.030526694,0.041929524,-0.025340706,0.013788251,114,90
-0.06766414,-0.0029491312,0.039242886,-0.04066957,0.01890607,0.047484353,0.03856577,-0.0109674055,0.024722021,-0.037230134,-0.06707536,0.007392347,-0.019879155,0.002278883,-0.0013052532,0.026062448,-0.020368923,-0.017472541,-0.058989782,-0.022873983,0.020009588,0.025667373,0.02136286,-0.017267354,0.028400585,-0.021889498,0.007790856,0.009620337,-0.023508685,-0.054971788,0.0040068086,-0.02105559,-0.037575923,0.0010252658,0.054167267,-0.031325635,0.042922456,0.005430866,0.014127739,-0.067476325,0.085684,0.007797323,0.00815567,0.019872759,0.009491254,0.05738769,-0.009268449,-0.01586909,0.006865657,-0.006280018,0.07334404,0.05924893,0.013907364,0.04096464,0.021754654,0.0062267333,0.08176959,-0.004972348,0.055594746,0.042884484,-0.028687373,0.01876947,0.027639851,-0.067106575,-0.042437963,-0.02579258,0.027423529,-0.0022402164,0.029294007,-0.013051005,0.049340446,0.0164642,0.034529768,0.0008211136,-0.058075946,-0.0029953863,0.030257348,-0.0057436097,-0.019486662,0.007732337,0.062404312,0.019288974,0.068504326,0.00042396598,-2.6155263e-05,0.03738591,0.03590751,-0.0054962747,0.028748523,-0.006710533,101,91
0.00440785,0.046308003,0.03679795,-0.042183522,-0.003165423,0.08035271,0.049554132,0.042953655,0.062727995,-0.022169577,-0.037927575,-0.003500007,0.012113363,-0.015136298,-0.03808724,-0.039647546,-0.023455927,0.045657992,-0.035326075,0.028095355,-0.031070573,0.10938296,0.0065019317,-0.0065487213,0.05679722,0.021212958,-0.017940655,0.04425932,-0.008263899,-0.012394924,0.059278518,-0.023536539,-0.063437134,-0.032102823,0.0631433,-0.01649788,0.055786125,0.022993632,0.08883797,-0.026028965,0.053380378,0.08699795,-0.03017033,0.04429453,0.07402983,0.063035764,0.05121846,0.027401943,-0.046658613,0.017196164,0.057245135,-0.004576901,-0.0075306464,0.0415686,-0.030738521,0.019388571,0.07533322,-0.014165748,-0.0096800625,0.0070151417,0.013575597,0.032592,-0.024754941,-0.0054829465,-0.0017757546,-0.02906616,-0.006152693,-0.067259856,-0.020524152,0.001487127,0.045061864,-0.044788767,0.0070289755,0.05035964,-0.003621303,0.03814054,0.0413905,0.035359453,-0.046956237,0.009379856,0.028424527,-0.0017290339,0.03535635,0.00017129467,0.0012276433,-0.019187914,-0.036534548,0.04157477,0.032351777,0.050868697,110,92
0.011453471,0.004471597,0.05091532,-0.06905717,0.049546827,0.021010755,-0.008520007,0.0069788718,-0.0032216636,-0.036844984,0.014852444,0.008277006,-0.03898064,-0.058533404,-0.015259425,-0.052049328,-0.035052344,0.032055054,-0.009275243,-0.006033321,0.042667493,-0.032124676,0.0043203738,-0.015753016,0.0007479526,-0.008783655,-0.0022535024,-0.018303454,0.0333917,-0.0005936008,-0.016264556,-0.06957268,-0.014370846,0.00645177,0.102977626,-0.018037226,0.043176677,0.035998423,-0.031025946,0.02361808,0.04840305,-0.019257896,0.00049567595,0.0596186,0.0049406253,-0.03935206,0.0017780578,0.033512883,-0.037771344,-0.0105632115,0.1524607,0.0020140018,0.039580334,-0.0042978097,0.07527658,-0.01625764,0.061528523,0.005280841,0.0014643706,0.016406113,-0.010042862,0.020445239,0.025474768,0.0030315625,0.034992594,-0.07924861,0.036307853,-0.064208716,0.045446046,-0.008112995,-0.0010317676,0.048927635,0.032588303,-0.033828262,-0.046929665,0.019901175,-0.0013269316,-0.0011097733,-0.033105843,0.037148003,0.020217344,0.020970408,0.007734786,-0.004714424,0.012973183,0.02338847,-0.041498635,0.030602664,0.024761043,0.097572386,111,93
-0.036283582,-0.020357458,0.064596646,-0.0077851787,-0.013221467,0.0146708805,-0.0017724191,-0.010721444,-0.012441153,-0.026325233,0.06101344,-0.027293012,-0.056765426,-0.046872288,-0.007397538,-0.104551755,0.034064192,-0.018362792,-0.007148017,-0.028354432,0.04228264,0.02380146,0.01126553,-0.06688285,0.08748324,0.044029508,-0.003846055,-0.021458715,-0.034955986,0.022903003,0.06235291,-0.06238673,-0.1314624,-0.0039018723,0.043949127,0.014502427,0.040093116,0.041916374,0.0034237858,0.024124172,0.034931473,0.024563506,-0.07427418,0.04900991,0.013602891,0.02663696,0.0010432629,-0.00021726824,-0.03862845,0.0067043183,0.10583637,-0.017306002,-0.0068853116,0.033967607,0.01373311,-0.0494913,0.037456404,-0.058190417,-0.012693763,0.024664067,-0.058983482,-0.023505311,0.02190056,-0.0013559395,-0.046904713,-0.035148833,0.02558294,-0.04680433,-0.07353628,-0.030270107,-0.001941599,0.068705134,0.07030103,-0.046389323,0.027256332,0.00012507197,0.020466972,0.11329329,-0.011716397,-0.00296696,0.015982036,0.027008245,0.02163921,-0.0042574657,0.01672412,0.008924941,0.04545705,0.06863639,0.10018686,0.02501817,114,94
0.035665438,-0.00089495257,0.030094199,-0.10144414,0.008128352,0.04610597,-0.009777639,0.0073033934,0.0008368902,-0.06577863,0.014196441,-0.033924613,-0.022162441,-0.056529604,0.03661676,-0.019539448,0.025241107,0.0076551503,-0.010729178,0.01545243,-0.05377747,0.03662936,0.01605073,-0.036156137,0.042409413,0.026882015,-0.016030304,0.009256125,-0.011986705,0.094187975,0.047787324,-0.08155213,-0.086983636,0.023627125,0.10113724,-0.05693369,-0.0037944242,0.021849409,-0.029678814,0.0038994094,0.031176437,0.009555811,-0.025349023,0.011099611,-0.007085247,0.004195329,0.019541215,0.033569194,-0.016241169,0.005663351,0.025171418,-0.001556546,-0.027867697,0.05945059,0.047446694,-0.027456967,0.044524245,0.010113735,0.053685483,-0.025606133,-0.018555189,0.057926327,0.012113946,0.04457055,0.089408085,-0.032096688,0.013606905,-0.020863663,0.046306066,-0.0004581199,0.06690984,0.055891335,-0.020458808,-0.008711827,0.027294679,0.033969928,-0.0028408617,0.01833044,0.0075495243,-0.021299956,0.02735883,0.040643424,0.046068247,0.03182085,0.056347735,0.017536934,0.049277455,-0.005826191,0.0069618467,0.10630233,103,95
-0.0006714333,0.046339482,-0.035726234,-0.051919788,0.058795303,0.05861503,-0.0027890066,0.02899617,0.019937878,-0.039183922,-0.078825325,-0.007556021,-0.0076279026,-0.070822865,0.035505846,-0.035774264,0.036848564,0.0067760954,-0.03825366,0.019233245,-0.061099313,0.09324471,0.0029851282,0.03795965,0.021553118,0.0214396,0.023102602,0.054998487,0.033881783,0.0076002153,0.08049299,-0.0027495883,-0.01050782,0.012161639,0.083531916,0.059584,0.044323254,-0.013110355,0.073804066,0.009590215,0.05277662,0.08085966,-0.04173938,0.019112715,-0.0070527922,0.003121566,-0.023774708,0.00685046,-0.0013855911,0.0038408367,0.02935221,-0.026514165,-0.01984628,0.04085358,0.010675988,-0.111729786,0.055673007,0.016483124,0.034371655,-0.0075313887,0.0117852595,-0.008162055,-0.01388698,-0.014598328,0.015677048,0.030762918,-0.06813836,-0.042759757,-0.04823216,0.0038816596,0.033326462,0.036762107,0.009265875,0.027852222,0.057400458,0.022939712,-0.038638137,0.05195488,-0.009200724,-0.019013252,-0.009474841,0.060060486,0.026277715,0.028748197,-0.023971861,0.030830042,-0.0019783936,0.090328306,0.006396646,0.03267457,103,96
-0.0021569459,0.02445057,-0.010752827,-0.048317745,-0.013273485,0.01151488,0.02384672,-0.014281596,-0.04897929,0.0030004913,0.031591095,-0.019635333,-0.010676531,-0.067326434,0.031694695,-0.030621272,-0.030592851,0.06253217,0.03818846,0.033674352,-0.0382426,0.047221564,0.00018389896,-0.08980138,0.04584914,0.038615268,0.0069855293,0.012741594,0.02435482,0.030947402,0.04165846,-0.026973765,-0.023816958,-0.017303113,0.0898979,0.0011834437,0.08620379,0.009438755,0.022294862,-0.02034771,0.10009508,0.03338107,-0.020520182,0.039686836,0.024831003,0.043904543,0.011120919,-0.0030534565,-0.0017031541,-0.008736318,0.01979908,-0.024770666,-0.066065535,-0.008151704,0.027851317,-0.08905953,0.056675225,-0.06346509,-0.022740174,-0.012862845,-0.0027707294,0.042296946,-0.054989073,-0.047090683,0.017023563,-0.059489723,0.0066938065,-0.022034973,-0.11724494,0.012380702,0.014208843,-0.058158386,0.028351983,0.04690731,-0.017794263,-0.009392881,-0.014061425,-0.0142701045,-0.003617796,0.04645554,-0.027004212,0.018073048,0.051458158,0.02814995,0.034944292,0.05232615,0.019586194,0.002059038,-0.004581513,0.061564047,102,97
0.009638387,-0.0038613565,0.05014979,-0.00027478486,0.0024776738,0.075485505,0.016105982,0.008629762,0.056062296,-0.011829838,0.02880514,0.010800179,-0.013745349,-0.067798644,0.052363,-0.13168432,0.009030078,0.029719215,0.007120772,-0.050168693,0.00033369055,0.03118409,0.036418237,-0.035717584,0.088761404,-0.0376637,-0.03216813,0.07202168,0.0054067243,0.016176978,-0.004611805,-0.055710465,-0.05032439,-0.0028322558,0.0882578,0.0021047145,0.029983167,-0.033687558,0.06544029,-0.015702423,0.023550805,0.053628065,-0.00010345131,0.0105466265,-0.0102677625,0.03502418,0.032235764,0.0068166805,-0.008544454,0.013538773,0.08373889,-0.013450723,-0.017799878,0.02573922,0.020496007,-0.073171616,0.0644331,-0.05828894,0.027399315,-0.018404268,0.016434094,0.005523162,-0.04590232,0.023623362,0.003917762,0.016780097,0.0285715,8.762628e-05,-0.08385723,0.0067910408,0.030194689,-0.033934575,0.03754187,0.019242074,0.020273533,-0.0012381742,0.0257543,0.046576366,-0.0024118023,0.002376039,-0.0009552641,0.00497221,0.019803189,-0.0012692935,0.049217217,0.018090727,0.041336976,0.050570622,0.02944281,0.023968747,102,98
0.00090775825,0.010789348,0.013881192,-0.09456007,0.08528127,0.04964673,0.038325325,0.02672382,-0.034726433,0.007550845,0.042546835,-0.020948889,-0.009171005,0.012897819,-0.060266495,0.024010058,-0.05332748,0.022634046,0.049408395,0.031705048,0.0069809826,0.06380886,0.003970979,-0.0648325,0.036537625,0.08268784,0.02983484,0.039495394,0.034448765,0.0470764,0.07008623,-0.0035035163,-0.10893507,-0.043855928,0.03787703,-0.022263858,0.100281745,0.013374401,-0.02442957,-0.040860057,0.008649986,0.075379595,-0.0076748505,0.02739995,0.0008493196,0.06308951,0.039907616,-0.027892048,0.0031087934,0.0033543622,0.08712038,-0.01271509,0.01799966,0.02077339,0.022302482,0.046110388,0.08412901,-0.06361911,0.06581128,0.039896753,-0.0087345345,0.012570741,0.04854632,-0.0047118627,-0.02197101,0.0018585399,0.017414084,-0.021166068,0.04991678,0.009134457,0.07547948,0.0013568128,0.055000424,-0.051263582,-0.008089788,-0.00094811927,0.00014592148,0.047725324,-0.008084936,0.013700593,0.045017797,-0.0011208188,0.06919656,-0.0050318656,-0.005470259,0.07441267,0.0476027,0.04064658,0.020853229,0.06204074,102,99
-0.0063378303,-0.011998227,0.050514158,-0.06624194,0.08990079,0.03333252,-0.0075259283,0.02058309,-0.030310502,0.050140195,-0.022570206,0.04158109,-0.056094196,-0.033572342,0.05836747,-0.028936766,-0.009060768,0.028279867,-0.002024692,0.02869904,-0.029882023,0.02973099,0.02467652,-0.019248767,0.013143865,0.009346954,0.00014727423,0.02325048,-0.018402303,0.0011272021,0.042900823,-0.04609558,-0.05757966,-0.01095376,0.048471656,-0.022358034,0.031007886,0.01717415,0.056094386,0.012924339,0.038165975,-0.0005672723,-0.06470977,0.009452179,-0.013448628,-0.023513421,-0.022444619,0.06386966,-0.067977674,-0.02436744,0.036069073,0.028194157,0.022901695,0.03220226,-0.009690672,-0.03632276,0.09764822,-0.013847634,0.034848496,0.033378392,0.043259926,-0.0063655023,0.040065933,0.026668925,-0.020632189,0.017423898,-0.017192071,-0.06315083,-0.013694542,0.06291984,0.034117274,0.01290728,-0.007691672,-0.01080215,0.026991462,-0.02828551,0.015007045,0.027969461,-0.019018313,-0.04616476,0.02143722,0.06181505,-0.01405921,0.014011065,0.052369542,0.016225416,0.042308327,4.7599897e-06,-0.03231919,0.075180665,110,100
0.016375352,0.025787408,0.0549318,-0.017602853,0.004571883,0.033343628,-0.020091213,0.02388515,-0.028284654,-0.041079987,0.012554807,0.023457328,-0.067463905,-0.017993296,-0.049581464,0.010927828,0.010663414,-0.047713615,-0.026047908,0.0341375,0.046231747,-0.0062836036,0.114718616,-0.05565483,0.021230672,-0.040356554,-0.03199935,-0.019455574,0.0766767,0.07724431,0.015830804,-0.064466305,-0.011649082,-0.012460476,0.08969219,0.04961835,0.074531354,0.020311147,0.05153133,0.041718528,0.038269196,0.024648193,0.041044243,0.020803453,-0.0144522395,0.016799642,-0.047489475,0.055092983,0.023810918,-0.013834819,0.014854163,-0.01350532,0.009623652,0.015794082,-0.0022510793,0.062425394,0.092301175,-0.04072538,0.022493618,-0.011454589,-0.011903183,0.026994172,-0.02184669,0.01636244,-0.06400034,-0.051360235,0.046639435,-0.099630654,-0.047701724,0.027116891,0.05412956,-0.04091981,0.060312323,-0.00055879727,0.08893521,0.04226355,0.008541119,0.087671675,0.047461763,-0.021061502,-0.0062637683,0.07103713,0.03739148,0.04644351,-0.03519547,0.051417924,0.0035867002,-0.009865521,-0.050323535,0.022038521,110,101
-6.3450076e-05,0.05040402,0.055029407,-0.041556943,0.05961617,0.06066367,-0.036462374,0.021007642,0.03657538,0.018201066,-0.06505942,-0.0055142753,-0.013027685,-0.07368016,0.023091137,-0.031357415,0.004140637,-0.035605542,0.028244149,0.0013304097,0.06623652,0.05243092,-0.022681268,-0.037202757,0.02142249,0.021268344,-0.023640897,0.0103762355,0.03918403,-0.0027821157,0.003843287,-0.05210054,-0.044562474,-0.0031698584,0.02775654,-0.039431285,0.077974774,0.027237253,0.045262735,-0.010657761,0.088574305,0.0018440727,-0.025047595,0.089833885,-0.018729137,0.015501086,-0.018224725,-0.016994184,0.015344683,-0.0139533095,0.048466552,-0.0028319056,-0.019541083,0.022008581,0.06264267,-0.09030856,0.08871221,-0.06320901,0.048330218,-0.023320388,-0.045917194,0.06675739,0.010670305,-0.011671475,-0.075,-0.011015939,0.042986393,-0.05610529,-0.023612464,0.08811034,-0.038502257,0.03997178,0.032980382,0.045528933,-0.004323732,-0.012042926,0.04450266,0.0029617194,-0.020458456,0.01273397,-0.010269163,-0.0019588228,0.037193496,-0.02950413,-0.02302284,0.0037167482,0.002805937,-0.015520428,0.008844455,-0.009205926,101,102
0.013535825,0.035510853,0.010173492,0.035865776,0.01745813,0.1173152,0.033725243,-0.02466774,0.017286988,0.015428731,0.0040250765,0.0055301054,-0.060762398,-0.06477783,0.018444728,-0.060740862,0.0024959818,0.09119685,0.008830703,0.031384893,0.01542276,0.029603181,-0.026056698,-0.015506413,0.0390906,0.0546453,-0.0005038213,-0.012534755,-0.054064058,0.025354255,0.08390162,-0.042538915,-0.026194306,-0.03442185,0.09155127,0.019236527,0.053247843,0.032437418,0.04689519,-0.02273609,0.052950177,0.013664711,-0.022313708,-0.048164696,0.027688812,0.100481234,0.021334503,0.0003477116,-0.0072624497,-0.029926963,0.09821804,0.049113087,-0.027006347,-0.0065905806,-0.011144057,-0.022970693,0.029789593,-0.042223196,-0.003894087,0.001273761,-0.038160376,0.0022213124,0.023735818,-0.0053330706,0.030574076,-0.017892953,0.046568066,0.023268558,0.042318493,-0.019167246,0.029465001,-0.056643676,-0.0018320736,0.09005735,0.008384174,-0.041687436,0.013785876,0.05780469,-0.029277083,0.010811733,-0.038114868,-0.038541246,0.0254887,0.032637425,0.0061560534,-0.007419912,0.070058905,0.024676543,0.031180754,0.04585189,103,103
-0.018319858,-0.03177138,0.10288553,-0.055755746,0.01331689,0.07090654,0.0063368,0.00046893867,0.039255664,0.014308054,-0.007702212,0.035326667,0.017640889,-0.0775065,-0.0023378022,-0.051568147,0.003370097,0.0046437383,0.033528633,-0.034333486,0.046536267,-0.015977718,0.020282557,0.020367201,0.034966804,-0.00073842146,0.004917274,3.852835e-05,0.06741814,-0.03528662,0.035006206,0.010871019,-0.033611618,0.032891285,0.015590221,0.01677725,0.06135258,0.04937667,-0.0007114578,0.0117679825,0.039836153,-0.01737379,-0.030965274,0.003735112,0.029545208,0.05213856,-0.030338468,0.0017395769,-0.032523453,-0.0039920965,0.12954271,-0.0005076686,0.00034671905,0.03896208,0.036239594,-0.044612598,0.047295436,-0.06809512,0.06915522,-0.028967455,-0.008359101,-0.037882067,0.043214306,0.014105136,-0.009945118,-0.043338463,0.0042849947,-0.049685087,-0.055981614,0.0015515,0.029521052,0.02743542,0.033207383,-0.021563131,-0.0031400034,-0.0111131435,0.017734442,0.018068522,-0.03652712,-0.023274906,0.049757086,-0.015837785,-0.06964838,0.010994941,0.004800246,-0.030064853,0.022471152,0.0056971754,0.059709117,0.08592433,112,104
0.005785257,0.025619205,0.006765086,-0.06948979,-0.0031578,0.044857536,-0.029761108,0.0023227965,0.022899345,0.018062638,-0.018407952,0.02655745,-0.018428179,-0.05645677,-0.0019661866,-0.007275082,0.06761197,0.012828585,-0.030567717,-0.05389862,0.033977635,0.056832753,0.03964153,-0.02999022,0.021046303,0.006088838,-0.051398743,0.003533354,-0.03698072,0.016582897,0.0039451346,-0.049566932,-0.003700925,0.081753574,0.07680972,0.017288193,0.031072438,0.101955116,-0.0039245524,-0.02400762,0.019935155,0.060650982,-0.0024085492,0.019994237,0.06235999,0.054362588,0.019829903,-0.024094326,-0.0019171839,-0.0110792555,0.014772281,-0.0070341746,0.055562355,0.013625219,0.059623268,-0.034013737,0.06028665,-0.11952071,0.016375938,0.06765668,-0.022226851,0.034846544,0.028024074,-0.0025472902,0.014273759,-0.038424045,0.06111004,-0.029028442,0.020325698,-0.016751217,0.08852946,-0.01245336,0.0011060629,0.01324528,-0.04896952,-0.022912733,0.0029425975,0.036683828,0.015433578,-0.01720697,0.032715574,0.030596908,0.014795201,0.047059074,-0.019426266,0.046097692,0.018393513,0.048875507,-0.03606333,0.019021561,114,105
-0.020872142,-0.060361214,0.04536298,-0.048202433,0.015810791,0.02277563,0.008316742,-0.0113215,-0.022417543,-0.04585636,-0.0015985025,0.0044282377,-0.04341757,-0.024436194,0.031376384,-0.023282181,0.010449892,0.032135613,0.0031160992,0.03191698,0.046781175,0.047464475,0.009051584,-0.009093499,-0.013073795,-0.012201397,-0.054310758,-0.010414017,-0.005370153,0.059265684,0.07185674,-0.058494195,-0.00886348,0.032752026,0.033342503,-0.053097807,0.026043009,0.023311555,0.045546643,0.0028108368,0.037536945,0.050597653,0.047886357,0.08173754,0.019698448,0.0052470714,0.006990251,0.078777894,0.020482788,-0.06329682,0.09241317,-0.027136594,-0.029616479,0.061379217,0.025371164,-0.032596953,0.021059942,0.051479254,0.030100074,0.02731131,-0.043729655,-0.019156298,-0.005946758,0.012488353,0.042340565,0.017165206,0.01600235,-5.8021396e-05,-0.021793313,0.0014568721,-0.020335272,0.0019101314,-0.031552836,0.029861428,-0.042597007,0.02106724,0.046565168,0.012919232,-0.023757152,0.010390706,0.050540067,-0.049933176,0.015990201,0.025856655,0.022058502,0.040072866,0.05480145,0.0072821314,0.04484719,0.07539328,101,106
-0.039902244,0.016052278,0.06360746,-0.07768091,0.015345292,0.058265813,0.023012083,0.0071046613,0.06340484,-0.021618534,-0.040666465,-0.0078587355,-0.041211,-0.01650382,-0.01918054,0.012086067,0.0322154,0.059403308,0.006857489,0.04578537,0.020935267,0.0267813,0.042595625,-0.04971485,0.024375152,-0.021479296,-0.06248424,0.055013362,0.012075057,0.065363675,0.005324006,-0.002878597,-0.063392416,0.009607926,0.06273621,0.023922324,0.055641364,0.008932013,0.07880886,0.026384361,-0.0111608505,0.08530292,-0.013791079,0.005917227,0.013683744,0.10160658,0.05158877,-0.009284945,0.06737872,-0.018138416,0.061928548,0.053401012,0.03677111,0.10277817,0.041688077,-0.04181145,0.008005381,0.051856335,0.007962316,0.0041975174,-0.029440898,0.021862984,0.053784788,-0.07597287,-0.013731789,0.01185802,-0.029291224,-0.03165702,-0.008839952,0.018099857,0.033677656,-0.0034885409,0.018746,0.041385964,0.0075247865,-0.014291186,0.010382556,0.10277898,0.074778095,0.0016884115,0.030936368,0.027336296,0.04654074,0.0006902325,0.036779266,0.038004924,-0.0012221951,-0.0036240583,-0.024803031,0.05644437,110,107
-0.003446633,-0.012801874,0.07405831,-0.05442815,-0.015423482,0.08837551,0.024639256,-0.0135562355,0.009724467,-0.03504803,-0.017984843,0.026437663,0.043884035,-0.028926961,-0.014043758,0.026442163,0.0041335514,-0.016784841,0.018199552,0.05774141,0.012154466,0.010860223,0.025225706,-0.025233261,0.028593129,0.040874373,-0.048547816,0.0023666676,0.06297253,-0.03376999,0.02469984,0.020317107,-0.028190218,0.011347398,0.09539612,0.0034934622,0.056109056,0.07066504,-0.008779606,-0.04172924,-0.013849214,0.03052259,-0.083509654,0.0280565,0.0030321702,0.052165046,-0.0012737405,-0.0063066166,-0.0030564596,-0.028724682,0.037276503,-0.012332905,0.018232312,0.030256767,0.038411066,0.039208163,0.050084926,-0.0862356,0.015243978,0.05833728,-0.0030025132,0.0042641717,-0.03830301,0.0279943,-0.0007341765,-0.093506604,-0.11557518,-0.0017636642,-0.0036410429,0.0039705657,-0.014947049,-0.034240164,0.02675854,0.016873479,-0.03936713,0.038603418,-0.0072449427,0.035595022,-0.01714943,-0.016663179,0.0014768243,0.04361255,0.07059993,0.00432852,0.043135576,0.017029237,0.100663275,-0.0027502114,0.03869016,0.06470227,111,108
0.0020828918,-0.0015533916,0.06428321,-0.032777987,0.00815571,0.01866408,0.024046976,-0.04123025,0.030341716,0.052817006,0.017917402,-0.0017549415,-0.022226635,-0.06015701,0.01012489,-0.048173815,0.005893424,0.03167831,-0.018530793,-0.048975978,0.03826142,-0.011969693,0.05513282,-0.022437127,0.07052617,0.05697459,-0.0028030556,-0.03920939,0.03127639,-0.009076126,0.0070987325,-0.07916561,0.006034689,0.06747606,0.07131695,0.025472935,0.004433863,0.031803507,0.07517788,-0.018341545,0.086971104,-0.037859913,-0.11057515,-0.000630077,0.04080627,0.060551886,0.0001866559,0.06603368,-0.004780011,-0.026862688,0.14352998,-0.024997003,-0.03282611,0.100321844,0.043027524,-0.057324953,0.060272954,-0.034088805,-0.023919608,0.033377625,-0.0355338,-0.046792693,-0.0022291103,-0.0072758878,-0.026315846,-0.02948356,0.033743456,-0.02407855,-0.053294815,0.007647392,-0.0030138101,0.071746826,0.015201725,0.037842315,0.007981728,-0.0017330435,-0.03248112,0.021861173,-0.04207696,-0.0003772257,0.061214536,0.038193084,0.035155643,0.05588165,0.032865293,0.017414968,0.08340223,0.049634565,0.03516228,0.06438963,109,109
-0.012901876,-0.004046793,0.012637839,-0.12458911,0.06676891,0.03826585,0.038830332,0.033831272,0.021271028,-0.0639081,0.024615496,0.03183847,0.006763395,-0.079783194,-0.019231034,-0.0038101887,0.0074656494,0.03219276,-0.009378428,-0.009482845,-0.03341186,0.024457917,0.09207321,-0.021269247,0.06442517,0.019542303,0.026807066,-0.054148465,0.027912293,-0.012726542,-0.006423548,-0.062959224,0.01786552,-0.006158929,0.056961246,-0.03308785,0.033810407,-0.015305821,-0.011638168,0.039401487,0.005910553,0.011547904,-0.018251361,0.063856274,0.043166876,0.035855126,0.008833859,-0.0086219665,0.0070103733,-0.0692584,0.09852374,-0.047925472,0.04317602,0.06077309,-0.010511521,-0.03786406,0.05979305,-0.041045684,0.03743752,0.04802726,0.016067905,-0.035608567,0.027865501,0.055611044,-0.030378025,0.034553964,0.03958825,-0.06735496,0.01007463,-0.030276787,0.00022700429,0.02384205,-0.0074464045,-0.01221678,0.02749817,-0.009748925,-0.026377635,0.020114364,0.0030539082,-0.014104119,0.051049374,0.013922641,0.02603375,0.027598461,0.028130509,-0.005127603,0.0005122069,0.02435219,-0.0005897712,0.02290319,111,110
0.046119712,-0.021042112,0.034333877,-0.0418954,0.045856915,0.05164894,0.00065490976,-0.050225124,0.027749779,0.0012419317,0.035662387,-0.02458309,-0.049442306,-0.063676625,0.029037245,0.030286327,-0.0026422096,0.03972406,-0.018184818,0.009040691,0.033670682,0.02818961,0.0073934654,0.023677744,0.0934134,0.0072105834,-0.0075700507,-0.015769664,-0.027127376,0.036331587,-0.014653092,-0.06519496,-0.009407113,0.036750287,0.147609,-0.036984425,0.059447914,0.09285776,0.061210133,-0.01697538,0.09385584,0.09261085,-0.036041923,0.04329175,0.052965518,0.08202876,-0.011087762,0.0100313295,-0.0071148057,-0.058489338,0.0670224,-0.025959602,0.007632919,-0.00241388,0.021515235,-0.008775465,0.045930237,-0.104577705,-0.00016141869,-0.029227614,-0.0011224188,0.016373808,0.0019234791,-0.019466057,-0.008187477,-0.020678006,0.004489316,-0.06992355,-0.06293005,0.0059195673,0.025217807,-0.007617861,-0.036862165,0.063619465,-0.03955459,-0.052839253,0.07811184,0.029224463,-0.019945677,-0.0034512042,0.017955521,0.03886224,0.060862616,0.036730863,0.035356976,0.05046463,0.011507882,0.027298234,0.042003676,0.04729736,101,111
-0.024185935,-0.009752,0.06943234,-0.032225184,0.0247113,-0.007029664,0.021311646,0.013355659,-0.01576388,-0.03423826,0.069916025,0.03403052,-0.017633906,-0.093048885,-0.034475695,-0.033045076,0.013774303,0.08122982,0.046057787,0.08106256,-0.016854212,0.045416653,0.0118442075,-0.070216954,0.040426064,0.043954946,-0.04442775,0.009380983,0.04571456,0.08947985,0.076220974,-0.04360684,-0.02621376,0.038222928,0.030862607,-0.026048051,0.0734323,0.00020403415,0.038684193,-0.015242323,0.03941015,-0.0070798434,-0.02198136,-0.017292656,-0.023766091,0.04480198,0.0237617,0.08129248,-0.04814385,-0.033899106,0.06501902,0.043563202,-0.00074656494,0.0789433,0.033137888,-0.06706752,0.07249425,-0.07699108,0.047635604,0.046386756,-0.067940556,0.024363391,0.012901822,-0.0320759,0.014556747,-0.023559038,-0.023080256,0.009559151,-0.040232714,0.0030279756,-0.00012099184,-0.04667135,-0.0034720488,0.019961989,0.029377867,-0.0067402665,0.059945613,0.046252374,-0.041883536,-0.015468275,-0.017178021,0.028638225,0.05941739,-0.011993812,0.003723911,0.0177004,0.040859036,0.03743838,0.012590192,0.08686846,114,112
-0.035502024,0.033487275,0.09724188,0.006053921,0.008264053,0.016242798,-0.0028437776,0.058441345,-0.0016776174,-0.023288915,-0.03565853,-0.0025726222,-0.06402108,-0.11463255,0.03239747,-0.020137168,0.04573692,0.018466284,0.07065442,-0.017573776,0.0279488,-0.011484146,0.043235745,-0.03159283,0.04899355,0.0040094163,0.020811193,0.02903597,0.058235876,0.015568621,-0.017044658,-0.06509893,-0.084356084,0.07131341,0.021221597,0.047345705,0.052500173,0.0715992,0.036494672,-0.03163383,0.072038874,-0.026184589,-0.030213166,0.029543314,0.041592002,0.084376626,-0.015903784,0.035796665,-0.0055680964,-0.0059251795,0.042340755,-0.07692407,0.037222356,0.051347718,0.055016264,-0.07646909,0.055679314,-0.06633984,0.022567673,0.006332513,0.019444263,0.017641673,-0.0019620406,0.009282686,-0.026745614,-0.019313168,0.052622817,-0.042250708,0.028079696,-0.05436204,0.020794835,-0.030157201,0.0019302256,0.005616484,0.039443597,-0.056109484,0.061290517,0.04779708,-0.039948873,0.045399662,0.013232148,0.008277167,0.031879097,0.0051963776,-0.01309504,0.031925254,0.019969393,-0.09916875,-0.054623246,0.06588313,111,113
0.012432287,-0.0018571317,0.018398141,-0.02443904,0.022007985,0.044628378,-0.02092567,-0.019033,-0.013849314,0.026048709,0.051021636,0.02350258,-0.019157946,-0.09581669,0.036181644,0.044250302,0.01412467,0.06348857,-0.020385046,-0.03467286,-0.014299093,0.074427605,0.032010164,0.029807143,0.054040834,0.017412083,0.022195525,-0.10106988,0.07944937,0.0801571,-0.010775959,-0.06443548,-0.04355978,-0.01801754,0.05313927,-0.01809779,0.030766549,0.020169962,0.044895947,-0.039533,0.026532395,0.06417314,-0.01059205,0.03780425,0.032486506,0.054562725,-0.004171967,-0.010532124,-0.053494155,0.0097807655,0.03955689,-0.0054863803,-0.0988159,0.031592935,0.022657653,0.007031627,-0.004028391,-0.10248181,-0.01841338,0.02328571,-0.020348936,0.018401956,-0.06303323,0.023433432,-0.004400486,-0.024809271,-0.005642116,-0.0090638865,0.03889122,0.021932516,0.036364816,-0.00838498,0.06421184,0.050569646,0.033386543,-0.025232393,0.0242913,0.089095116,-0.014493275,-0.025782503,0.0054793637,0.021202233,0.053027365,-0.0057905167,0.03149133,0.057304427,0.01158073,-0.06805414,-0.0053674993,0.054978907,100,114
0.017592642,0.008484952,0.013069037,-0.056131877,0.032428324,0.034105062,-0.011483364,0.033729106,0.028694535,0.059825353,-0.0024397317,-0.0390715,-0.03258739,-0.035115533,-0.04501547,0.010642398,0.035224818,0.045589916,0.036424894,0.029166058,0.011227907,0.005968757,0.024761094,-0.007132482,-0.008306317,0.026166463,0.016001116,0.032031897,-0.01574313,0.0717973,0.012232243,-0.009605076,-0.022510482,-0.0010514176,0.12249571,-0.058719113,0.06115605,0.03954594,-0.020706903,0.029179748,0.044044547,0.060617078,-0.052288115,0.03242075,0.060300127,0.038244992,-0.001170668,0.00842077,-0.010160183,-0.05493228,0.042198636,-0.0140514,0.057048794,0.0011461824,0.0033635963,0.028686754,0.04663887,-0.060692593,0.058534894,-0.01265044,-0.057279035,0.014896138,0.013313576,0.037335124,-0.008640761,-0.028868511,0.0017040707,-0.010829216,-0.06369241,0.0028720663,0.027128682,0.051563025,0.031444035,0.028743777,0.049162664,0.0576314,-0.015714472,0.03327035,0.011499232,-0.015464753,0.024750058,0.07689503,-0.027967459,-0.00693945,0.03497223,-0.025896123,-0.007469192,0.060964454,0.011754626,0.02466774,100,115
-0.050439592,0.008940605,0.06918376,-0.032784782,-0.035303414,0.08694005,0.003162128,-0.029313568,0.0063209855,-0.0011530309,-0.00016673002,-0.030843735,-0.0249221,-0.0953897,0.0057706377,-0.0057012495,-0.059893414,0.012331501,-0.03334356,0.0017871545,0.023410415,0.061102822,0.011223096,-0.027301505,0.008672001,0.040858522,0.038111,-0.012020183,0.036928657,0.06734462,0.06015163,-0.07312806,0.022720322,0.028269274,0.04751125,-0.027811607,0.06398771,-0.03148055,0.027017439,-0.097581916,0.0404055,0.09825738,-0.008030601,0.039552856,0.066526465,-0.008564923,-0.0109460885,-0.031892806,-0.00028502173,0.0045762556,0.048664257,0.03760841,-0.009925446,0.038999617,-0.0068974327,-0.011277398,0.037843045,-0.034516122,0.016345464,0.05691884,0.0008598231,-0.065044895,0.020625252,0.040577393,-0.030266063,-0.026973821,0.06780656,-0.030073319,0.0832256,0.05069008,0.0079031475,-0.031495515,0.04485951,-0.006418634,-0.02354845,0.00059051753,0.0035068206,0.040364474,0.10410854,-0.018298341,0.052127134,0.04933798,-0.006045582,-0.022309965,-0.02283859,0.040509872,0.018002484,-0.0037936312,-0.017694399,0.032613136,105,116
-0.015585465,0.03071468,0.062063757,-0.0059157573,-0.014137061,-0.0021783113,-0.03764738,0.007968913,-0.012331184,-0.05409941,0.051048942,0.050907306,-0.031622835,-0.037858486,0.03437664,-0.03234727,0.06071753,0.026861073,0.012657726,0.016553085,0.037946157,0.049472116,-0.0416976,-0.043458384,0.007295277,0.01044605,-0.048818827,0.02051508,0.05180753,0.06342581,0.020192953,0.0031370483,-0.00096234307,0.024834003,0.042915136,-0.008907861,0.018237963,0.01637784,0.03150714,-0.020791607,0.025133304,-0.0041317195,0.0033918582,0.023263019,-0.018641533,0.04472064,0.010542255,-0.055445917,-0.04778205,-0.05578523,0.07154301,-0.010331409,0.01503369,0.065428905,-0.007984068,-0.01927523,0.091211855,-0.034690812,0.0172273,0.0049846983,-0.04527563,0.024534442,0.04589452,-0.020764872,0.002514801,-0.03832572,0.0008432511,-0.059971657,-0.09457651,0.01711594,0.014954338,-0.0054219794,0.04861007,0.021010578,-0.006670302,0.0062347976,0.044314645,0.023558794,-0.032490246,-0.035875708,0.03216379,0.01091283,0.044656117,0.03452871,0.030873572,0.052856952,0.032462962,0.04247737,-0.01028848,0.06894323,114,117
-0.0057458654,-0.06430024,0.03991052,-0.008029819,-0.017892955,0.03542812,0.072319984,0.0023515194,0.01225475,0.054808315,-0.046393506,0.014997244,-0.043167327,-0.0530892,-0.049243487,-0.004666794,0.0068222247,0.01890592,0.02424626,-0.010676409,-0.02436865,0.021653038,0.052914023,0.014019124,0.05160632,0.005010247,0.011892627,0.017706696,0.075613864,0.005446757,-0.0030909535,-0.026812244,-0.0051909424,-0.024991142,0.047502555,-0.004242885,0.08209948,0.02348537,0.01222185,-0.042371236,0.068157904,0.019982517,-0.010176992,0.05415845,-0.0130980555,0.048325412,0.025358956,0.014941013,-0.01276133,-0.012815416,0.07983263,-0.031106144,-0.02521909,-0.0006182939,0.0053090155,-0.012745053,-0.005365737,-0.07265183,0.04709903,-0.0044268984,0.0153983515,0.012718629,0.0076270313,0.0024376903,0.019708812,-0.08712736,-0.021299336,-0.032376382,-0.072568364,-0.0038666092,0.024942819,-0.00056026736,0.04572972,-0.019750878,-0.007218493,-0.023947246,-0.008355575,0.011485948,-0.0042263856,-0.022398481,-0.019772418,-0.011882903,-0.00835585,0.018988505,0.010386518,0.0052841436,0.026473816,-0.004945266,-0.0011888444,0.020505346,111,118
-0.036778152,0.037608206,0.062275074,-0.08413141,-0.027436595,0.038003754,-0.01633665,0.0039962707,0.040280692,-0.03150874,0.06516919,-0.016128933,-0.065751985,-0.029675348,0.032286726,-0.004859196,0.015662055,0.024529519,-0.0472118,-0.04642213,0.048988357,-0.01635753,0.030740822,0.0044288523,0.05573265,0.036753416,0.0068344297,-0.033600677,0.0989954,0.024094656,0.015744831,-0.02565185,-0.033821706,0.031301893,0.018042415,-0.025994852,0.059638247,0.027093828,-0.016820878,0.052674364,0.04535952,-0.022905365,-0.07362898,0.035141397,0.028849645,0.12068418,0.020541137,-0.0077090804,-0.016257338,-0.0108723445,0.06771798,0.011454582,0.11892154,-0.023939298,0.037254296,-0.017119678,0.052807868,-0.03775724,0.08165404,0.06683296,-0.029806998,-0.023023382,-0.028364308,-0.057337087,0.036027607,-0.017996863,0.09249699,-0.0197993,-0.09432152,0.00781379,0.02477818,0.0018017963,0.02109309,0.06764929,0.024162762,-0.003064132,0.046678238,0.025601754,-0.011909476,-0.015676644,0.043474775,0.03927137,-0.024184508,-0.07657559,0.013830554,-0.01399502,-0.019839518,0.069330804,-0.0043476727,0.057031963,113,119
-0.060463224,0.040819302,0.0381291,-0.06204991,0.0027365955,-0.00766379,0.065280885,-0.0763805,0.019012924,0.0018262346,0.0091602225,-0.002538179,-0.03948916,0.010040026,-0.041725118,0.0009988742,0.04849238,0.04356748,0.0051536313,0.010859307,-0.021656124,0.05813813,0.01606664,-0.021346897,0.067423,0.020092048,0.035511404,-0.013101843,0.13523175,0.02495204,0.044525206,-0.019783963,-0.058353677,-0.0006115064,0.09718888,-0.046963084,0.014574634,-0.0050862543,0.04066088,-0.07956622,0.059583873,-0.0028746575,0.0053893626,0.03063752,-0.0036653113,0.09065108,0.000977898,-0.0073058642,-0.009899703,-0.026331177,0.026299324,-0.0027010632,0.060557775,0.05319859,-0.009172194,-0.036762692,0.06374282,-0.011296021,0.013290604,0.06804262,-0.04793174,0.010023596,-0.0087928325,-0.017678129,0.0037988531,0.006501347,-0.03346511,-0.025889622,-0.086677566,-0.04016968,0.06384511,0.050147176,0.018771695,0.06395131,0.004491632,0.010107549,0.072533466,-0.0013083499,-0.062031247,0.016100235,0.010408957,0.015748,-0.0095004365,-0.032803133,0.0039505055,0.09092537,0.084872544,0.083641514,-0.024956662,0.03197699,112,120
0.0045389095,-3.3431686e-05,-0.0018987358,-0.06419684,0.042979725,-0.0014129542,-0.009989219,0.006615081,-0.0109862,-0.030346999,0.0091179805,-0.014409652,-0.033972383,-0.020766217,-0.054808315,0.0037676338,0.06807726,0.021921165,-0.046085402,-0.0035932856,-0.026655784,0.040385153,0.020757567,0.012771707,0.026171613,0.0034318902,0.040388223,-0.036373626,0.039724283,-0.0019108476,0.0038371552,-0.050433896,-0.032576356,0.020375036,0.14386332,-0.033637222,0.04777063,0.0010050368,-0.008847272,0.005632475,0.0028709508,-0.026495889,-0.06769894,0.026572146,0.008690225,0.06474466,-0.011621889,0.05871076,0.03732556,-0.08203776,0.05162666,-0.041815888,0.04807286,0.10496125,0.055199683,-0.038282398,0.03942389,-0.01344783,-0.009311147,0.033945907,0.028975444,-0.0061490033,-0.032377224,0.00016602222,0.060841713,-0.012097005,0.035513975,-0.073761925,-0.060179528,-0.015817467,0.031039953,-0.038861047,-0.034004383,0.07190901,-0.0007127072,0.04918893,0.030885106,0.06831008,0.012897223,-0.0096026845,0.07920799,0.029993013,0.071968734,-0.026317516,0.03795105,0.020364031,0.058780685,0.07752425,0.0028346858,0.038728274,113,121
-0.029903494,-0.025170015,0.06566969,0.0038077459,-0.0040569007,-0.0030369163,0.019047327,-0.027286995,0.029171808,0.02867413,0.013157916,-0.081142634,-0.03171109,-0.038770214,0.0035040071,-0.008262094,-0.036328156,-0.024004938,-0.04664574,-0.0305962,-0.0055106664,0.044918932,-0.04826922,-0.038296722,0.037651904,-0.044739276,-0.061840963,-0.022282518,0.0007807426,0.008882151,0.080248624,-0.0454405,-0.03196977,-0.019766085,0.071525335,0.0018822053,0.016568825,0.042126346,0.010831343,-0.04491482,-0.0089451745,-0.021422211,-0.019996272,0.026938522,0.024018237,0.14870992,0.013915854,0.060834274,-0.019976936,-0.03557855,0.061230656,-0.006490561,-0.010111511,0.05186169,0.028319336,-0.028194487,0.079466805,-0.094464764,0.0358195,0.010049874,-0.039854042,0.019068465,0.03537498,0.011531312,-0.0114739565,0.02746863,0.008437453,-0.024188643,0.008084873,0.05930688,0.006156912,0.023211583,-0.008138394,0.002972994,0.02764453,-0.006820922,0.033352256,-0.010164235,0.026180886,-0.04433909,-0.057624012,0.024488702,0.069238074,-0.027588127,0.0181307,0.0577029,0.046116427,-0.045102008,0.055410244,0.08419056,111,122
0.026284192,-0.024145612,0.08523619,-0.09187331,-0.044266198,0.0204885,0.020333758,-0.038597118,0.023288338,-0.010338824,0.006473536,0.028700642,-0.0021889983,-0.033780694,-0.06591618,0.022817712,-0.025209084,-0.00046558492,-0.04053696,-0.056550313,-0.010988775,0.044932336,0.014952872,-0.048816964,0.05303974,0.041590642,-0.048088066,-0.024851687,0.019914504,0.016425336,0.023397919,-0.01798483,-0.033554833,0.021771109,0.08919017,-0.030406715,0.06298816,0.01017763,-0.0033955928,-0.04777952,0.032326397,-0.03298379,-0.0272292,-0.004386709,0.034499317,0.087236404,-0.018686594,0.06644894,0.049611382,0.00022660289,0.07524338,-0.03684384,0.02031476,0.08025202,0.094860286,0.030583616,0.048388127,-0.07535754,0.05931937,0.0034625726,0.056169555,-0.0023130234,-0.021282677,-0.04046376,-0.033367515,-0.017866967,0.057598483,-0.06842392,0.014965583,-0.01709596,0.07547863,0.07032325,0.04152668,0.0044634826,-0.01989856,-0.01167863,-0.008861361,0.027358491,-0.07939461,-0.046028763,-0.008624381,-0.0039619096,0.0021881722,-0.008361209,0.0024201348,-0.035667636,-0.031976182,0.011498216,0.02441262,0.09345337,103,123
-0.038565807,-0.08468747,0.0738558,-0.018905347,0.0008037556,0.084469564,-0.012234079,-0.012184272,-0.04830885,0.011249987,0.014138344,0.00034973025,-0.030511456,-0.038529497,-0.009645969,-0.041076608,-0.054054283,0.025778,0.0028459341,-0.010225054,-0.016213331,-0.010480244,-0.0020418987,-0.029182367,0.04530267,0.030623935,-0.011971597,-0.02524897,0.06674041,0.04045049,-0.019641552,-0.07430686,0.014409926,0.051970918,0.05134156,-0.038201988,-0.0027803741,0.012011385,-0.048847694,-0.0065512927,0.014883487,0.03487237,-0.028555179,0.064815655,0.038799427,0.06265222,0.004771919,0.035400912,0.023038084,-0.039326772,0.025469217,-0.03488505,0.003148766,-0.00966244,0.0006041853,-0.030716771,0.14608005,0.014999539,0.010984357,0.022001453,-0.028360832,0.059048593,0.013793205,0.0017932402,-0.03612656,-0.02461663,0.043953545,-0.097489685,-0.012738124,0.042874224,0.0107429,0.003880949,0.0011240914,0.028605308,-0.008778386,0.010597764,-0.05148329,0.0624266,-0.005283235,-0.00164725,0.05296464,-0.015987348,-0.03644272,0.008409854,0.021190641,-0.00079556555,0.07780229,0.028436914,-0.039587874,0.062474623,109,124
-0.006885235,0.022250077,0.038336,-0.00042062998,-0.012625022,0.010330737,-0.0026254584,-0.0038397904,-0.0074256845,-0.026882123,-0.017619574,-0.010784496,-0.004820548,-0.010593971,0.011807787,0.0075227283,-0.017092854,-0.012653934,0.0342911,0.009626828,0.022707786,0.05725917,-0.06819318,-0.018166384,-0.0043722503,0.023669343,-0.031040829,0.022995457,0.01771664,0.01647378,-0.017599123,-0.037904903,-0.022802232,0.049050745,0.14763871,0.050163303,0.011530545,0.02576758,0.08208312,-0.02046813,0.034740727,0.045023713,0.015522733,-0.05836921,0.023825135,0.01670943,0.013993282,-0.009301038,0.051195957,-0.032587092,0.070993856,0.016134499,-0.034210153,0.004765462,0.048511386,-0.020763613,0.04121504,-0.06954786,-0.009013578,0.033389542,-0.00013307296,0.044915058,-0.01463862,0.022326702,-0.047532972,-0.051208813,0.004853621,-0.04371589,-0.026831882,-0.022709573,-0.009512909,0.014636682,-0.008434888,-0.0023044683,-0.036677107,-0.029287867,-0.021432495,0.028221004,0.012622258,-0.006180336,0.014197169,0.043330476,0.030930426,-0.024969066,-0.02219124,0.040536378,0.030820202,-0.026583876,-0.026524775,0.025268475,100,125
0.018557884,0.0073688626,0.02381114,-0.0640408,0.04211016,0.039765287,0.029412257,0.0129114585,0.03064828,-0.011871356,0.037705302,0.031014808,-0.0173326,-0.04968617,0.02873709,-0.023223115,0.0058735213,0.04852039,0.026105653,-0.0036834888,-0.024492817,0.049504995,0.03291603,0.028727926,0.038897995,0.0604553,-0.024732836,0.0050275587,0.016933165,0.035807766,0.08515787,-0.008073725,-0.025513127,-0.0071946667,0.054429047,0.019936493,0.026591176,0.022407606,0.027056662,-0.05584699,0.0042736046,0.030884031,-0.048966207,0.035836656,0.0017723907,0.042355847,0.047000363,-0.012465738,-0.024786301,-0.021101153,0.03879074,0.004335546,-0.061566193,0.012718059,0.00058496743,-0.0471036,0.021628335,-0.030059878,0.042071167,-0.10607518,-0.06607833,0.02436439,0.01480313,-0.0018415428,-0.054111816,-0.0068124514,0.019600172,-0.05668542,0.0029872954,0.0077213543,-0.017875258,-0.00450809,-0.011633158,-0.0094491085,0.015081527,0.0856428,0.022033285,0.080077484,0.00028137583,0.026695307,-0.0010948963,-0.02081047,0.052691717,-0.059718184,0.03426346,0.0064917095,0.043385066,-0.06647599,0.03903912,0.044008337,103,126
-0.068449445,-0.06150718,0.040775724,-0.027170844,-0.004363509,0.0261687,0.049695387,0.026325036,0.039634146,-0.020332895,0.02378237,-0.012665408,0.026150875,-0.03650076,0.04512508,-0.0068312734,-0.015129725,0.016224036,0.03438451,-0.03524315,-0.020412017,0.023482474,0.007098678,-0.066817015,0.05236463,-0.010309862,0.041531526,0.007784986,-0.0021411162,0.06629005,0.070339546,-0.061169803,-0.016255489,-0.0037684576,0.017096031,0.05297541,0.07103437,0.062035765,0.014510208,-0.067094155,0.051219895,0.0351261,-0.0013569724,0.0026407884,0.09373398,0.056521058,-0.018762399,-0.067029886,0.071679436,-0.0030081274,0.039374597,-0.017467849,-0.00782356,0.06457411,0.04490821,-0.0059392303,0.04488616,-0.026694193,0.061593253,0.01478078,-0.041652787,0.023306275,-0.024674494,0.041232307,-0.052288774,-0.008184895,0.022157025,-0.03191659,-0.024346504,-0.018680243,0.076316796,0.047418468,-0.004206894,0.06061311,-0.01504452,0.07115514,-0.013444861,-0.024267882,-0.023547215,-0.028652206,0.026257724,0.04714126,0.039328184,-0.03657882,0.008359926,0.037346184,0.0804715,0.036082588,0.042816725,0.033753242,100,127
-0.01913061,0.063647114,0.06841,-0.005246129,0.06688854,0.017268697,0.009968703,0.025455683,0.05679954,-0.021821957,0.070685506,-0.012514624,-0.08140497,-0.036397338,-0.013516828,-0.05029049,0.06470085,0.050501395,-0.0089429105,0.075478435,-0.009662049,0.013460763,0.007868993,-0.011131389,0.024861883,-0.009093782,0.019550696,0.053480532,-0.012576161,0.034107532,0.014715241,-0.0018577557,-0.071277946,-0.012349252,0.10569359,-0.01321956,0.09344506,0.0009333212,-0.0053764544,-0.032516055,0.0076028295,0.08040525,-0.0538649,0.064821094,0.019270562,0.009863943,-0.024783172,-0.023348963,0.03612122,-0.05219727,0.038055606,-0.002697879,0.039184652,-0.0060950816,-0.017593738,-0.06850428,0.05360282,-0.028340884,0.07554454,-0.040298957,-0.012687582,0.0006508026,0.025618512,-0.009231243,-0.009420807,-0.047763523,-0.016925845,0.014784198,0.013328593,0.019290501,0.05198788,0.030043015,-0.00036230497,0.032781214,-0.03557505,0.0047830865,0.022102106,0.04197038,-0.024195055,0.0035171672,0.032735467,0.0019509215,-0.0011422671,0.029120948,0.023833878,-0.014522554,-0.018418416,-0.008380412,-0.011922068,-0.0018373504,112,128
-0.00980558,0.04167299,0.048334636,-0.07229398,-0.01549333,0.05006209,-0.003578009,-0.028227128,0.0030164258,0.005191039,-0.024310743,0.0578138,-0.008756911,-0.108514346,-0.016357305,-0.0350139,0.06395644,-0.0060604103,-0.020252727,-0.059965935,-0.011722654,0.07682426,0.013508819,-0.009235268,0.026088418,0.076655924,0.020124841,0.030289903,0.013588065,0.0016342476,-0.00020243227,-0.02472399,-0.040446576,-0.00906067,0.05328564,0.0100098625,0.010772346,0.025606388,-0.035392795,-0.0018112807,0.012354072,-0.06367159,-0.07068537,-0.021918017,0.043818425,0.077631444,0.032741904,0.007984564,0.0074009094,-0.00042422023,0.11147763,0.0603676,-0.0035939422,0.0024813134,0.02855134,0.008345816,0.09265007,0.023041561,0.070641086,0.0033695316,-0.044540644,-0.030067723,-0.023481626,0.017047018,-0.0468359,-0.0047094002,0.04406075,-0.015350188,-0.04662276,0.015775181,0.009159992,-0.03771837,0.036047317,0.024309125,0.025552124,0.047824085,0.052704357,0.027485011,-0.020897882,-0.031296,0.01192041,0.034588933,0.009041585,-0.016424531,0.014944689,0.05309757,0.009605274,-0.0052753454,0.030540649,0.02768204,111,129
-0.012448993,-0.0010091811,0.030749498,-0.0036718845,0.0052822996,0.035947144,0.014851188,-0.03617833,-0.036298677,-0.012366478,0.018035091,0.011558427,-0.002341656,-0.10763295,-0.07181778,-0.048713256,0.07857005,0.09040239,0.008228588,-0.0068774773,0.04590609,-0.012718741,0.013223012,-0.0033470318,0.022126257,-0.03635481,-0.014416052,0.044476766,0.06874433,-0.030731272,-0.01455904,-0.03420987,-0.037599042,-0.02438196,0.07291363,0.0033453344,0.06678357,0.063951425,0.053768743,0.016728617,0.044598863,0.008024557,-0.02983029,0.070647046,0.015561602,0.0921572,-0.031039039,0.014804743,0.0522025,0.015826005,0.11219175,0.011335729,0.0021504937,0.015470422,0.06254332,-0.022993114,0.0989091,-0.050902955,0.0522202,0.03286837,-0.031092122,0.003567514,0.00711302,-0.023315134,-0.048000094,0.0026200116,-0.012555027,-0.010977216,-0.09140118,0.029798781,0.032727625,0.024421578,0.053312134,0.004419524,-0.030040758,-0.05096627,0.06353179,0.038034707,-0.057690512,-0.00035571493,0.06662055,0.037162803,0.04874357,0.020199018,0.04118549,0.057689026,0.03829369,0.017551169,-0.0009891428,0.055463932,105,130
-0.051476017,-0.008529892,0.090687685,-0.0069372524,-0.020891022,0.054518577,0.014793081,-0.01870237,-0.013396164,0.03705969,0.0066799736,0.01441359,-0.03362143,-0.040579583,-0.011527797,-0.08726092,0.025154298,0.027578745,0.0012570403,-0.000688293,0.05020997,0.041794922,-0.0021813996,-0.06408132,0.013587382,0.01117464,0.006529914,-0.0035422542,0.045145404,0.025766376,0.0700428,-0.07328661,-0.07380101,-0.04169462,0.121014394,0.0485681,0.06359388,0.060916446,0.019708855,-0.0018475461,0.09671294,0.046786595,-0.048250377,-0.0066652894,0.07866892,0.014738571,-0.055310998,0.041477114,0.05601865,0.050649855,0.033667065,0.031961206,0.0024340758,0.0421999,0.020040799,-0.052238036,0.047627736,-0.05624985,0.057944413,0.037391156,0.03294114,0.024459684,0.05882909,-0.023698946,0.075935185,-0.014445772,-0.029153582,-0.0004841406,0.020160582,-0.018160908,0.002150407,0.03561593,0.061959125,0.053357713,0.04968103,0.0527503,0.044692725,0.029408002,-0.006214465,0.020580322,0.027537996,0.0030019525,0.03783081,-0.030388927,0.046088204,0.014349299,0.04682089,0.0125524,0.0005652681,0.048370816,113,131
-0.023155635,-0.03448638,0.064087965,-0.11552398,-0.010976937,0.029762711,0.02493048,-0.00040323596,-0.016709344,0.048576448,-0.009704044,-0.018151313,0.008431692,-0.06825357,-0.008437393,0.035523374,-0.051894333,0.0075248247,0.00023203157,-0.028299343,-0.010220832,0.04899784,-0.039497405,-0.0157292,0.043454528,0.06652461,0.027145572,0.019918215,-0.006278945,0.05438043,0.08345551,-0.026806794,0.013986107,0.03479194,0.043563,-0.0015101233,0.043315075,-0.0133814365,-0.027326204,-0.03954298,-0.007348109,0.01861512,-0.022417469,0.032262884,0.064605996,0.080124736,0.039138246,-0.04303319,-0.08959729,-0.021312162,0.07121786,-0.012640724,-0.008932062,0.04677313,0.017897125,-0.07725741,0.11315888,-0.06482392,0.06946831,0.058916595,0.043633826,0.000107566826,0.055562988,-0.024434628,-0.03849625,0.04848566,-0.003645463,0.01783922,0.019490909,-0.0002908234,0.033611048,0.0369272,0.0387599,-0.003012456,0.022238616,-0.010104187,0.0056818756,0.040567905,0.005862225,-0.0463175,-0.037783504,-0.00812681,-0.029862946,0.012114966,0.034903284,-0.0049054306,-0.015385419,0.0073040365,-0.0073655117,0.032676727,112,132
-0.0232123,0.005257012,0.1051835,-0.04082195,0.04569022,0.051479977,-0.0011090874,-0.015315604,-0.028381871,-0.015837155,-0.036294516,-0.02432588,0.0054788142,-0.09457404,0.0153492745,-0.050696354,-0.050721798,0.027180305,0.010267549,0.010477826,-0.011726664,0.041937813,0.065915935,-0.02502359,0.08387131,-0.041732773,0.02496674,0.033335064,0.09177161,-0.043958414,-0.034034804,-0.024057634,-0.06451629,0.0072617177,0.0458712,-0.017427446,0.022734834,-0.01305135,0.007447767,0.034939054,0.025077106,0.05284609,0.025819153,0.020295445,0.04113839,0.023291554,-0.032511327,-0.024604375,0.010847184,0.050025262,0.048639424,-0.039840024,-0.03633761,0.012117273,0.014528504,0.001983922,0.033832192,-0.08151105,0.04038634,0.006501994,-0.017998721,-0.0163822,0.07155759,-0.04081559,0.056970503,0.010912415,0.014423144,0.026582677,-0.024964612,0.02425173,0.016665658,0.0016733548,0.033898916,0.04367242,-0.0036469568,-0.010013513,0.047469586,-0.0090950765,-0.025449336,-0.019894553,-0.0026750006,0.06177518,0.0050162403,0.032798268,0.033700228,0.045526497,0.024340795,0.032513976,0.00040678447,-0.007310845,104,133
0.018740164,-0.002098173,0.03965136,-0.035906054,0.009594394,0.042162966,0.05375606,-0.019360734,0.026590683,-0.009108765,-0.016331254,-0.017235378,0.005924508,-0.048965,0.016150195,-0.063760445,0.09825165,0.065999106,0.00219974,0.027307522,0.042984746,0.037902817,-0.036792897,0.013277303,0.019886382,0.020678656,-0.031678267,0.022745386,0.07758517,0.0020916685,0.038479045,0.002474811,-0.101305425,0.06953362,0.08695448,-0.11333599,0.039450273,0.0445399,0.004361877,-0.022298787,0.08950561,0.026826233,-0.016834583,0.043623097,0.035226375,0.09596829,-0.019397572,0.0015827531,-0.011932562,-0.03845643,0.019310843,0.014337972,0.014680833,-0.007601103,-0.00889748,-0.03495753,0.10064496,-0.017606832,0.03160819,-0.008316788,-0.019449947,0.00936862,0.01131811,-0.014336946,0.045681994,-0.036839608,-0.050585035,-0.017584542,0.029882044,-0.026488401,0.052444864,0.037817005,0.097583555,0.0065336595,-0.008176163,-0.010813036,0.035415433,0.046496436,-0.005091468,-0.014899306,-0.0011956254,-0.015238486,-0.012684109,-0.026190428,-0.012033116,0.03390735,0.02831816,0.031170368,0.042713165,0.029618412,108,134
0.0023774966,0.0022229087,0.023358861,-0.030400917,0.021032948,0.09070585,-0.012697183,0.031820714,0.026424987,-0.014123296,0.021083392,0.0023816824,-0.03383728,-0.028759548,0.022356603,-0.028369464,0.037864506,0.008925316,0.025276065,-0.08548679,-0.08725413,0.0038668755,0.03986097,-0.03036994,0.044801682,0.07168853,-0.013096338,0.003709719,0.04516674,-0.0014957087,0.05606749,-0.022140278,0.01007545,0.050146822,0.12583447,-0.014521243,0.08610202,0.0018382352,0.052161064,-0.004148186,0.011013936,0.06905399,0.0071439594,0.009133919,0.033166323,0.12761699,-0.031159868,-0.05677414,-0.03741826,-0.021152418,0.10357709,0.06215959,0.008561077,0.04183222,0.014277556,-0.01554495,0.050567485,-0.039196823,-0.03737652,-0.007960667,-0.053909265,0.04048704,0.0019225767,-0.024129909,-0.009575108,0.0027534626,0.048424944,-0.0068709804,0.02575896,-0.00044251085,-0.024996359,-0.037970763,0.06893405,-0.000708946,-0.004771459,-0.009063307,0.028109387,0.00039104372,-0.0255837,-0.04037234,0.016097356,-0.051573258,0.014360074,-0.011820387,-0.035158277,0.113403,0.03269702,0.0017405914,-0.008965601,0.026203975,108,135
-0.0034414018,0.03243424,0.10564768,0.002556879,-0.0048626848,0.017332062,0.04574862,0.020323671,-0.008766016,-0.048140585,-0.026505113,0.0058327895,-0.009687133,-0.06143958,-0.074491225,-0.036522888,-0.078366816,-0.002264414,0.02268299,0.024343405,-0.047691032,0.030524937,-0.018335527,-0.07383472,0.123445585,0.06058784,0.0081997765,-0.038909316,-0.033443205,-0.0005846359,0.0754113,-0.05247823,0.024405736,0.01892778,-0.01622948,-0.0034044734,0.029264456,0.015878785,0.03373659,0.011889153,0.018338438,0.042562444,-0.024208022,0.019784465,0.041111905,0.03287205,-0.006014575,0.0075893267,0.008843897,-0.028447699,0.02642027,0.069242805,0.019375548,-0.003780542,0.011339003,-0.03331171,0.07000181,0.014395103,0.029430335,0.018792305,-0.020875402,0.03349528,-0.039441526,0.0053441958,-0.014259694,-0.060639296,-0.00059117563,0.0074311644,0.015497655,-0.027075134,0.034202483,-0.01062934,0.047972027,0.028843708,0.019753292,0.03448492,-0.024344457,0.0035265125,0.024099596,-0.03128096,0.013261456,0.01800123,-0.04436685,-0.02210063,0.043926433,0.026667185,0.0037245937,0.014395802,-0.021287084,0.050797902,105,136
-0.0080580255,-0.024077306,0.019831754,-0.06509462,0.011940159,0.072001055,-0.014734227,-0.0015736381,-0.015163008,-0.007283594,-0.029682692,-0.03109654,-0.06693332,-0.023025371,-0.0035992104,-0.009129915,0.070751846,0.002191987,0.0030507469,0.011671076,-0.023237973,0.0056858156,0.016843664,-0.028360594,-0.022617348,-0.027838526,-0.074179724,-0.057088546,-0.050323233,0.0007135179,0.0073546823,-0.02648566,-0.04733213,0.006811836,0.021555725,-0.02080392,0.07658848,-0.016342431,0.050199818,0.03712091,0.099360734,0.03280066,-0.014759558,-0.025800563,0.031186279,0.052020416,0.0014452916,0.030393016,0.025382925,-0.034043532,0.1142143,0.041972283,0.020568239,0.048746906,0.053251605,-0.034687355,0.052803054,-0.0071585625,0.059508782,0.06361262,0.03567137,0.013554815,-0.009569124,-0.0144439,0.0030312343,-0.023110216,0.029592026,-0.06392115,0.026877277,0.0001721778,0.00787534,0.009294565,0.06140505,0.029821703,-0.060271144,0.017710008,0.006731406,0.007752156,-0.004539276,0.0041751573,0.033455547,-0.017193202,0.103612654,0.015813347,0.012083687,0.026262049,-0.0055561066,0.02398419,-0.032109436,0.037682865,102,137
-0.041353416,0.070677735,0.03440534,-0.0053186826,0.050563708,0.040871404,0.019964654,0.069923654,-0.024430165,-0.07909296,-0.019896299,-0.020049185,0.03315787,-0.054934397,0.01750999,-0.08412318,-0.02234129,0.028193627,-0.060383406,0.013959244,-0.060205586,0.02734676,0.04319385,-0.034829937,0.04068194,-0.015089033,-0.004653199,0.076471545,0.056771956,0.065718144,0.025074534,-0.021013524,-0.08503093,0.04472655,0.06655888,-0.011059933,0.040992938,0.0066969953,0.06402685,0.01595918,0.026114522,0.09546226,-0.04532618,0.040078364,0.03491987,0.09343992,-0.01960502,0.056795463,-0.011060237,0.028691996,-0.00070734695,-0.0174283,0.01900425,0.028648142,-0.020469565,0.0033210665,0.039999686,-0.053360067,0.023304464,0.017978543,-0.018540863,0.050345365,-0.025911458,0.00455929,-0.032239124,-0.03934715,-0.0101612285,-0.010712595,-0.059215136,0.024282148,-0.0011084322,-0.100412026,0.028991694,0.0074376855,-0.063488536,0.036145747,0.017449073,0.041348662,-0.010011068,-3.221631e-05,0.031280886,0.054893002,0.013602025,0.010613659,0.038753673,0.043068796,0.024859868,-0.04048874,0.0075675696,0.048647057,105,138
-0.032548893,0.038318258,-0.011717971,-0.058073208,0.044941418,0.020268418,-0.03506114,-0.022827342,-0.021316523,-0.0070973514,0.001514311,0.009168956,-0.014415883,-0.0034977794,0.009338916,-0.028688941,0.03514381,0.064455345,0.029193074,0.04620039,-0.019661957,0.016035467,-0.014572317,-0.03380361,0.010839544,-0.03945425,-0.011293949,-0.02742432,0.022965914,-0.019954294,0.02878208,-0.045375466,-0.020422481,0.027465392,-0.018598609,0.0128776,0.058577385,0.060645945,0.06808414,-0.03163565,0.057223257,0.07954238,0.017201371,0.044264693,0.033966046,0.044052307,-0.022727737,0.0065259407,0.03089793,0.019888684,0.01605758,-0.041534636,-0.023765733,0.07055615,0.072729364,0.0039422773,0.026014503,-0.083804056,0.032888725,-0.0004286226,-0.035208374,0.05519959,0.023992907,-0.036043778,0.023962097,-0.08308922,0.038379595,-0.10238376,-0.040978644,0.014564552,0.031788148,-0.02680019,-0.02741252,-0.018802568,0.04349929,0.018401537,-0.010837795,0.021360371,-0.039464943,0.03315097,-0.0033712517,-0.045497898,0.04289969,-0.031020641,0.0093610035,0.037015066,-0.0105396435,0.044185925,-0.049066994,0.06492013,100,139
-0.008836024,0.059641603,0.044362154,-0.051898196,-0.0036755167,0.04730151,0.03969753,0.022653494,0.030129766,-0.015410503,0.053127967,-0.011790978,-0.040606074,-0.07959296,-0.067787945,-0.03203704,0.04423521,0.05998662,-0.011824851,-0.02669926,-0.00216978,0.059393883,0.058496423,-0.050060514,0.05144171,0.0036996994,-0.03637075,0.026865501,-0.0026270412,0.025123863,0.008599339,-0.0065429155,-0.018013112,-0.00024650863,0.119580016,-0.046661694,0.060846746,-0.019486062,0.014179545,-0.0013143243,0.092033565,0.033708535,-0.045792587,0.0060446337,0.07053902,0.0037799478,0.0031971822,-0.05334495,0.038121328,-0.047356553,0.043670345,-0.03047186,-0.020342285,0.02555366,0.0036327303,-0.015945924,0.016943492,0.003229484,0.07232113,0.043986708,-0.017041875,-0.00271931,0.059005782,0.03774816,0.102327615,-0.008127518,0.06748286,-0.07450789,-0.04926159,-0.03989355,0.0066880416,-0.01758559,0.039351895,-0.012185866,0.0005391259,-0.007341181,0.015803732,0.06859662,-0.013070642,0.027035577,0.026466263,0.05366421,0.010136196,0.044807002,0.036954157,0.0014341846,0.015360391,-0.09435258,0.013659729,0.02517851,104,140
0.001304898,-0.022367423,0.10636574,-0.024727345,0.059923425,0.038476814,-0.029360441,0.0026323977,-0.0041365745,0.010517204,-0.035528123,-0.012971761,-0.05161952,-0.084687114,0.022961803,0.014493605,0.041013893,0.037412196,-0.029291295,-0.009448841,0.040419236,0.0403534,0.03144901,0.0010701884,0.011797316,0.025369825,-0.04700181,0.053294953,0.08949501,0.0823582,0.02644709,-0.07534635,-0.049535267,-0.023778811,0.05066278,0.04524364,0.011968613,-0.034248423,-0.014359631,0.01169291,0.08008182,0.014667914,-0.028584054,-0.010858502,0.0034402013,0.033160612,-0.015207896,0.027851773,-0.059324414,-0.001883999,0.04331609,0.0010964675,0.038417842,0.031641744,0.029282562,-0.009958364,0.07630286,-0.044686615,-0.02109119,-0.026868202,-0.03592782,-0.011425713,0.06612986,0.009824848,-0.024953187,-0.043781854,0.015789248,-0.05201361,0.019723315,0.01964331,-0.017684624,-0.026427278,0.022919549,0.016371105,-0.016051058,-0.009243055,0.03704585,0.007445695,-0.046078347,0.045198135,-0.013020341,-0.023825701,0.02555259,0.0064564548,0.038952515,0.0431775,0.024769213,0.025127396,0.036149193,0.05235346,114,141
-0.03447648,0.019020192,0.01112945,-0.027577672,0.025708772,0.05446787,0.014164694,0.006769754,-0.0018075854,0.036871783,-0.08967927,-0.03040395,-0.0042496733,-0.035880316,0.011399844,-0.080460764,-0.001379447,0.06132278,-0.03118233,0.071147114,0.0073568653,0.017980218,-0.01701316,-0.10117431,0.07600723,0.057019502,-0.012044311,-0.0029565087,0.072290525,0.05537913,0.039129555,-0.033840135,0.05416861,-0.036646828,0.0664514,-0.0029836847,0.0075703226,0.037011057,0.0012507513,0.027232643,0.018138561,0.042329244,-0.036889132,-0.0013024472,0.0442643,0.010596521,-0.018670429,0.0024350802,0.0083939675,0.011935874,0.02215283,-0.0049756826,0.014357417,-0.01478629,-0.014407447,-0.0052075665,0.121340334,-0.04156713,0.040162425,0.058998056,0.0009952597,0.008909702,0.07651708,0.03169494,-0.040291604,-0.025987903,0.060197815,-0.041054197,0.029112011,-0.004508689,0.056903798,-0.010562052,-0.016143292,0.041945584,-0.051692713,-0.005837244,0.033508737,-0.0002728775,-0.0123160165,-0.064129956,0.011969095,0.10822581,0.049796045,-0.005192387,0.017192181,0.059442535,0.070864506,-0.012980718,0.0027020185,0.034817673,105,142
-0.044788018,0.07220097,0.08246129,-0.0735459,-0.064723305,-0.008033816,0.021926722,0.00010229647,0.018529674,-0.025368419,0.018837586,0.05339474,0.0045896415,-0.026162874,-0.080762945,-0.044801798,-0.016186286,-0.008804863,-0.0034194007,-0.056919537,-0.0038717631,0.06603281,0.022284782,0.031573113,0.06565363,0.031064816,0.025398511,-0.0029142546,-0.05809635,0.0378255,0.039908297,-0.011667488,-0.05998342,0.024453454,0.072710805,-0.05480859,0.045344606,0.040850442,-0.03633307,-0.04096999,0.039476976,0.017930198,-0.01697211,0.025862478,0.059679605,0.029910903,0.01656584,-0.05014568,-0.0022847848,0.025453482,0.061233353,0.016517894,0.055974387,0.08179284,0.031596676,-0.08006923,0.08982878,-0.026336554,0.00731311,-0.008612455,-0.07328636,0.024370972,-0.024819326,-0.0529427,0.034131035,-0.016751522,0.07946909,-0.014171513,-0.036922235,-0.017638426,-0.025361206,0.033051122,0.032251462,0.05886109,-0.020966217,-0.021494202,0.011022293,0.041010756,-0.04799766,-0.00093690446,0.049558483,0.026711738,0.015816221,0.031494416,0.0072792275,0.04034543,0.025357068,0.051358003,0.062179737,0.058606226,114,143
-0.025035417,-0.032188408,0.036582083,-0.027292944,0.0085382685,-0.01584053,0.04529568,0.023437124,-0.027143365,-0.013756844,-0.03161201,-0.011155409,-0.0055048186,0.016202997,0.083093755,-0.026136838,0.026830174,0.024583658,0.05118337,0.034477234,0.02674262,0.027437305,0.02608729,-0.037843406,0.091856405,0.020733248,0.030645464,0.03897368,0.10928073,0.04468251,0.031039799,-0.0013307277,-0.050481662,-0.037274588,-0.0082037,0.004989803,0.090976715,0.019348893,-0.011056071,-0.027521253,0.08829518,0.032840807,-0.06279561,-0.026311595,0.07165974,0.06265039,-0.018086795,0.003957439,0.052183025,0.021871027,0.0652741,-0.06442573,0.036971502,0.031701524,0.0069800415,-0.054547325,0.039917972,-0.03514988,-0.028528128,0.05061205,-0.027234742,0.033369206,0.018256225,0.02509168,0.011309364,-0.061457675,-0.0286,0.012402166,-0.10585988,0.040605254,0.02703106,-0.027103312,0.07089152,0.05562326,-0.03975065,0.02336537,0.013546779,0.037621647,-0.025397511,0.010795569,0.015332295,0.05281993,-0.01786022,0.024034288,0.050275765,-0.00865292,0.04316459,-0.024051543,0.004143864,0.057044428,112,144
0.018818565,-0.02882197,0.05497401,-0.016522866,0.030601652,0.049394164,-0.022506034,-0.05533194,0.018285017,0.012709584,-0.020153329,0.026706975,-0.022901688,-0.077825926,0.063261256,-0.003951501,0.05971972,-0.0056315716,-0.017521385,0.00026192726,0.08035948,0.054470737,0.0050001675,-0.08737599,0.04836534,0.052668206,0.015311723,0.05172824,0.06899406,0.041428767,0.04750559,-0.054873105,-0.047821898,0.017924229,0.10474068,0.015657693,0.042171992,-0.046547312,0.13368273,-0.022972979,0.023617905,0.04509621,-0.0343948,0.0057313237,0.040079102,0.004816342,0.025174005,-0.0008236142,-0.03688179,-0.08677029,0.077772595,0.019424431,-0.065471545,0.050358184,-0.0410946,-0.035415504,0.050193258,-0.042900056,0.064225934,0.02374458,0.017236395,-0.017415268,-0.016123809,0.022229962,0.015829649,-0.074358225,-0.0016319063,-0.038594425,0.035170875,-0.030453123,0.0038695,0.04668999,0.018131815,0.03634262,-0.0038900278,0.014921312,-0.03493893,-0.03604267,-0.026933407,-0.017228413,0.031730894,0.045373585,-0.027334152,-0.05109267,-0.008767094,0.00015772134,0.02268389,-0.01784977,0.04997768,-0.009421866,104,145
-0.008441155,-0.016422246,0.055532075,-0.03009281,0.029967923,0.014451262,0.030533863,-0.008291719,-0.007754457,0.007564152,-0.021881474,-0.055190053,0.02922342,-0.08271525,-0.09308871,-0.02578342,0.11653328,-0.026837567,-0.05079696,-0.021589903,0.015183156,0.07245204,0.04087719,-0.023517583,0.05104993,0.028020456,-0.016503587,0.04496327,0.07154121,0.0056367964,0.021457415,-0.022439001,0.010764185,0.04747663,0.042523906,0.022420157,0.042160142,-0.03474321,0.03350436,-0.010484119,0.07841853,0.0053688865,0.036019985,0.040866863,0.10015448,0.06783921,-0.040574834,0.08595978,0.029526854,0.011544664,0.030156087,0.018444551,0.03359908,0.0362394,0.03055753,-0.05972381,0.08681205,0.044362243,0.033158585,0.035056904,-0.005597748,0.06834052,0.04658717,-0.014396431,0.012677714,-0.044314962,-0.0076533444,-0.0038843304,0.09481222,-0.00014403556,0.03224794,-0.0040306766,0.04316192,0.014358778,-0.025634453,-0.0093723945,0.03167162,0.047489945,-0.0113190515,0.0011334438,0.031266578,-0.029327553,0.019886104,0.034246426,0.011331462,-0.008110631,0.05641637,0.034654535,-0.035040557,0.04761555,106,146
-0.047645807,-0.026623173,-0.021483034,-0.046045873,-0.007865047,0.029680923,0.021711122,-0.02123769,-0.044493727,0.014710888,0.02310453,0.025366787,-0.052104697,-0.070371084,-0.046633296,-0.0011887979,0.055092163,0.03151236,-0.029009148,0.0315839,0.052231327,-0.0043151826,0.035861187,-0.030525554,0.04551693,0.04382216,0.013051166,-0.03369846,0.008292131,0.012077339,0.018589195,-0.03112071,-0.036939,0.025313053,0.05033747,-0.10923178,0.032233022,0.009468868,0.06884107,0.017533813,0.014054805,0.024650156,-0.06495611,-0.012996912,0.11795118,0.04910548,0.03356196,0.017825449,0.025751853,-0.011901605,0.06558812,-0.020831732,-0.032508217,0.034465447,0.0030789543,0.01255016,0.014541954,0.019895487,0.024004221,0.028732026,-0.040488716,0.040509418,0.03499869,-0.002867693,0.0006522536,-0.016197726,0.00085522514,-0.02160434,-0.08213037,-0.00235161,0.034976598,-0.037607044,-0.03544251,-0.012459669,-0.009828189,-0.036915462,0.057761848,-0.010936419,0.029943932,-0.018336251,0.03387426,0.059209883,0.027161364,-0.03831531,0.029228035,0.05685334,-0.016967148,-0.029085808,0.020954117,0.033233568,110,147
-0.04562302,0.037666135,0.08227169,-0.042199153,-0.023112036,0.024886938,0.026865374,-0.02720194,-0.005760312,0.017046407,-0.0358904,0.01768225,-0.026112316,-0.051086787,0.027766712,-0.04523351,0.00945737,0.0017186459,-0.009150628,0.022493862,-0.004944616,0.032890983,0.026247388,-0.11213378,0.040319733,0.027780097,-0.041880447,-0.01162443,-0.012157997,0.01304721,0.028129153,-0.018909048,-0.019174645,-0.036881853,0.060069803,-0.021388466,0.055092804,-0.0124692805,0.0075502116,-0.008332377,0.023902353,0.027257316,0.012873743,-0.0008168975,0.020280808,0.007361397,-0.022841554,0.056705505,0.036684543,-0.071711324,0.031635486,-0.028477328,-0.011629917,0.015722208,0.024249114,-0.026699323,0.010822218,-0.039720494,0.00075899623,0.0021326756,-0.045097258,0.02234556,-0.0058787446,-0.010682106,-0.038231485,0.0054729357,0.085505396,-0.008119089,0.0027818028,-0.011320129,0.0037885252,0.0018871007,-0.017866274,0.009329111,0.0050563784,-0.040842887,0.023401722,0.018825632,0.007679643,-0.031801302,0.07167405,0.044522747,0.013901156,-0.002896428,0.037443433,0.05186411,0.023636479,0.015023577,-0.025052309,0.042340178,100,148
-0.018061677,0.043664135,0.05337366,-0.043582246,0.018629175,0.079031765,-0.049698696,0.033442844,0.031445056,0.032020934,-0.018623834,-0.007793082,-0.03804584,-0.040891625,-0.017385034,0.032609615,0.024661431,0.020971313,-0.019744609,-0.00847056,-0.06587171,0.036367495,0.022564068,-0.051983207,0.006766144,0.054502256,0.0485591,-0.015792519,-0.07264858,0.04592991,0.034723565,-0.053288788,-0.030970361,0.02008635,0.15471601,-0.030583588,0.035788313,0.030918587,-0.0087419115,0.011932694,0.05813226,0.09843461,-0.033423737,0.06360199,-0.025007704,0.08311898,-0.042711116,0.055272862,-0.0046457676,-0.022802338,0.105045006,0.00037949346,0.066754,0.016591143,0.05030656,-0.06136267,0.08276719,-0.053883627,0.01480461,-0.014320828,-0.028681273,-0.017369175,0.04848158,0.046091292,-0.011960683,0.005197013,-0.04337056,-0.049271934,-0.040337935,0.033479683,-0.014987793,-0.030311588,0.038321882,0.037684973,-0.012369603,-0.046627626,0.0065698484,0.06234825,0.04572291,-0.019384095,-0.0064903013,-0.013450541,-0.0052040312,0.015825128,0.01552653,0.022619981,0.06444061,0.009917219,0.043813072,0.04266982,111,149
-0.02242699,0.034458317,0.049459837,-0.06392537,0.01615015,0.0102298595,0.015122304,-0.04848071,0.0006559887,-0.040773362,0.03169545,0.023997093,0.050556216,-0.06978157,-0.004423841,-0.0544518,-0.056233004,0.0009338148,0.014030432,0.034288093,0.014953864,0.06824762,-0.009276025,-0.019012826,0.0313484,0.039513577,-0.010717605,0.051869944,0.07350314,0.03346992,0.046543583,-0.057397906,-0.044959884,0.058220252,0.014855269,-0.00032519386,0.036039095,0.012531197,0.00414221,0.0036551394,0.04118762,0.010803755,-0.03478131,0.0389973,0.037624314,0.05833275,-0.005688529,0.026393684,0.007807059,0.018136084,0.10387197,0.018883621,0.025077362,-0.000891665,0.10130741,0.0791657,0.026319545,-0.014158163,0.05994793,0.02201466,0.024539122,0.0035151541,0.022782773,-0.015295986,-0.018761162,-0.030781783,0.025388697,-0.021181712,0.007309653,0.0008795131,-0.005825335,-0.04198421,-0.015057931,0.010449648,0.0427877,0.0064202948,0.036261976,0.0028980635,0.016176065,-0.025241336,-0.0024504913,0.030282816,0.06840547,0.009017838,-0.001671385,0.07075853,0.05662016,0.0011921476,0.034867324,0.058245685,107,150
-0.0053038015,-0.048841365,0.025893617,-0.001452446,0.038385957,0.07839679,-0.069279335,-0.00785008,-0.012558624,-0.009315163,-0.011943895,0.01904898,-0.012465743,-0.043838184,0.030465879,-0.030088052,-0.109327056,0.0148521485,0.031195927,-0.04574934,-0.018076193,0.024161857,-0.057416588,0.0417907,0.087059036,0.040805597,-0.0038024033,-0.05444709,0.03877189,0.034884095,0.019046465,-0.007281512,-0.0064463355,-0.02249343,-0.0086646825,0.022918254,0.08165594,0.039554186,-0.0017992184,-0.026324164,0.11223025,0.007978061,-0.045683496,0.03850894,0.048015654,-0.0025111325,-0.049827896,-0.00088966545,0.01734378,-0.056051135,0.07711485,0.08215583,-0.036515065,-0.029950852,0.012448928,0.0028856844,0.013996113,-0.06928103,0.086179994,0.041867908,0.00057144463,0.03202085,0.0046008155,-0.010256505,0.010436274,-0.022455594,0.015241311,-0.06416061,-0.061813496,0.016925171,-0.004077617,0.052004803,0.017013647,0.008388,0.019231444,0.04720114,0.018190123,0.019750204,-0.06738484,-0.0019614634,0.024191052,-0.007897157,-0.01955502,-0.024056336,0.054380782,0.041869342,0.024935357,-0.044194598,-0.02774753,0.10184406,107,151
-0.0074071875,0.07600773,0.069446824,-0.075594306,-0.032129344,0.08454007,0.057646006,0.0079969065,0.023074396,-0.007726713,-0.018302854,-0.007929817,-0.064580485,-0.045942962,-0.010451721,0.005890228,0.03369239,-0.012975445,0.032047566,0.025285922,0.062773906,0.03887144,0.023673622,0.020164158,-0.0009691529,0.0748295,-0.03244014,-0.026065644,0.019536944,0.020242866,-0.015429229,-0.092400506,-0.030648077,0.0031402807,-0.01460506,0.0391694,0.04779811,0.08136404,-0.01230902,0.04219886,0.08833589,0.08749892,-0.045117885,0.030340202,0.052967913,0.06382869,-0.008144366,-0.024861978,-0.02985317,-0.012542155,0.08535224,-0.04103576,0.03326938,-0.005857326,-0.01084774,0.0057621,0.0426553,-0.093926504,-0.038436517,0.036392782,-0.033362944,0.07196461,0.05727028,-0.020581454,-0.08383693,-0.039808102,-0.004231563,-0.033162646,-0.045736328,-0.035035975,0.05538108,0.0288577,0.004302848,-0.012012172,-0.010284459,-0.025456566,0.07036328,-0.030958846,-0.003074063,-0.008555179,-0.03464113,0.011609281,0.015257178,-0.009701085,-0.00076865964,0.069636755,0.048639476,0.014111286,0.04443303,0.075009696,102,152
-0.027074259,-0.01283673,0.07652189,-0.026771944,0.039512113,0.0061211623,0.03502949,0.018751461,0.027684178,0.112688296,-0.0753289,0.029322539,-0.020288346,-0.10559041,-0.02334406,-0.012191141,0.0163545,0.040837064,-0.020276492,0.0054586167,-0.012113849,0.06690001,0.018726552,-0.025861815,0.06440501,0.0068731513,0.024807073,0.03573402,0.059372537,0.039729297,0.027093556,-0.00917865,0.038790867,0.006799166,-0.0016434118,-0.015117943,0.017146105,0.039298434,0.034861974,0.029136484,0.030676441,0.10430083,0.029028524,-0.007977318,0.04481294,0.0085878745,-0.028196294,0.03521619,-0.028560178,-0.026393,0.064373374,-0.030662276,0.033621494,0.053487405,-0.021347363,-0.016144723,0.065168366,-0.004308518,-0.012621108,0.03120485,-0.014236953,0.008334941,0.012603958,0.0043603494,-0.0623015,-0.041792177,-0.026863359,-0.015786631,0.015051071,-0.0054747937,0.053597398,-0.05000048,0.025650874,-0.014956716,0.018223401,0.0120038465,0.0021689516,0.02631406,-0.03939256,0.01035884,0.044345178,-0.0062993057,-0.072219126,0.05057905,0.039670154,-0.03134264,0.063869745,-0.08334259,-0.0018301262,0.039466932,111,153
0.0113159055,-0.010261321,0.04684481,-0.07876808,0.006721532,0.089571916,0.02793346,-0.063797906,-0.008604954,0.03046725,0.037746195,-0.05535315,-0.043022852,-0.012986602,-0.07785938,-0.026734265,0.008363416,-0.0019015651,0.009712709,-0.061013788,0.025426356,0.012033779,-0.016282981,-0.084164396,0.07168083,0.022997554,-0.035681535,0.07472456,0.0769445,0.05946495,0.042842858,-0.03620525,0.011962451,-0.0014011343,0.122431226,0.010558943,0.048330527,0.04617291,-0.0034571048,0.009902898,0.018245922,0.031013582,-0.019873379,0.048875354,0.029983785,0.0553123,0.034581184,0.046889894,0.057525605,0.010623948,-0.027988084,-0.0058264495,0.056687698,-0.006319253,0.038533907,-0.020254733,0.06057226,-0.028534371,0.017663488,0.01472789,-0.026924742,0.010117165,-0.016430255,-0.06490142,0.051056854,0.018746607,-0.014543496,-0.086851686,-0.037821334,0.04402985,0.06233515,-0.031512517,0.030275293,-0.035543036,-0.015032819,-0.031612374,0.010977967,-0.007206356,-0.0023454316,-0.03124348,0.05452311,0.03408455,0.06892176,-0.01627207,0.0150229605,0.016672691,0.06733321,0.0069279117,0.016817322,0.05378318,110,154
-0.039097704,-0.02733521,0.041143507,-0.022721032,-0.016470185,0.03450134,-0.0057120044,0.020040233,-0.01747537,-0.0058052605,0.023155544,0.11078292,-0.06819548,-0.014669031,-0.041240703,0.012749953,0.0051818863,0.051020905,0.048219558,-0.023184612,0.0020513083,0.002941344,0.057411775,-0.06213317,0.062645234,-0.04934351,-0.003306751,0.066128954,0.06997791,-0.0027672034,0.0051320214,-0.0536336,-0.019591596,0.061681733,0.09263981,-0.064692765,0.028672958,-0.00913227,0.033108782,-0.026905544,0.06325313,-0.0025781952,-0.025198584,0.055834986,0.041007735,0.044349123,-0.029098269,0.029863795,-0.004583152,-0.0018969271,0.07064073,0.00019847928,-0.011005962,-0.051425174,0.035634942,-0.0067912154,0.07180196,-0.052888267,-0.010104369,0.016635384,-0.011641322,-0.0016902648,0.007481628,-0.0777392,0.008041913,-0.025724486,-0.017499838,0.010845423,0.035065714,-0.004654254,0.032178547,0.038198408,0.033691533,0.020196754,0.060053643,0.003117359,0.012990039,-0.06452249,-0.033368975,0.043410167,0.018802663,-0.0019054273,0.009178071,0.031582613,0.016241735,0.017043432,0.049696192,0.03254515,0.027344927,0.08240585,106,155
0.011307427,0.0015578773,0.038920578,-0.03232197,0.014987858,0.069911614,-0.0134984795,-0.0024969967,0.029227637,0.0074861236,0.008666957,-0.002551346,0.023800515,0.008582633,-0.037808027,-0.020694245,-0.0053529656,0.02663204,-0.0076138396,-0.011030926,-0.035102658,0.007087799,0.03999936,0.005022714,0.019083597,-0.053923704,-0.051948696,0.049662143,0.009700208,-0.005914977,-0.01963461,-0.06557816,-0.037174508,-0.052539144,0.064929776,-0.013327177,-0.011736333,0.013861138,0.052196726,-0.02297991,0.020793144,-0.04078198,-0.06369822,-0.009457502,0.025396192,0.011485394,-0.0026666124,-0.0077935476,-0.020274594,-0.023783322,0.04082928,-0.0165192,-0.017505627,-0.011113806,0.043405194,-0.022554446,0.06392492,0.0025663823,0.04720662,0.053910002,-0.024440702,0.026868217,0.0006763679,0.014402086,-0.021951994,-0.043909427,-0.0026042648,0.010562209,0.0038520321,0.029828124,0.04596621,-0.029617859,0.054974407,0.024547886,0.035187624,-0.012302727,-0.002647113,0.049007773,-0.039699662,-0.0054082004,0.0061646253,0.018791642,-0.01010097,-0.049789824,0.0164551,0.011653662,0.026324056,-0.025153749,-0.027770333,0.047350544,100,156
-0.052510556,-0.022371156,0.028328909,0.00947696,0.00581974,0.054082118,-0.008473504,0.03481318,0.044589564,0.037089217,0.00478714,0.026290607,0.025657672,0.010085482,-0.00932921,0.009681361,0.05299559,0.035803743,-0.012074664,-0.040419303,-0.0069854576,-0.008688182,-6.505847e-05,-0.04968659,0.028570138,0.042331897,0.043878026,-0.08824104,0.021934805,0.08321218,0.030572828,-0.048979543,0.023293816,0.049740642,0.029031858,-0.011332408,0.029655576,0.008627633,0.036330413,0.0029219089,0.025852758,0.07030164,0.0011380184,0.017649746,0.010012371,0.043601234,-0.022334535,0.0040185023,-0.011423267,-0.004548788,0.010609016,0.030595502,0.04236881,-0.035832785,0.0116242375,-0.00078295916,0.061043475,-0.08295784,-0.014659055,0.029762827,-0.059748955,0.060458038,0.033798944,-0.016482648,0.002079539,-0.021410765,0.044983998,-0.070384644,0.00019980036,0.08894183,0.08279797,-0.020326035,0.06741116,0.0067428993,-0.010556111,0.038883384,-0.021465661,0.053146265,0.01420974,-0.069559515,0.015576948,0.008084965,0.01793091,-0.009390172,0.00053538196,0.036948066,0.036589246,-0.011116299,-0.0009870636,-0.015039723,106,157
-0.0217652,-0.009037096,0.11124839,-0.0038749333,0.028267104,0.05230319,-0.011766385,0.023601376,-0.0073670726,0.024216957,-0.016485978,-0.026396075,-0.04398388,-0.09810068,-0.043568376,0.0455424,-0.00702588,0.013299641,0.0051474595,-0.00093588536,-0.021638304,0.031771764,-0.004161289,-0.06536919,0.044992417,0.013967881,-0.012766031,-0.022312842,-0.023443373,0.05909719,0.0473736,-0.037076745,0.0056010317,0.035684545,0.050679393,-0.033927076,0.02665371,0.053722017,-0.011446649,-0.011019404,0.054106683,-0.08672732,-0.059384204,-0.024831288,0.0019254535,0.06973885,0.013806067,-0.010827009,0.06547519,-0.014933333,0.097411826,-0.041227594,-0.01479129,0.050800502,0.06718939,-0.022405654,0.05253814,-0.07450664,-0.007875055,0.021726862,-0.010148778,0.01347812,0.020437565,0.0042918096,-0.016673882,-0.022600641,0.018180203,-0.027205376,0.009893075,0.008963315,0.032253973,0.051346965,0.04846172,-0.0583986,0.015295309,0.041872505,0.020941408,0.02216376,0.027725365,0.015148509,-0.0051206164,-0.0079323035,0.017639006,0.03379619,-0.0071275495,0.035067078,0.022377215,0.01677887,-0.005927941,0.04797364,112,158
0.001141246,0.0031156738,0.06235103,-0.03769185,0.05331778,0.014723174,-0.03794483,0.04688213,-0.019908326,-0.08911064,0.07380813,0.018687522,-0.006859392,-0.06320939,0.1020531,-0.056939516,-0.010598064,0.025864411,0.061010987,0.030650992,0.013707521,0.07616609,-0.0048857387,-0.021095246,0.042938903,0.059955336,-0.019510347,0.048891503,0.018988712,0.02429824,-0.016879996,-0.023055725,0.025851686,-0.05224262,0.020025488,0.018288445,0.01931812,0.03148167,0.010453653,0.03756332,0.06010425,0.005245341,0.004664723,0.05528887,0.042773865,0.06203502,0.027460482,-0.012228018,-0.022505399,-0.002830496,0.05592585,-0.031962566,0.025719559,0.032365534,0.0074221534,-0.014760232,0.064920895,-0.0052665584,0.09112553,0.019849863,-0.06382765,0.035136852,-0.012564987,0.003822222,-0.027153373,-0.04856991,-0.0007193135,0.015611909,-0.05078891,0.02936056,0.046372667,0.02732576,-0.009895453,0.0385049,0.01545219,-0.0024028108,-0.006106857,0.009411774,-0.058513217,0.042280164,0.021031767,0.02435209,-0.029985452,0.0017067865,-0.029400447,0.062123798,0.031722695,-0.030305404,0.009068718,0.05717897,112,159
-0.016697148,0.06466949,0.01810126,-0.085277915,0.033816867,0.029416448,0.005377114,-0.040490746,0.02720898,-0.06615929,0.00067455275,0.02385828,-0.001214222,-0.061526403,-0.035310514,-0.020774571,-0.0070958734,-0.022128558,0.049295194,0.011903735,0.007118832,0.04084719,-0.018158754,0.03933226,0.015576697,-0.009285612,-0.00025783572,-0.042143453,0.043079756,0.08742808,0.032031897,-0.034121577,-0.047640577,-0.004507528,0.049020324,-0.013567384,0.083566025,0.0037187766,0.004265586,-0.017646302,0.082063965,0.079328746,0.04761622,0.03342995,0.039771654,0.054493133,-0.03507883,0.005917701,0.013488464,0.052183587,0.045204114,0.022250684,-0.008004553,0.08674617,0.06728923,-0.06984508,0.109161675,-0.03169728,0.025619216,0.027694203,-0.039867327,0.02949571,-0.008678142,-0.00833409,0.07307999,-0.08388847,0.06557341,0.00030971132,-0.046823293,0.027269317,0.051972657,-0.023980998,-0.002634924,-0.031228226,-0.027779916,-0.036327265,0.06463194,0.016532658,0.06396763,-0.013741842,0.0062364405,-0.0041861106,0.022750178,-0.013685893,0.066436775,0.041075245,0.033145163,0.0006050118,-0.0031886199,0.06220481,107,160
-0.02022219,0.06268278,0.072835594,-0.03498726,-0.012113048,0.012983168,-0.0015152423,-0.0034300373,0.007976342,-0.0037465096,-0.011850901,0.03971819,-0.105233744,-0.03626233,-0.0063978457,-0.022853795,-0.033036232,0.029617231,0.012231512,-0.03590501,0.021784352,0.019491162,0.014122469,-0.04981601,-0.016696531,-0.015829077,0.03814856,-0.034488138,-0.03010807,0.011433068,-0.0010260511,6.4935535e-05,-0.014466081,0.0141238365,-0.01439634,-0.020470703,0.029845241,-0.012408558,0.07278344,-0.0056328923,0.07001127,0.084040105,-0.0054278374,-0.0048390506,0.030081091,-0.011052981,-0.03546306,-0.013441332,-0.003462214,0.013635703,0.060024925,-0.028290866,-0.002642219,0.032305125,-0.004087303,0.015775003,0.104216516,-0.07526454,0.02333903,0.035669282,-0.008227652,0.07306771,-0.048390515,-0.0041101635,0.031173173,-0.05407568,0.018363124,-0.03432075,-0.014043918,0.060564663,0.04642403,-0.00084547,0.020555908,0.044836074,0.006000381,0.0689606,0.0013560876,-0.030846976,-0.012555134,-0.008930081,0.07354158,0.057320517,0.03892304,-0.05913847,-0.018273247,0.0658172,0.06778468,-0.00832145,0.029281996,0.059373964,107,161
-0.03639243,0.030713711,0.037759416,-0.01764369,0.027380448,0.058935292,-0.054478794,0.012100881,-0.035678975,0.01609713,-0.03917658,-0.028884307,-0.03633833,-0.054517686,0.019258603,-0.035158213,0.005889862,0.010377857,0.031064041,-0.012451758,0.054514542,0.058758378,0.057952836,-0.0028316416,0.03918675,-0.0072053764,0.041967466,0.024419691,0.006634567,0.0047378484,0.04101236,-0.026411498,0.0020626783,-0.032066386,0.06213178,-0.013342909,0.043768436,-0.018261686,0.012743561,0.04596911,0.03816032,0.052700013,-0.06430897,-0.0048752986,0.038325004,0.074038595,-0.0481277,0.024119234,-0.0100524975,0.050031103,0.080105364,0.032973457,0.0019703992,-0.023618503,-0.012612704,-0.075168654,0.047529053,-0.038655255,0.04270926,0.014291777,0.009518763,-0.046839338,-0.039082047,-0.026315037,0.06665501,0.004143048,0.020276207,0.012815084,-0.04846914,-0.011087853,0.0015902165,-0.0010731146,0.0667749,0.00084417127,-0.06238962,0.0014134257,-0.0100271795,0.018355882,0.006454503,0.029671611,0.05105269,0.045012265,-0.02012126,0.03242139,-0.006156804,-0.020334562,-0.048859872,-0.00053454377,-0.026558436,-0.014378633,110,162
-0.022613937,0.044964414,0.0159088,-0.03204395,0.011818759,0.016391503,0.04516255,0.022025432,-0.012458978,0.06381977,0.05872933,0.027032973,-0.063549966,-0.055293083,0.030649949,-0.0074641765,0.027323302,0.02532279,0.0054713385,0.014985927,0.06673508,0.07724632,0.0186825,0.022962179,0.057302456,0.0031598564,-0.022996575,-0.005740865,-0.0011420157,0.0096445875,-0.03683261,-0.045853145,-0.035316,0.012887677,0.13387814,0.008085539,0.05069935,-0.008817483,0.073351085,0.015400671,0.0275484,0.0253645,0.012076404,0.08496757,-0.0060457382,0.028584138,0.073544525,0.00755007,0.05476767,-0.036152367,0.03541315,0.0031667035,-0.050022148,0.019344596,-0.022234213,-0.040495075,0.09384927,-0.026299512,0.04109895,-0.025882509,-0.048812337,-0.03716542,0.0236785,-0.022728968,0.020302674,-0.020967195,0.015891822,-0.03602018,0.06652946,0.021351088,0.0141406115,-0.011858223,0.009516039,-0.027420491,-0.070711695,-0.063939966,-0.020695848,-0.00018673204,0.0040794807,0.04222084,-0.026641242,0.035528444,0.011137135,-0.024372062,0.026814613,-0.019242408,0.013484218,-0.0030304044,0.016274458,0.0378906,101,163
-0.005852314,-0.009223066,0.057955317,0.011111695,0.03527891,0.056634415,-0.046133652,0.020550162,0.030423546,-0.0077499943,0.052329175,0.012853909,0.03882907,-0.06626003,0.025391754,-0.024304174,-0.017331319,-0.000794271,-0.004061353,0.019790176,0.0010888285,0.068164825,0.055371836,-0.0071896333,-0.0046753287,0.010504691,-0.0023961095,0.036141906,0.03838319,0.011565789,0.02696072,-0.06293554,-0.03116189,0.00725405,0.019982994,0.0056496984,0.058890164,0.007440962,-0.0049186777,-0.018212195,0.111529976,0.027913433,0.0032751374,0.036944345,0.025425803,0.05728834,-0.03882336,-0.023635611,-0.01378683,0.0044814744,0.10695878,-0.031090783,0.026425421,0.0037919637,0.018840533,0.022672884,0.020227123,-0.038468186,-0.05143736,0.0061375992,0.022833081,0.0016652197,0.10521906,0.0036660638,-0.008348776,-0.070161656,-0.008696571,-0.060925443,-0.036326353,0.036332242,-0.03086229,-0.01362047,0.0403324,0.029298276,0.01362068,0.024544567,0.006553624,0.08196306,0.031486295,0.051860996,-0.03880557,0.0174564,-0.030685512,-0.03048399,0.03696165,0.003009783,0.061369885,-0.015786722,0.0004017169,0.09818147,108,164
-0.030188397,-0.018117039,0.029762892,-0.04774185,0.026963789,0.0106462035,0.04588422,0.022402287,0.016669307,-0.017724987,0.028801113,0.02428571,-0.036010884,-0.0369501,-0.03820115,0.049866617,-0.013340627,0.027291978,0.0154009815,-0.012559422,-0.0072856555,0.07741615,0.011341517,-0.011167992,0.041178886,0.030656783,-0.024354395,0.020255405,-0.01837481,-0.011005223,-0.0068484005,-0.022526437,-0.044892155,-0.046521496,-0.007691622,0.04623636,0.07041077,0.031056844,0.040589496,0.03316617,0.074920654,0.04894486,-0.07012335,0.054945745,0.022367489,0.07083212,0.02254505,0.029779542,-0.014605332,-0.09249809,0.06973983,-0.03771237,-0.043914612,0.05659604,-0.004916612,-0.026008664,0.06200588,-0.07315926,0.020383464,0.06562672,-0.009153545,0.005741368,0.041486647,0.014268877,-0.01425939,-0.04552629,0.034226768,-0.08269459,-0.015043766,-0.012183899,0.0785934,-0.0061533777,0.0029644882,0.0148475915,-0.04713804,-0.04516343,-0.019861767,0.034715533,-0.08051409,-0.007346954,0.0046569165,0.048149303,0.031817194,0.020801865,-0.02454747,0.06335268,0.027785826,-0.06535374,-0.05245338,-0.018183682,106,165
-0.03352857,-0.009116603,-0.011087641,0.010589071,0.072328284,0.04282417,0.0021571098,-0.014654539,0.014907383,-0.0578919,-0.027849099,0.017805561,0.028683394,-0.07276693,0.019849887,-0.008719642,0.038498078,0.090476304,0.024187539,-0.0062754834,0.012931817,-0.00489733,-0.020564726,-0.12190717,0.0028352588,0.050947435,0.034390207,-0.005313468,-0.008742111,-0.0154800005,0.016785331,-0.053706963,0.0096410215,0.003522107,0.07524371,0.016918316,0.07657327,0.009871537,0.026496071,0.008075858,0.095773354,0.05361259,-0.043459028,0.05997778,0.001156088,0.06352698,-0.015461156,0.046680182,-0.058466613,-0.028242279,0.041955836,-0.03200738,-0.0026282463,0.044828676,0.047288787,-0.025195893,0.087956026,0.0056550726,0.0847885,-0.027309902,0.003651701,-0.017037198,-0.01868866,-0.060333516,0.075830445,-0.07934352,0.03783468,-0.029142417,-0.10893664,-0.02896313,0.0033898624,0.016600998,0.023086665,0.01751155,0.0871854,-0.016238954,0.009380538,-0.052331075,0.029320408,-0.03880913,-0.018846538,0.0050796885,0.06698211,0.041858904,0.024699721,0.00396825,0.04685065,0.02835719,0.025688075,0.06529053,106,166
-0.01467922,0.07366921,0.048028156,0.009366162,-0.031212602,0.07972821,-0.013544651,0.028293204,0.0416634,0.03513556,0.04387847,0.056106113,-0.0030650496,-0.053644836,0.067512766,-0.022210315,-0.029147806,0.058763064,-0.004928309,-0.0075600017,0.0125052035,0.0033270698,0.04514019,-0.0021117646,-0.003989272,0.011634506,0.0037091495,0.0063769836,0.020809324,-0.048881292,-0.02861362,-0.042876445,-0.045050688,0.04673875,0.066401124,-0.017398559,0.12239819,0.024260141,0.04830852,-0.024518924,0.042034157,0.041742325,-0.031211758,0.006766567,0.03670897,0.0875714,-0.049381487,-0.07500852,-0.031048222,-0.0030853723,-0.0010505728,-0.01013599,-0.026405538,0.07581702,0.063723534,-0.035487283,0.033010565,0.007832047,0.051778324,0.03909258,-0.049445156,-0.044938702,0.06284725,-0.02642813,-0.06060939,-0.069394216,0.035113674,-0.027636021,-0.013842432,0.016871028,0.016421285,0.0038618234,0.070935495,0.041307762,0.0054518282,-0.016049426,-0.0077657346,-0.013083555,0.021948919,0.013433207,0.038519245,0.050200608,0.061146826,0.031915188,0.011003906,0.034377765,0.010547871,0.04762473,0.053855136,0.0704771,108,167
0.010912816,0.032162067,0.042118847,-0.017452758,-0.011798458,0.070640884,-0.024334995,0.020799793,-0.0094421,-0.0639458,0.0059808195,0.00020616408,-0.040645614,-0.06344009,-0.00025182404,-0.027279127,-0.056235082,0.03804246,-0.020293832,-0.044327702,0.010383757,0.020621933,0.008115637,-0.051544603,0.021056645,0.023686325,-0.014679417,0.01401487,0.036453944,0.059226196,0.03234132,-0.045983925,-0.05461108,-0.060224373,0.0059975944,0.009025887,0.08196273,0.060926087,0.01636922,-0.053498838,0.008698564,0.0032560527,-0.072289914,-0.021077856,0.029815957,0.06846698,-0.039658144,-0.039547205,-0.0127254445,-0.012556326,0.013680965,0.019084083,-0.031626966,-0.018945778,0.006399681,-0.059579942,0.090435304,-0.11363204,-0.017521545,0.0061965794,-0.023927692,-0.009601325,0.011708116,-0.026534583,0.030135274,-0.06201896,0.01790802,-0.00021364354,0.01191685,-0.0036546225,-0.002110688,-0.031960808,0.027236346,0.0008674655,-0.056835465,-0.0068705007,0.02827742,0.04613494,0.0013345545,-0.023500202,0.00044271164,0.014015612,0.016588185,-0.02457077,0.023687052,0.004062621,0.035914488,-0.05915066,-0.042372078,0.08808993,100,168
-0.013612123,-0.08424502,0.006622702,-0.0009891316,-0.02178156,0.010869969,-0.0033126664,0.035687182,0.024497831,-0.041081533,0.042988654,0.0121921105,-0.009578268,-0.06810169,0.047290403,-0.0030831266,0.00941469,-0.011901112,0.06422148,0.025650881,0.008932467,0.043145917,-0.02632161,-0.0066324733,-0.014745049,0.0213387,-0.025592335,-0.022464555,0.040035605,-0.022391926,0.035618868,-0.008336164,-0.08944143,-0.02930824,-0.0043440685,-0.013654243,0.06233092,0.03817936,0.023381226,-0.010968162,0.068685815,0.081719294,-0.0028295275,0.043269582,0.033126164,0.04378988,0.0052451147,0.04031769,-0.010880297,-0.042372774,0.07118828,0.06403754,-0.06976727,0.03049202,-0.06391959,-0.033539098,0.0650733,-0.031423055,-0.027500402,0.013038555,-0.018767484,0.014756842,0.023046944,-0.022120735,0.008751627,-0.029497596,0.08959888,-0.03856678,-0.013780497,0.06637306,0.049476773,-0.031603016,0.0036490317,0.051438756,0.020617638,0.019844059,0.02406598,-0.018464327,-0.005450248,-0.010618553,0.028407533,0.042188052,0.05289994,0.009103665,0.028305687,0.035745356,0.06497091,0.07127144,0.006709507,0.018633142,103,169
-0.057404414,-0.0853001,0.03731922,-0.009685835,-0.018096743,0.04986218,-0.08927523,0.016849909,0.014292575,-0.0007354114,-0.004611412,0.01815258,-0.03728178,-0.028466929,-0.061594747,-0.05947046,0.03081534,0.030127393,0.0026549064,0.011087421,-0.01859886,0.005865613,0.0017548231,-0.03688644,0.06429161,-0.015706876,-0.030730084,-0.024501361,-0.017539168,0.059288703,0.070797846,-0.006310066,-0.075002745,-0.0115540605,0.024228325,0.0014855769,0.0044611245,-0.0008712504,0.061432794,-0.04795883,0.04837729,0.02094162,-0.08892322,0.03313076,0.024600653,0.09667079,-0.059841793,-0.034704313,0.055024445,-0.026414722,0.048706945,-0.018133167,-0.0007523855,0.03201978,0.036462404,-0.080674306,0.024025582,-0.054039106,-0.057217374,0.0074458234,-0.043140166,-0.028593786,0.029262507,0.006843983,-0.0057409997,0.04007075,0.010586811,0.004323311,-0.041440323,0.0065088714,-0.0009485986,0.076009735,0.027941477,-0.014128067,-0.009911574,-0.009479061,0.051907048,-0.029468473,0.023464508,-0.020745061,-0.004726704,0.027675763,0.02233769,0.002051874,0.010739706,0.04139993,0.007545432,0.024701878,0.023365434,0.045894627,109,170
0.07754491,0.03228491,0.016545296,-0.093452826,0.006280482,0.034800224,0.007951414,0.031471964,0.045685202,0.004499166,-0.04271877,0.05161021,-0.049754806,-0.0124573,0.046897907,-0.02583039,0.006483926,0.047508795,-0.027471539,-0.031955004,0.022754354,0.058194242,-0.0028906483,-0.0942768,0.03129249,0.049650867,-0.08686651,-0.046039153,0.039645806,-0.017552614,0.046078406,-0.04734599,-0.04100454,0.022656003,0.08460191,-0.027415324,0.04479082,0.004945133,-0.005009707,-0.038179502,0.09759273,0.009238623,0.015707612,0.011493774,-0.0031562988,0.07523019,0.019713014,-0.006077136,-0.028123185,-0.020519184,-0.012493439,-0.030947566,-0.014625218,0.008838421,-0.029251263,-0.00739008,0.06665906,-0.016164962,-0.02207974,-0.036507897,0.003276689,-0.02584707,0.0046301316,0.022371536,0.007247622,-0.028498873,0.049233112,0.0058592595,-0.04319088,0.046654772,-0.011388045,0.025221542,0.0111238295,0.04976047,-0.010589904,-0.011875739,0.010510271,0.025621256,-0.1160122,-0.04551058,-0.04436477,0.013219833,-0.022866035,0.04058236,0.0029505203,0.013813238,0.031053293,0.050384067,0.033304445,0.026802827,104,171
-0.1004664,0.012827599,0.014888264,-0.06373116,-0.017674431,0.016487492,0.058693286,0.02898956,-0.017036637,-0.00624463,-0.032343425,-0.016433857,-0.04014482,-0.061019186,0.035889298,0.020636901,-0.022674073,0.029399633,0.052683286,-0.007756766,0.060308583,0.02211703,0.035857476,-0.07651371,0.074344784,0.035213154,-0.03926868,0.0029710769,0.07807378,0.011867479,0.013844045,-0.054187894,-0.0883018,0.04707174,0.050497867,0.06129562,-0.0023784488,0.021542683,0.010375614,0.042361405,0.055731297,0.061056014,-0.011625361,0.020163335,0.018742852,0.05381214,-0.070553385,-0.01540759,-0.039664812,-0.0034449492,0.021584906,-0.07401943,-0.022642156,0.022700112,0.073293686,-0.0055837017,0.051928196,0.013150375,0.05658865,-0.0015279874,-0.002457628,0.026070569,0.012752231,0.058508836,-0.040984612,-0.089637,0.025529493,-0.044482853,-0.041604254,-0.05000719,0.002348302,0.0064095845,-0.018854728,-0.029208899,0.016521733,-0.013602526,-0.014817098,0.0530357,0.0016691536,-0.035691317,-0.009289477,-0.0038911905,0.029566957,-0.0072627496,0.011207467,-0.0018607304,0.02513113,0.041821018,3.0668918e-05,0.042764824,104,172
-0.040453166,0.015744422,0.08460596,-0.11430869,0.016308058,0.043262664,-0.027157316,-0.028407823,-0.002361618,-0.022790654,0.0061689964,0.047835466,-0.07902089,-0.058424115,-0.013504073,0.002608587,0.039806806,0.029265907,0.03182934,0.029590197,-0.019404095,-0.0036820732,0.058619633,-0.08252513,-0.013656113,0.005073929,-0.0066165044,0.04882436,0.0069628693,0.0023041312,0.021842767,-0.006909542,-0.044774145,-0.035396546,0.0829995,0.051393557,0.057197876,0.048960887,-0.011381399,-0.010056084,0.06261117,-0.01816633,-0.09077673,0.05177599,0.06440394,0.03246036,0.038806655,-0.0059572635,0.046336956,0.047591545,0.008195046,-0.006531588,-0.0060939984,0.0047568902,0.021538671,-0.067407906,0.07056319,-0.055643767,0.016970444,0.021680964,-0.024192773,0.019625504,0.007967745,-0.025423368,0.016164165,-0.02829793,-0.004152254,-0.059291463,0.0646276,0.0020918718,0.065981835,0.04841677,0.01424885,-0.038934436,0.0044792714,0.019186135,-0.0056971665,0.07574002,-0.039520644,-0.027799783,0.037291184,-0.031709056,-0.007285103,0.0021478105,0.042752843,-0.020636497,0.050631925,0.02860412,-0.041557644,0.045222748,104,173
-0.01398232,0.057179883,0.06745196,-0.009139322,0.028887186,0.011006402,-0.03937465,0.019246982,-0.01140883,0.064250134,0.00919487,-0.032143485,-0.025094796,-0.062248487,-0.054960314,0.0098617785,0.04847458,0.0032778773,0.012735867,0.018581755,0.01622121,0.05481656,0.02994825,-0.09792251,0.052239798,0.04548026,-0.014889011,0.044365786,0.02386454,0.10499404,0.0014961306,-0.0347586,-0.041692935,-0.018888377,0.10530788,-0.034250297,0.0375688,0.04526871,0.017823387,-0.046119794,0.01980778,0.06323925,-0.05370071,0.058683164,0.025882507,0.08628322,0.013557106,0.035917483,-0.05032079,0.039549313,0.09287439,0.029943233,-0.00561627,0.03790297,0.029999766,0.032321427,0.030486878,0.006643694,0.012650292,0.028460048,-0.04144655,-0.015069764,-0.022145476,-0.05430237,-0.010814873,0.0061501693,-0.0020213015,-0.010123709,-0.051920287,-0.030512474,0.07217038,0.025209248,0.017377475,0.033789698,-0.022886159,-0.0107122045,0.012673355,0.0336532,-0.0643038,-0.04469527,-0.05948797,-0.008922694,-0.035859816,0.036988106,-0.02868305,0.053632937,0.036210276,0.08090403,-0.0054028574,0.017288174,114,174
-0.018714298,0.029527802,0.04473301,-0.043964732,0.053533025,0.043035083,0.005965071,0.004361043,0.04494465,0.016259834,-0.029797796,-0.033796154,-0.045176357,-0.076062135,0.014254428,0.021659572,-0.03255658,0.06373379,0.051728215,0.014026971,0.037209213,0.019523175,0.009265486,-0.036221787,0.07777692,0.03460796,0.025663681,-0.0941908,0.031790387,0.08641791,-0.013423493,-0.024596011,0.018040773,-0.0074582617,0.064313635,0.01097994,0.041953586,-0.024411958,0.075521246,-0.040009137,0.09756388,0.013561522,-0.04305052,0.0015554484,0.04343306,0.07683429,0.028045341,0.013836705,0.008379266,0.0036360342,0.036710553,0.0097865965,0.030953906,-0.013075622,0.004706656,-0.029619968,0.09503955,-0.06494366,0.024473138,0.05383547,-0.02863634,0.0056337873,-0.034218717,-0.014912983,-0.015997674,0.013955243,0.058065716,-0.053013295,0.07482136,-0.003158944,-0.03157864,-0.045169912,0.015959961,-0.022374779,0.015240486,0.030241776,-0.023397243,0.07871112,0.025677323,-0.040804144,-0.02376476,-0.0015334729,0.0177739,0.07626622,0.010572721,0.06659969,0.016412567,-0.021037757,-0.027838495,0.057285223,104,175
-0.02621349,-0.0374209,0.04978612,-0.036316644,0.035299614,0.030192174,-0.004186493,-0.035802405,0.0149430195,-0.06556076,0.00032231864,0.031941682,0.016174085,-0.06875296,-0.0049351505,-0.028362935,0.0059365807,0.05457309,-0.03530209,-0.012997328,0.01714507,0.07505119,0.007952066,-0.00038949773,0.09276285,0.025652114,-0.009763395,0.016288422,0.08801968,-0.02056614,-0.020568741,0.009412698,-0.013079168,0.023217693,0.057262156,0.0019031125,0.07827485,0.039014217,0.06895084,-0.035675317,0.07399807,0.05103586,0.0031439718,0.011836001,0.004548542,0.071656585,-0.017398763,0.034211546,0.018979708,0.004605026,0.0033109747,-0.00063580007,-0.0061030746,0.07323844,-0.02084266,-0.027905287,0.0150792,-0.032073397,0.0028200522,-0.01938339,0.017913522,0.018390058,0.027758278,-0.04589706,-0.044764187,-0.027520224,0.031997822,0.004635362,-0.07151204,0.019585647,0.033048127,0.06605596,-0.007852964,-0.04115855,0.020095816,-0.015797652,0.04518459,-0.008139022,-0.016193323,0.015609302,0.047056764,0.027303582,0.02591625,0.005392925,-0.0013019424,0.05482308,0.047940686,0.005752187,-0.024722863,0.085554734,100,176
-0.031303354,0.03792442,-0.022965409,-0.039427828,0.021016372,0.061593946,0.0049199527,0.025795504,-0.026224954,0.010449989,0.017419286,-0.029012924,-0.0063826405,-0.071071096,0.019127043,0.0068358798,0.05386409,0.008380283,-0.01921292,-0.046176136,0.016113129,0.018150792,0.019689849,0.026443098,0.09929013,0.03816004,-0.010145897,0.007968379,0.02383426,0.09336878,0.01421375,-0.06298143,-0.043286406,0.0044223536,-0.007469829,-0.04243734,0.025949012,0.0053947493,0.030776735,0.031848606,0.07206167,0.01946765,-0.07778172,0.03662009,0.019260716,-0.021860577,0.0254076,0.014260172,-0.019240083,-0.023453383,0.078308105,-0.0049461056,0.0009430812,0.0072404807,0.036207475,-0.009768574,0.06274659,0.0032183677,0.028123619,-0.027106289,0.0021440834,0.0052168565,-0.007821564,-0.011991197,-0.030144392,-0.02543389,0.06835964,-0.0059944056,-0.034998972,-0.010151024,0.008800316,0.047947135,-0.0130176395,0.02525818,-0.030529536,-0.0046684616,-0.0038509052,0.041112654,0.027296666,-0.0039627636,0.04968945,0.041338064,0.0004260894,-0.012802238,0.009881819,0.0060425624,0.002022449,0.04548774,-0.022366922,0.07395627,112,177
-0.05190014,0.024535906,0.031873498,-0.036757793,0.01017967,0.06596127,0.018508198,0.036948904,0.06249395,-0.03362575,-0.054083306,0.06027442,-0.07314153,-0.054555677,0.024712611,0.0038374476,0.050808277,0.041412048,-0.021197252,-0.052604396,-0.04469336,0.03082778,0.002027221,-0.022699028,0.017507099,-0.04443074,-0.0045869024,0.070295386,0.049494773,0.0057490375,-0.0045235455,-0.012615776,-0.024368934,0.0016959934,0.03166735,0.06437859,0.04234505,0.012135653,0.06635888,-0.0085718855,0.107409686,0.03911915,-0.015888408,0.027669959,0.06375042,0.13340342,0.024653543,7.032696e-05,-0.014070693,0.0006400896,0.08294091,-0.013998415,0.011881428,-0.039707363,0.037090197,-0.010687188,0.08893052,-0.044672962,0.0101712085,0.02034375,-0.05026994,0.039063793,0.0073704254,-0.056429338,0.03885641,-0.0011639316,0.037577428,-0.088568754,0.010688923,0.028992375,-0.009550434,0.029914288,0.00362264,0.035623144,0.037567154,0.0018647965,0.041407794,0.059414938,0.016220627,-0.011210067,0.0072950767,0.00018194318,0.034381684,-0.0259811,0.039516218,0.0047177505,0.057231054,-0.023874674,0.0022921157,0.07239604,102,178
-0.035117872,0.036172282,-0.00749493,-0.047612563,-0.0047736,0.033193853,0.009096807,0.051349986,0.0026674313,0.03643523,0.02112002,-0.04045994,0.0025107823,0.00977432,-0.04468946,-0.023798646,0.041551,-0.05516541,-0.047985297,-0.035717547,0.018653149,0.007637024,0.0015357705,-0.018715855,-0.010103673,0.008278342,0.04183609,-0.07094078,0.038787656,0.029993033,0.05123912,0.03261803,-0.0059018657,0.0685756,0.113830164,0.0010099285,0.058181066,0.023087593,0.0071127303,0.009485473,0.016539369,0.018304383,-0.028596958,0.0495499,0.032499105,0.06436356,-0.013628701,0.014157079,-0.022526154,0.0151843345,0.033700444,-0.010484699,0.007842651,0.053964425,0.009709325,0.046037767,0.04740404,0.02420548,0.02536484,0.09176392,-0.029796587,0.059440073,0.039427467,-0.056152206,0.040880036,-0.060528826,0.0017569046,-0.0052161952,-0.04110857,0.021677343,0.039871063,-0.0052213008,0.046768166,-0.054188285,-0.007815972,0.0030001518,0.012053589,0.015666965,0.023762815,-0.012241027,0.038268525,0.0131546995,0.0154031385,-0.027189746,-0.02490932,0.013253583,0.046476074,0.017888114,-0.018574975,0.076443985,107,179
-0.023597162,0.021579815,0.06777555,-0.043191165,0.06028452,0.044059195,-0.017697766,0.005919471,0.028130421,0.0089208875,-0.059410106,-0.011029904,-0.00953331,-0.024991872,-0.020934815,-0.018167218,-0.043451536,-0.0071773455,0.04166914,-0.07396062,-0.034857586,0.020761674,0.01861516,-0.06369029,0.09617847,0.009108294,-0.005600015,-0.014161839,0.025448514,0.04588785,0.0048084203,-0.045255832,0.0061679613,-0.026861886,0.13754436,0.0009883037,0.04014498,0.057304136,0.008528594,0.017444067,0.050822783,0.041637056,-0.021379737,0.09876325,0.021912333,0.040519927,-0.0017827596,-0.059298523,-0.017436218,-0.003962191,0.09787339,0.0065415837,-0.04353756,0.0048469137,0.032033972,-0.009669101,0.12624186,0.0003341064,0.03497368,0.05189697,-0.0032721786,0.004982159,0.01405328,0.040241547,-0.076481834,-0.05454952,0.019544138,-0.019077053,-0.07466715,0.0074587483,-0.05534006,0.032172702,-0.041285455,0.038721055,-0.022034697,0.04416776,-0.034576498,-0.009636588,0.0181982,-0.030391578,0.004324966,0.039100647,0.020028265,-0.001093518,0.011831081,0.073300086,0.016174063,-0.0035895212,0.04701188,0.07271706,104,180
0.004190622,-0.023439424,0.078059115,-0.055640377,-0.025170345,0.05257131,0.045623165,0.029451814,-0.037055865,-0.03688371,0.004978127,0.012747352,0.028680082,-0.06405966,0.017465143,-0.012011634,-0.0011036266,0.005782876,-0.03918745,0.020155039,0.011893451,-0.022985216,0.051824026,-0.061628923,0.012421757,0.014164635,0.004935911,-0.117171265,-0.064683884,0.034686796,-0.011346484,-0.08468662,-0.007324703,-0.0011329222,-0.0005031228,0.014292562,0.06970137,0.066078186,0.051743936,-0.0048954566,0.06434941,0.0006790571,-0.039155312,0.007207471,0.07756046,0.057140753,-0.0077057416,0.053883545,0.017564869,-0.0042400714,-0.0023583136,-0.04699732,0.012582253,0.051474184,0.005497315,-0.008490056,0.08726406,-0.077161804,0.023292923,0.05582902,0.007566413,-0.0009677876,0.040928476,-0.045089807,0.021614918,-0.015947679,-0.0012211241,-0.012046651,0.008119967,0.0005525185,0.053851314,0.012398318,0.031193728,0.066017225,-0.014913974,0.0005334809,0.0017805658,0.0048669092,-0.08890982,0.016893864,-0.0031487597,0.06211707,0.038026128,-0.027207976,-0.000861723,0.020175098,0.002753999,-0.0731333,0.045198258,0.08099942,113,181
-0.009431065,0.015742807,0.066725805,-0.02514022,0.03247448,0.059060283,-0.0004944736,-0.0035790615,0.04389672,-0.00029447675,0.047878437,0.05320956,-0.0002694521,-0.08657111,-0.100786746,0.010525839,0.020915681,0.013139325,-0.00515744,0.021999165,-0.001945016,0.051338807,0.048155587,0.021189094,0.055594005,0.01773775,0.041050002,0.027664363,-0.028171262,-0.0075124186,0.019894078,-0.07943154,-0.022180472,0.0325121,0.07994096,-0.062093962,0.019950854,0.04603944,0.02184845,0.041353934,0.012196191,0.04269204,-0.047233,0.07026972,0.01949678,0.08887006,0.032792598,0.016743477,-0.062351048,-0.007630368,0.03407889,0.021699226,-0.014377264,0.024314968,-0.025344666,0.03166159,0.07367313,-0.10862775,0.03883954,0.056333497,-0.037683427,-0.015465692,0.019376975,-0.035022568,0.013904676,-0.03315691,0.02457844,-0.0016809441,-0.020303506,-0.011364583,-0.02883178,0.018507713,0.08321138,0.026287563,-0.048456665,-0.057131883,-0.0003100671,0.10064773,-0.025221825,-0.007142541,0.038084004,0.0033025625,0.06528896,0.037577905,-0.02132952,0.03879034,0.050002493,-0.029081095,0.014237171,0.09912245,114,182
0.010052207,0.030425726,0.08626829,-0.023293985,0.0009340388,0.09941777,0.025975186,0.009884744,0.05700411,-0.041592475,-0.0010342929,-0.048094843,-0.021471953,-0.04094407,0.0419482,-0.023440655,0.055555247,-0.014421994,0.036972523,-0.008395573,-0.010844312,0.041786462,0.034951247,-0.058768988,0.048931934,-0.013195215,-0.0014597117,-0.003009155,0.06802815,0.03501729,0.07230306,-0.07460901,-0.009566757,-0.0047895885,0.08354346,-1.4514662e-05,0.027634457,0.030069748,0.028652897,0.04602353,0.014827272,0.08377594,-0.051494487,0.02150618,0.01286307,0.02109225,-0.0053680157,0.05810476,-0.010981234,0.005264545,0.06603264,-0.06610288,0.009881154,0.007314952,0.015826229,2.1804124e-05,0.031231027,-0.026061732,0.076232456,0.02117798,0.004917588,0.045040175,0.031119924,-0.046476167,-0.06681734,0.030462507,-0.040079642,-0.014370214,0.011421662,0.009163664,0.041222066,-0.04430641,-0.008085897,0.040991828,-0.051449053,-0.004067313,0.009109822,0.054636415,-0.026713802,0.0043555847,0.044671506,0.0071186796,0.046400093,0.053919338,-0.019625032,-0.0059807766,-0.018268399,0.10567187,0.0146275405,0.018323636,109,183
-0.012889137,0.03137763,0.06588287,-0.03362215,0.04369039,0.01617142,0.0381116,0.032529507,-0.025750283,0.027793564,0.037032504,0.0059832158,-0.025738396,-0.09583604,-0.007606292,-0.03530382,0.050287455,0.030511003,0.025234759,0.03397678,0.0058904774,0.047953747,0.017533092,-0.032908116,0.033281326,0.038713157,-0.041815273,-0.0027576108,0.040707543,-0.0025961883,0.037720308,0.02387235,0.042904407,0.08329897,0.14502618,-0.037347738,0.09041627,-0.021081839,-0.05672324,0.014320421,0.07407755,0.07046282,-0.08180199,0.028830875,0.036263723,0.069360636,-0.0019204512,-0.029568745,-0.037179112,-0.031499572,0.024571236,0.03344663,-0.010184103,0.011419497,0.044613503,0.009242944,0.07726378,-0.08263141,0.060673036,0.0175737,-0.04546333,0.043037444,-0.006874865,-0.042280983,0.051944003,-0.057237647,0.006197897,0.010195319,-0.008804673,-0.024594104,0.046310075,0.007339405,0.040763993,0.028529078,0.02366173,-0.013048676,0.055017017,0.12676668,0.016118139,-0.010209223,0.021292554,0.037127137,0.053399034,-0.028566733,0.027672445,0.006141573,0.050074786,0.0022743363,-0.021227788,0.009550042,100,184
-0.019211588,0.062397465,-0.024725206,0.028321594,0.0587767,0.04072094,0.017411644,0.019406565,-0.028815622,0.02980892,0.009812674,-0.012076087,-0.0075504435,-0.06429391,0.0313493,0.013847472,0.008865595,-0.023828575,0.017135989,0.08075083,-0.044667177,0.05096764,0.038916595,0.013600152,0.034389116,0.027914163,0.0018234518,0.0484073,0.023063278,-0.009172622,0.032761905,-0.05830134,-0.09034432,0.041850336,0.098018214,-0.093433574,0.0003979504,0.038663995,0.0022191647,-0.016633142,0.052876778,0.08375489,-0.032768466,-0.0060194675,0.05995994,0.03358846,0.027337778,0.009292639,0.020320894,-0.029525064,0.03739264,-0.011529711,-0.012147961,0.04017599,0.031826247,-0.061576568,0.027829058,0.043359976,0.036844797,-0.017194998,-0.02509097,0.020052465,-0.014553309,0.06287914,-0.07307194,-0.011806712,0.023315653,-0.023671303,-0.069083415,0.01291459,0.057813983,-0.009696126,-0.0029227808,0.019105563,-0.03265834,-0.01895725,0.06311178,0.030682176,0.004719547,0.029153282,0.033151854,0.05322094,0.024620669,-0.030067233,0.024604386,-0.008375637,-0.0019549243,0.022398736,0.06416123,0.06710186,106,185
-0.009612408,0.04842309,-0.0013782904,-0.100624576,-0.0640148,0.036804665,0.034808323,0.0061291307,0.067046896,-0.02965848,0.026208613,0.033988126,0.010834191,-0.032929648,-0.0033324645,-0.044491656,-0.030371368,-0.015709898,0.022319157,0.015815176,-0.03047937,0.0419067,-0.024294415,-0.04605317,-0.01980291,0.01386228,-0.010474531,-0.026166562,0.008873813,0.031363018,0.020900188,-0.0751656,0.009316757,0.053311072,0.10571957,0.03737397,0.06806164,0.0060962643,0.07056235,-0.03191869,0.04784428,0.020202402,-0.047094237,0.043133017,0.040780023,-0.0020777322,-0.038681004,0.008492651,-0.0048796153,-0.010236041,0.047918666,-0.04835187,-0.044404037,0.051893443,0.008439255,-0.007508995,0.123918936,-0.024936566,0.07192956,0.00038442574,-0.03222476,-0.040650643,0.009018281,-0.08716272,0.032811753,-0.03370596,0.03713818,0.030268494,0.0037211105,-0.019614488,0.013047782,0.041058723,0.017059607,0.034085058,-0.021815563,0.016456742,-0.026670454,0.013176167,-0.022081602,-0.05751299,0.013617758,0.028805008,-0.023225976,-0.015916262,0.0646496,0.047060966,0.06439529,0.00484478,-0.0053752013,0.072955675,100,186
0.034139916,0.025054924,0.07074451,-0.070935264,0.03307019,0.048003864,-0.012581615,0.005376176,0.020009458,0.010618748,0.021639483,0.04905305,-0.068614885,-0.03221733,0.012757228,-0.021138236,-0.038092855,0.018997977,-0.07124521,0.00033188658,0.06711993,0.05976965,0.0073112287,-0.008098125,-0.01613139,0.038180858,0.002779413,0.057595365,0.05210589,0.008700597,0.021343911,-0.05498456,-0.045576487,-0.024070157,0.08456694,-0.010823058,0.040386464,0.03525618,0.029162545,-0.034885682,0.11924513,-0.029568844,-0.05755318,0.08547069,0.024545752,0.051648594,-0.0031425492,0.036506377,0.036969237,-0.057849262,0.028852137,0.03902006,0.010297552,0.0034944732,-0.0098386165,0.024694856,0.08111008,-0.099512115,0.03694599,-0.025072198,-0.036605485,0.04569228,0.07230195,-0.038168583,0.0026232032,-0.04842443,0.015150201,-0.00087490305,-0.03765881,-0.03467039,-0.029994056,0.054117117,0.0039545055,0.021885112,0.011995469,-0.010896701,0.009187867,-0.022699315,0.04023169,-0.017437806,0.055832975,-0.06085941,0.019502236,0.048101686,0.048105486,0.02131303,0.022310989,0.08743256,0.04325314,0.045498658,111,187
0.012115164,-0.04781254,0.010081686,-0.068666264,0.088074945,0.033288017,-0.02861734,0.0117313,0.033677556,0.035798375,0.008036623,0.029924924,-0.07928091,-0.016924784,-0.03857392,0.017233374,-0.015124752,0.061743855,0.03462742,0.036776498,0.041997716,0.027350698,0.0069566714,-0.012602435,0.0682039,0.03105205,0.0062156394,-0.0063048713,-0.04455688,0.021757958,0.0059285425,-0.06598317,0.044143572,0.037555326,0.004868187,0.018218298,0.07007417,0.033566825,0.0010389946,-0.045678772,0.052200522,-0.017011426,-0.05551781,0.029508885,0.027588947,-0.007588692,-0.026204623,-0.025663225,-0.04403244,-0.088839084,0.029490324,0.011277508,0.024258703,0.047532197,0.040011328,-0.055168677,0.05651752,0.007353559,0.051717643,0.060586248,-0.05476056,0.02307617,0.018773342,-0.023288999,0.039271098,-0.034522142,0.08286896,-0.030450016,0.008860223,0.018347975,0.075136684,0.029251551,0.032167897,-0.005573122,-0.013928882,0.015518806,0.016636271,0.15002489,-0.014100872,-0.011154152,0.0008039884,0.020528615,-0.0029910076,0.02338231,0.050769,-0.031200798,0.04292482,-0.041965,0.0065493104,0.0067518577,104,188
0.001045181,-0.0069122263,0.031865954,0.034486078,0.018609848,0.05135466,0.0011376841,-0.008280643,-0.023382897,-0.040009163,0.037737835,0.023177309,0.028504506,0.0068270974,0.029694028,-0.04565871,0.009262335,0.03730541,0.025439925,0.013454999,-0.021329934,0.019234687,0.007984032,-0.028714525,0.04978609,0.023760887,-0.039626155,-0.021653283,0.045712546,0.05675272,0.046478905,-0.0119267665,-0.041701697,0.041166686,0.054760143,-0.0149737,0.018619198,0.014997978,-0.036912225,0.0052928794,0.061581954,-0.007538419,-0.03313301,0.023919351,0.04057531,0.061566383,-0.026347607,-0.06333511,0.040054508,-0.054112017,0.035163075,0.057141595,-0.020835124,-0.00068343617,-0.009436864,-0.08627543,0.071887664,-0.0015974715,0.025470316,0.07003778,-0.036393747,0.03994512,-0.0029598903,0.007025642,0.016215874,-0.091205105,0.020069527,-0.020644885,-0.0952485,-0.021045499,-0.019134577,-0.043826915,0.053354844,0.027550258,-0.042594146,0.02025516,0.019022847,-0.0036117919,-0.0472158,0.009652676,0.0087389955,0.026629625,0.088019066,0.028257,-0.0138223525,0.016515575,0.0783438,0.07122684,-0.017356578,0.05337576,112,189
-0.03677757,0.050739728,0.03457327,-0.052135233,0.043665513,0.05257577,0.0027300213,0.020467851,-0.054949768,0.055462502,0.035236284,-0.026087128,-0.023070643,-0.016979184,-0.024367154,0.006249837,-0.011579468,0.0054044574,0.0149753755,-0.019943245,0.022995958,0.021892825,0.045403287,-0.06381293,0.0558521,0.029076332,-0.029192109,0.0010588409,0.043110587,0.025954274,-0.007663928,-0.03238955,-0.055353835,-0.0010647245,0.075267546,-0.020663954,0.0534098,0.023712138,0.022528995,0.026031133,0.06816397,0.102806464,0.023310471,0.031616386,0.040049538,0.012205768,0.0054975497,-0.087336905,0.027785422,-0.05746237,0.06593238,-0.046442114,0.031422168,-0.02790519,0.040183928,-0.0074823145,0.093054734,-0.048816722,0.017031658,-0.046760526,0.034695722,-0.028447982,-0.016797781,-0.07723965,0.01569086,-0.019605618,-0.027413629,-0.047312666,-0.029521033,-0.011327295,0.05934494,-0.02178065,0.033948302,0.04570215,-0.024099868,0.005416615,0.0445487,0.008149054,-0.03268811,-0.01073407,-0.043234445,0.018742416,0.042632915,-0.009942522,-0.012559416,0.01565687,0.0619366,0.011383816,-0.0152938245,0.040299147,109,190
-0.02049586,0.05716057,0.064986944,-0.060893223,-0.039767243,0.08808623,0.045605753,-0.018553058,0.061204225,-0.018322367,-0.04506991,0.020260397,-0.0037950985,-0.08396497,-0.047306888,-0.008533994,-0.026342718,0.007062774,0.03576599,0.006578819,0.080256,0.05824272,0.0076579466,-0.039885566,0.010453124,-0.010936679,0.029261678,0.06735515,-0.05463089,0.031523727,0.030866351,-0.07277532,-0.04787698,0.02572493,-0.0013243444,-0.07572166,0.022296809,0.06574294,0.01081917,0.017591342,0.020433176,0.10826932,0.041258626,-0.045801476,0.07009083,0.04241773,-0.016061772,0.018624287,0.023223575,0.028568417,0.015920907,0.027833974,0.005617473,0.0022929423,-0.016789641,-0.069890216,0.051097617,-0.012630422,0.01794206,-0.0017460082,0.010832122,0.03394352,-0.015023959,0.030003402,0.033407155,-0.033280626,0.031791575,-0.030630808,-0.068888605,0.02244811,0.030606141,0.024253407,0.0050227987,0.0039221514,-0.010396769,-0.019346409,-0.0071880184,0.001475215,-0.059137598,-0.012932457,-0.044439655,0.037313238,0.041683912,-0.007921826,0.024581455,0.054861255,0.007035328,0.08195266,0.05874402,0.040315907,107,191
-0.033206396,0.0057295505,0.0516053,-0.092178285,0.03666961,0.039318435,0.01684287,0.0013730077,0.004941576,0.026989039,-0.023702612,0.023164963,-0.057404686,-0.04387784,-0.053965516,0.013044059,-0.002447594,0.026570635,-0.023695718,0.05373623,0.020105312,-0.023182277,-0.0070126206,-0.085396335,0.04820328,0.042761113,0.011238751,0.025466997,0.0131961545,-0.016768657,0.10771278,-0.0014377721,-0.046575323,-0.013297752,0.016920544,0.0124849435,0.12848866,0.061265737,0.06064525,0.011407792,0.02850011,0.033629443,-0.035163343,0.0037348885,-0.00905353,0.022616535,0.016178418,-0.041145466,0.009818435,-0.0046918206,0.02954214,-0.013492987,0.010346036,0.030672858,0.021804085,-0.07112824,0.06666315,0.010043815,0.060970422,0.009594106,-0.011335488,-0.0029620007,0.047352795,-0.019950323,-0.015777398,-0.016562097,-0.023763295,0.06650144,-0.070059955,-0.059032325,0.06024238,-0.008436255,0.04680487,0.031392954,-0.04632295,0.005497329,0.044667855,0.013011216,0.0061951205,0.02882841,0.01059606,0.07241532,0.012772376,-0.0035669978,0.062475637,0.06437753,-0.0022528786,0.011012832,0.045758184,0.001982104,105,192
-0.033230104,0.035122797,0.12672143,-0.0419823,-0.03120445,0.023210512,0.004962603,0.032436877,0.012351096,-0.024148703,0.013299718,0.04525163,-0.0576767,-0.1016075,0.043278422,0.01187665,-0.0047803065,-0.015169321,0.019367065,-0.024530217,0.005991604,0.018878669,-0.008796064,-0.03747308,0.063198194,0.042406097,-0.008114144,-0.019387763,0.031752322,0.016472414,-0.034637246,-0.03471993,-0.034302227,0.04008874,0.08307947,-0.01689944,0.04129072,-0.0033954717,0.039232694,0.00037049875,0.110440254,0.06644848,-0.046715077,0.028339697,0.05089014,0.014652289,0.016705323,-0.00029846188,-0.008805577,-0.046622217,0.029637435,0.008865332,0.03042551,0.02090795,0.050889123,-0.005219983,0.02537182,-0.05372117,0.048141524,0.008741849,-0.039410785,0.04958117,-0.030752853,0.016473953,-0.03845165,0.033738263,0.023631401,-0.04324979,-0.089205556,0.016733045,-0.06461023,-0.01648221,-0.01335831,0.047713354,-0.0047570146,-0.056450073,0.03499884,-0.043598652,0.037349142,-0.024155907,-0.00025714654,-0.03601817,0.028035972,0.049484104,0.03680064,0.016142149,0.05901673,0.07079556,0.044880312,0.036990985,106,193
0.011972875,0.016442802,0.05378158,-0.052686375,0.029959556,0.079628155,0.053931825,0.07002856,0.028603401,0.05346872,-0.001884816,0.02996209,-0.0074632335,-0.062433597,0.013183871,-0.028280294,0.05711131,0.017792474,0.01640325,-0.0070725605,0.051531516,0.048361097,0.010013862,0.02967628,0.048543565,0.017706975,0.060050312,0.047810685,0.05828867,0.027778795,0.038681507,-0.06685953,-0.03580762,-0.034412473,0.047469452,-0.0100559965,0.02208307,0.054051023,0.04814077,-0.013745617,0.04297251,0.09352751,0.011147,0.01381493,0.04777628,0.017697852,-0.07428154,0.02966185,0.013982369,0.009538717,0.08126157,-0.008282301,0.024898948,-0.026922313,0.015492336,-0.04626862,0.056831684,-0.05870772,0.060148247,0.054743405,-0.047573518,-0.0289982,-0.00025752932,-0.018634425,0.011072181,-0.041313104,0.039529108,-0.027399443,0.06022934,0.028132778,0.03567856,0.003774671,0.011216561,0.050514545,-0.10822505,-0.02223574,0.016911373,0.043301597,-0.05070213,-0.007440147,0.011777034,0.06382074,0.016042568,0.023128316,0.055799544,0.01912783,-0.020040989,-0.0032484317,0.03525331,0.05444244,111,194
0.00027777115,0.010967065,0.019376757,-0.07484554,0.0010842131,0.032460228,-0.018735258,-0.018976301,-0.0234539,0.012966257,-0.017129319,0.00923104,-0.06494673,-0.05679825,-0.02045459,0.018566692,-0.05433386,0.011102569,-0.00869484,-0.02821771,0.0031643407,-0.049329616,0.03616236,-0.02430638,0.06368731,0.0050612874,-0.027432859,0.09085695,0.009624541,0.03235213,0.017801862,-0.017689379,-0.017952554,-0.05280194,0.035032667,0.052047603,0.089571565,0.014058181,0.031978104,0.04349939,0.05353478,0.018129267,0.024308182,0.023362396,0.05556338,0.024017641,0.027510073,0.007209684,0.06043542,-0.0072550597,0.062234618,-0.04053527,-0.06000792,0.04982849,-0.0236465,0.009562496,0.048403837,-0.03334769,0.046505485,-0.021840788,-0.05621373,-0.013119902,-0.013582561,0.009445481,0.015745727,-0.036955662,0.009146675,0.0413767,0.034012284,-0.009577962,-0.018046167,-0.011352941,-0.018602198,0.03142286,-0.056776993,-0.038658015,-0.0066408385,0.09368936,0.0007588435,-0.022188177,-0.0014005974,0.06602448,-0.0067363717,0.04605684,0.01992452,0.069956094,0.024149626,0.03505847,0.04532877,0.01177451,112,195
0.009850838,-0.009316187,0.03988338,-0.05128769,-0.030316073,0.082106024,-0.014519131,0.010908673,-0.0075486656,-0.004054797,-0.0041344613,-0.027707282,-0.0040394077,-0.045555387,-0.015756043,-0.055318065,0.01341708,0.027732685,0.00884468,0.026608068,-0.009385986,0.046847478,-0.0027177632,-0.021887342,-0.009691469,0.0635445,-0.069208,0.040748212,0.028112745,-0.019820739,-0.044039838,0.04512651,-0.0038835518,0.0004674443,-0.059702262,-0.014976716,0.050519723,0.044239096,0.05738859,-0.016102565,0.020031467,0.063912235,-0.04640968,0.02003545,0.033091683,0.07034691,0.045099963,0.015876092,0.026257843,0.006487771,0.08853254,-0.037359536,0.00026421784,0.010022325,0.008264718,0.017511528,0.0534466,-0.059611127,-0.0010507964,0.008096523,-0.025921434,-0.031988624,0.02402479,-0.004647119,0.04705772,0.029133365,-0.0107957125,-0.07455994,-0.0708479,-0.0033818746,0.08514647,-0.03833452,0.0049906336,0.022153862,-0.0025047667,0.0037342766,0.05496662,-0.02476979,-0.017640274,0.050142497,0.027874786,0.047518447,-0.0022833515,0.0024183383,0.017324077,0.07700134,-0.017892066,-0.0413519,0.0030540177,0.049505524,103,196
-0.008532252,0.039818477,0.042485584,-0.021970747,-0.026925407,0.08287834,-0.021568893,-0.031441055,0.0046226797,-0.013829604,-0.0013836874,0.025948342,-0.00087280944,0.0033789165,-0.014921547,-0.033746183,-0.033629138,0.015035292,0.02402478,0.06995087,0.014889425,0.07993603,0.015267746,-0.033513643,0.08648513,-0.014995562,-0.015342474,6.2773935e-05,0.04526946,0.019728892,0.052629657,-0.060363047,-0.056060664,0.012793114,0.06362379,0.004756247,0.036526173,0.054178663,0.055358782,-0.024989564,0.04705739,0.049628098,0.0060324557,0.018805202,0.052469313,0.0024767704,-0.013506661,0.021578811,-0.015023252,-0.064988025,0.050553136,0.05341091,-0.0318648,0.04281705,0.024714231,-0.029013157,0.048716683,-0.0074341595,-0.0063684694,0.026485398,-0.022816284,0.02963976,-0.01013681,-0.04183487,0.06422782,-0.028302325,-0.027398884,-0.030660868,0.029328499,0.007498598,0.025467454,0.043230288,0.066341676,0.0011111647,-0.004638251,0.0024045962,0.046641774,0.050571665,-0.02849991,-0.0044982512,0.038214207,0.06001302,0.090539806,0.012285724,-0.021197444,0.039618667,0.04830864,-0.0033962675,-0.05288278,0.10926776,100,197
-0.0001188484,0.022751722,0.07351218,-0.03551233,-0.031111151,0.06847874,-0.037479192,-0.034318615,0.0085229855,-0.040478587,-0.03271201,-0.049525067,-0.024826327,-0.055204574,-0.027151704,-0.029799167,0.013773322,0.017287012,-0.05800437,0.01987486,0.06202478,0.0058197808,0.0022944584,0.041261427,0.03294755,-0.03516826,-0.006379461,0.015549796,0.037349686,0.027385222,-0.006295733,-0.02027761,0.023702752,0.006032818,0.054284662,-0.010685885,0.059970155,-0.037092026,0.07447033,0.024336526,0.039444946,0.020134825,-0.03505662,0.09402915,0.038056646,0.033129696,-0.0037724194,-0.011771031,-0.021219205,-0.049172826,0.07140856,-0.019293727,-0.04082278,0.014952517,-0.047562126,0.018878844,0.07814818,-0.017803896,0.0191451,0.09245007,0.01477485,0.028920736,0.00038391724,-0.04732085,0.005069173,-0.05063449,0.037384063,-0.030476492,-0.0986272,-0.017228516,0.025961107,-0.028163042,0.006565906,-0.0003996119,0.02134723,0.004582099,0.023422187,0.1201619,0.012177423,-0.024752073,-0.013776452,0.046231665,0.026839754,-0.010020658,-0.017473789,0.031795513,0.039559428,-0.033686552,-0.004324384,0.035296794,114,198
0.05164309,0.046106108,0.032907836,-0.086737566,-0.013343485,0.03115327,0.017457183,0.0005127774,0.025043773,-0.0055564623,-0.021223055,-0.037049487,-0.033275764,-0.019174652,-0.019404996,0.03328754,-0.03682614,-0.004953541,0.022597063,0.0109777665,-0.035562873,-0.0036767628,0.048083544,0.0071186014,0.043445956,-0.014726369,-0.019889608,-0.002613734,-0.08903171,0.012955745,0.015442479,-0.02980954,-0.07149058,-0.032332227,-0.036347643,0.0043779286,0.074654326,0.0525731,-0.0035354383,0.01058661,0.023855124,-0.031768996,-0.04261148,0.0077605546,-0.0014322158,0.072768256,0.005460893,-0.017217502,-0.018467372,0.03292498,0.09075367,0.015516732,0.0004971903,-0.003444098,0.010126191,-0.06248364,0.07915096,-0.0006063245,0.026939329,0.018731045,-0.06685849,0.0030415682,0.017279817,-0.022928234,-0.014763292,-0.01316341,0.041432485,-0.048678666,0.011266563,-0.012165261,0.04348135,0.04655915,0.0460393,-0.03970275,0.014455344,-0.033223107,0.037094034,-0.0160054,-0.052918762,-0.025927994,0.008873229,0.052742295,0.040890627,0.06333712,-0.011989992,-0.0024975725,0.048845977,0.056099292,-0.0028412212,0.06040647,109,199
-0.007933013,-0.023649843,0.09581748,-0.038272943,0.08161017,0.022508783,0.006666936,0.02235654,-0.03428769,-0.021323165,0.019642599,-0.02939424,-0.021367772,-0.03381714,-0.037852842,-0.092499286,0.03977388,0.068451,0.007704706,0.048557818,0.012690751,0.036336727,0.04259081,-0.020124141,0.011782618,-0.054723725,0.03210056,0.043533403,-0.04754243,0.09870756,-0.0040800627,0.022652179,0.0070129894,0.031341087,0.04035624,-0.010177485,0.07369531,-0.013020884,-0.012502955,0.013528675,0.07591849,0.06538683,-0.084291026,0.07897652,-0.025598546,0.049867187,-0.037521325,-0.008713827,0.042575784,-0.020844452,0.09241125,-0.0017992153,-0.013995431,-0.015171176,0.03869255,-0.08533051,0.11232281,-0.03924024,0.07543217,0.048076265,-0.08365053,0.054127153,0.00028946064,-0.019324534,0.054834988,0.023422267,-0.020268254,-0.017684175,-0.06168812,-0.047538314,0.0023953486,0.017215615,0.021827921,0.0028724736,-0.008883178,-0.00025282637,-0.03439717,0.06430413,-0.04099621,0.021296734,0.02535244,0.0035487288,0.011957589,0.0033423342,0.012735324,-0.016476939,-0.0040819123,-0.01038113,0.0014832718,0.05030101,114,200
0.011359005,0.020203765,0.089662395,-0.047526512,-0.0024784654,0.028485287,0.0074644843,0.031986423,-0.019493354,0.04443972,-0.008537831,-0.012091093,-0.03690693,-0.044536058,0.036157627,-0.020769266,0.0066248532,0.0031267926,-0.0012314445,0.00065410975,0.076696694,-0.020818882,-0.009255415,0.008848779,0.035564627,0.03979564,0.07876409,0.046545286,0.049009345,-0.0040288866,0.048853986,-0.021754432,-0.0020786189,-0.048073158,0.080888,-0.017512085,0.040175136,-0.01042062,0.021316793,0.021446915,0.047841806,-0.02911453,-0.06544173,0.058402468,0.014292752,0.06475726,-0.022168305,0.0065345,0.009513673,-0.013884522,0.13633981,0.009765681,-0.015094016,-0.012905439,0.032401018,-0.023394288,0.05064939,-0.05049216,0.015990235,-0.0427579,-0.07105206,-0.0043109152,0.048915297,-0.04472743,0.031535808,-0.0071654655,-0.061699647,-0.079213634,-0.0054715294,-0.011481443,0.0038733892,0.036898922,0.0798974,0.036820773,-0.024035014,0.014015284,0.037825927,-0.0026925337,-0.009513264,-0.07957691,0.033920098,0.02014551,0.012726851,0.017301535,-0.009536933,0.0044561327,0.02998945,0.0044117607,0.01862076,0.069777615,106,201
-0.018017013,0.018251002,0.063017994,-0.051828314,0.03462474,0.010624301,0.010294333,0.033876244,0.01882242,-0.011799496,-0.009459577,0.01331535,-0.051766064,-0.026072375,0.02148701,-0.0033498355,0.059400007,0.004206677,0.066143684,-0.0078009753,-0.036356725,0.019006565,-0.0014296323,-0.008399984,0.03350514,0.031980593,0.037317976,0.056977354,0.05273202,0.08616467,0.00019974262,-0.0035551097,0.020668324,0.029674003,0.1297347,0.053430155,0.07610954,0.042614445,-0.00040130503,0.0047214087,0.033660922,0.04058078,-0.047090653,0.02451565,0.033632763,0.06259516,0.02082328,-0.011100104,-0.025032287,0.04566522,0.1062116,-0.02520658,-0.03165373,-0.010531969,0.05041566,-0.050183356,0.07695553,-0.08511756,0.06033805,0.0080771055,-0.05639063,-0.0065411236,-0.001648658,0.033270944,0.009040801,-0.021377228,0.06689901,0.01520253,0.028126892,0.009056596,0.036042012,0.061513804,-0.026690962,0.012968104,-0.025538761,-0.04810519,-0.028339176,0.039751895,-0.0045951707,-0.03541604,0.029935684,0.039244577,0.05895289,0.011330641,0.03953044,0.050152667,0.0596613,0.039352383,0.00024935603,-0.030178562,111,202
0.02280647,-0.017236233,0.045118153,-0.08726449,-0.0023851553,0.017066926,0.05723229,0.017712623,-0.057471484,-0.019902928,-0.047548085,0.07481685,-0.048697807,0.008941118,-0.022150632,-0.0066731535,0.01988405,0.1035176,0.054476228,-0.064020336,0.018232085,0.0061523635,0.022103617,-0.089571014,0.039286785,0.057288423,-0.009850068,0.018048042,0.04344309,0.045935802,0.008572329,-0.091579676,-0.015840173,0.063530125,-0.022585772,-0.055314805,0.024568915,0.037891544,0.0029253997,-0.018230597,0.034374956,0.062758155,-0.08514805,0.054214653,0.051547654,0.099223375,0.015356202,0.03537901,-0.035282575,-0.03728689,0.08323647,0.0031962092,0.042547807,0.04639681,0.010983335,-0.048694916,0.018990122,0.026771214,0.02075316,-0.07018712,-0.030073278,-0.028807953,0.0032621874,-0.022249993,-0.0441585,-0.04628631,0.0495281,-0.026153008,-0.044638496,0.028960396,0.05835842,0.018529037,0.02000503,-0.079630926,-0.026091855,-0.028217372,-0.019557321,-0.040888973,-0.005759293,0.00708247,0.07493448,0.041739173,0.0750607,0.0014825824,0.02120328,0.009208588,0.02188311,0.06033389,-0.035457738,0.044769228,110,203
-0.018458402,-0.043449014,0.06758135,-0.032563783,-0.030858986,0.022362486,0.0043798196,-0.058625516,-0.019853903,-0.011994198,-0.028955672,-0.016271671,-0.033815388,-0.048251804,-0.022370502,0.03414406,0.034645468,0.011799677,0.066979855,-0.019556018,0.049104586,0.030877937,0.04626866,-0.05099785,0.042234294,0.020799441,-0.024169594,-0.007602758,-0.0010716263,-0.05947165,0.018715505,-0.004689861,-0.13297385,-0.027683415,0.08326075,-0.036047265,0.007881716,0.037167728,0.010871327,-0.03277776,0.048078958,0.003793195,-0.012729749,0.023521347,0.032342628,0.013821486,-0.031793132,0.013113158,-0.06280907,0.029532447,0.012513407,0.002528598,0.014057053,0.04905673,0.007805091,-0.042138252,0.06649213,0.006786667,0.010744633,0.020001419,0.053572774,0.038213104,0.06997953,-0.011227597,0.019939471,0.008931756,-0.03093249,-0.040580936,-0.032445163,0.023879237,0.05821287,0.04136972,-0.0074285157,0.027972039,-0.024961427,0.015856262,-0.0317697,-0.018961087,0.0021753088,-0.04681489,0.07716515,0.0043416237,0.052324325,0.021719703,-0.06169176,0.020365778,0.05431398,0.0048782034,-0.07217588,0.08147367,110,204
-0.035179447,-0.011225959,0.05735172,-0.10619018,0.00706916,0.04049382,0.09955355,-0.0062433053,0.009833129,0.034043178,-0.021190882,-0.015046554,0.03860735,-0.051139165,-0.028436579,-0.026603833,0.012986514,0.020119868,-0.03894425,0.015833732,0.018045757,0.08548129,0.0320696,-0.010798268,0.025055917,0.042557582,-0.032475814,-0.034037486,0.04859332,0.03908246,0.08097895,0.0037351623,-0.0071662273,0.05719277,0.012704492,-0.020655164,0.002574347,-0.011935264,0.00077307597,0.029209595,0.06320625,-0.0058880374,0.014181871,0.08010355,-0.004418092,0.0966358,0.046541575,-0.05894468,-0.017178291,0.0024579903,0.048550386,-0.007464172,0.012787601,-0.0009281561,-0.00598778,-0.02369862,0.037365846,-0.017747432,0.067607746,-0.027218603,0.020586597,-0.0025379192,0.019021535,-0.0005047573,-0.0021097804,0.0117658,0.07397063,-0.004395806,-0.0010262076,0.02126536,-0.008335378,-0.019916313,5.6717545e-06,-0.03840517,0.01019736,0.027043715,-0.008644398,0.065454885,-0.032531686,-0.025007164,0.0335005,0.0060993545,0.036765907,-0.013560465,0.031346194,0.027983528,0.065853074,-0.018078659,-0.029501684,0.056564905,100,205
0.01229002,-0.0065420107,0.082624644,-0.011440529,0.04804409,0.07366811,-0.004167846,0.009202062,0.03558124,-0.018119607,0.03263572,-0.0016568023,-0.048399597,-0.052102916,-0.0041633374,0.029078003,0.0036067101,-0.012282224,0.004924617,0.012030169,-0.0054500448,0.03036175,-0.012858348,-0.06750858,0.09962869,0.027013112,0.04693194,0.036389116,0.035189617,-0.036226306,-0.006325599,-0.059776198,0.006796684,-0.008620869,0.07789749,-0.015176408,0.031502888,0.012090776,-0.020192742,-0.0047035674,0.069658466,0.00984161,-0.05393339,0.020227894,0.025978286,0.06900147,0.007071955,-0.034465566,-0.06249258,-0.011164686,0.070760764,0.011096302,0.008445028,0.00809351,-0.015484786,-0.05442389,0.09250435,-0.032324843,0.089038506,0.041032087,-0.030165408,0.040282767,-0.010215521,-0.0091570215,0.022802122,-0.0590275,0.004344733,-0.043686114,-0.03250649,-0.05934958,0.03998562,-0.033715107,0.065757416,0.033886045,-0.015695162,0.002873531,0.01988409,0.0070722625,-0.075870365,0.040369783,0.05422503,0.034315176,0.0148347635,0.0155205205,0.04554201,-0.027317489,0.015894929,0.08187277,0.029706087,-0.015844077,104,206
0.0024950807,0.016799245,0.04733645,-0.04031468,0.032172,0.07039793,-0.009836072,-0.0027785795,0.045381956,-0.009598655,0.00887762,0.033249315,-0.014084804,-0.048428103,-0.082337275,0.0047562085,0.051560365,0.012871714,-0.031222858,0.029855069,0.055787325,0.018343708,0.052065916,-0.025945082,0.06180837,0.06781231,-0.021162499,0.00045775156,0.036859736,0.04842305,0.0011531357,-0.08814697,-0.07619128,-0.014102379,0.114402756,0.025930708,0.015561871,0.0044811964,0.020221505,-0.029981896,0.07047623,0.046189323,-0.014086023,0.0061951103,-0.0025502443,0.06970062,0.008458778,0.001519443,-0.02987022,0.005267117,0.058474235,0.00085594994,-0.019584926,0.028975226,0.049489602,-0.023320412,0.051808402,-0.025701085,0.025596943,0.013924843,0.045562588,0.027083453,-0.024277974,-0.014664242,-0.028138569,-0.016433127,0.022345189,-0.004316112,0.0041194,0.0012741392,0.024910815,-0.0073827067,0.0007271785,0.045866013,-0.0010410892,-0.00992669,0.047013693,0.06685762,-0.01737996,-0.04992852,-0.049317684,0.049631238,0.042909034,-0.029632304,-0.001594699,-0.026493235,-0.0055875517,0.019054564,0.024759166,0.05032648,108,207
-0.029841661,0.085917905,0.060381304,-0.026303116,0.003421273,0.03830151,-0.037110098,-0.012411279,-0.009367464,-0.020965463,-0.010681681,0.022583112,-0.040731817,-0.05752138,0.03850235,-0.00035972334,0.0013403324,0.07606257,0.022966716,0.008936906,-0.031929072,0.064290136,0.009129018,-0.021449028,0.053396672,0.028205551,-0.015678994,-0.0028196452,-0.016683722,0.024978181,0.00633182,-0.012808198,-0.007567376,0.027194055,0.045109414,-0.013140438,0.07221177,0.05829514,0.014525408,-0.044347085,0.072067946,0.03134057,-0.015205944,-0.019059822,0.025325852,0.040882636,0.04000918,-0.050959244,-0.003213037,-0.040271815,0.09643686,-0.020299166,-0.021149483,0.07057022,-0.011702618,-0.038424,0.10677713,0.0013932139,0.06678092,0.05740486,-0.050520275,0.034915976,-0.00561943,-0.06952672,-0.023864526,-0.058824502,0.00952407,-0.007853223,-0.013368582,0.005663562,0.028409263,-0.053710178,-0.008272889,0.022907522,-0.028086934,0.026110165,0.019025028,-0.008004099,-0.035424747,0.0085384995,-0.022129588,-0.012628891,0.01377067,-0.050622724,0.005239198,0.038021125,0.11663704,0.06350574,-0.022137716,0.060999453,102,208
0.025474008,-0.0068799704,0.041048694,-0.07134083,0.036494747,0.032980923,0.006854859,-0.014730315,0.03706538,-0.020963084,-0.008753387,-0.030883271,-0.028644837,-0.03343545,0.015758544,-0.036036383,0.11650957,0.033344444,0.05910327,-0.0036758175,-0.027457321,-0.0036451053,0.034653336,-0.05072702,0.044538774,0.012415955,-0.026818197,-0.025633477,0.019579716,0.0038703452,0.04541275,-0.03860758,-0.051298328,0.043293145,0.055320814,0.023886185,0.0654895,0.03132644,-0.0014424585,-0.037464663,0.020321775,-0.023629494,-0.0253159,-0.02802401,0.01883015,-0.0030145831,0.006664669,0.047761597,-0.005379007,-0.008549346,0.02588844,0.007926063,0.0051219636,0.032901306,0.006858727,-0.038140044,0.068554424,-0.07559441,0.09005876,-0.010853033,0.0047455877,0.009240671,-0.0152995465,-0.03186201,-0.05244737,-0.049065217,0.07566471,-0.053469505,-0.00042905845,0.03767857,0.0072407145,-0.014764684,0.030294925,0.039154895,0.008156358,-0.049862426,-0.011291299,0.10484595,0.0036961883,-0.03509794,0.061603963,0.07722381,0.03443702,-0.011587554,-0.029096412,-0.0010847971,0.0714964,-0.03599092,-0.030749824,0.08481735,107,209
-0.07532275,-0.01893383,0.040092282,-0.05543347,0.0744616,0.019836625,0.005081675,0.030540653,0.05243867,0.019705612,-0.04317282,-0.01036926,0.02750745,-0.051774118,-0.012399635,0.017281469,-0.04599443,-0.02004428,0.049195692,-0.012197279,-0.037638254,-0.0062837005,0.01400995,-0.044305623,0.02606023,-0.014526954,-0.061875343,-0.04320697,0.016339948,0.007862189,0.0566546,-0.041590355,-0.043111816,0.0173717,0.029887214,0.057687134,0.028037233,0.08683643,0.04296778,0.012137615,0.025450122,-0.022993922,-0.045112267,0.020841505,0.0025644712,0.02541105,0.011193698,0.00073464867,0.036854602,-0.018022507,0.036307976,0.0027638897,0.018390935,0.03193555,-0.0023106495,-0.027583577,0.12255746,-0.066834,0.009577572,-0.019352332,-0.04697714,0.056970097,0.007849911,-0.021649815,-0.013383469,-0.057285175,0.015308262,-0.040242534,-0.0153375855,0.005272805,0.028086128,0.001199374,0.059735216,0.059103936,0.013294241,-0.071540035,0.042640895,0.036352467,-0.015991947,-0.00040220702,-0.005503973,0.028415453,0.01900087,-0.02303111,0.05841618,-0.0010789521,-0.008983288,0.024812657,0.016871821,0.03155489,109,210
0.034964707,-0.03830862,0.09154853,0.007033985,0.0032322411,0.060423046,-0.013520345,0.06505941,-0.0313686,0.036745157,0.0009789839,-0.017423341,0.010696551,-0.029507607,0.020157106,0.016915312,-0.0139203435,0.023376536,0.090225406,0.023422513,0.034126677,-0.024248127,-0.009626552,-0.07981196,0.06453758,0.00019341148,0.0017009284,0.034388997,0.028609332,-0.02864582,0.05312936,-0.048895847,-0.014430679,0.00964861,0.08347328,0.071335085,0.021378435,0.067762256,0.030062761,0.0026746138,0.08515129,0.022175435,-0.023408622,0.031064918,0.0119312955,-0.032557122,0.0039831735,-0.00091987103,0.018582536,0.0034432942,0.007779002,-0.061003253,-0.01063546,0.024995582,0.027518082,-0.013570201,0.09164163,-0.077966325,0.020376325,0.008787545,-0.04078208,-0.00016245805,0.005048599,-0.0034342217,0.062986895,-0.048180427,-0.022877254,0.02744377,-0.1261988,0.07960923,0.0505781,-0.055733636,0.009022864,0.05480277,-0.060016047,-0.019803878,0.040802456,0.08787836,0.0060669202,0.022937385,0.01376886,0.03718624,-0.027382357,0.01117014,-0.008096026,0.040175248,0.059318498,-0.036273506,0.05042773,-0.012825474,111,211
-0.027524937,0.049277507,0.073532134,-0.020882985,0.011466911,0.05626408,0.020030832,-0.02911156,-0.016928568,0.026961893,-0.027928092,0.008271629,-0.008205747,-0.03355271,-0.06747606,0.01832562,0.032078676,0.046090372,-0.006411528,0.05898481,-0.035004497,0.051640566,-0.0003855098,-0.04494773,0.03050051,0.06220378,0.04155558,-0.010144053,0.07668985,-0.011790978,0.023833396,-0.089522414,-0.0020344257,-0.020415181,0.05508713,-0.012653848,0.016488465,0.030578319,-0.023979016,-0.014991634,0.13290286,0.05827073,-0.03047054,-0.011788583,0.0254419,0.079918176,-0.022698611,-0.010650313,-0.023342505,-0.07196113,0.0855073,0.0390545,0.038282715,0.043687753,0.04129584,-0.05509195,0.07723178,-0.025027309,0.017493187,-0.02852638,-0.009980014,-0.0014922861,-0.06713191,0.020756688,-0.024758762,-0.024122281,-0.00042599626,-0.042685166,-0.073937826,0.008695438,0.033423726,-0.05258803,-0.00973925,-0.0486403,-0.0009272469,0.010655159,0.025402762,-0.03372755,-0.0365147,-0.013411388,-0.030484162,0.042011335,0.0101858545,-0.026720883,0.0331866,0.027523916,0.0515602,0.02364102,-0.008779229,0.063948326,107,212
0.051227,0.0155006815,0.04831067,-0.029914318,0.0010012304,0.03219953,0.030684276,0.0067591355,0.04227902,-0.008180143,0.041586164,0.026087826,-0.058093395,-0.050574422,0.02734149,-0.008037714,0.026297277,-0.0010083187,-0.0031708023,0.051720805,-0.063195065,0.05757071,0.08919991,-0.12322259,0.07912648,-0.027559625,-0.020025428,-0.01586112,-0.021906113,-0.032095328,-0.0046612155,-0.036944047,-0.02721568,0.012625601,0.087965734,0.014456479,0.036058106,0.0023232456,0.020012671,0.0039343648,0.052563723,-0.033741098,0.024440795,0.06966918,0.0050863996,0.096539155,-0.02256466,0.088349834,0.023817519,-0.05460662,0.05650217,-0.013385221,0.026983352,0.04616546,0.016425716,-0.029820226,0.073241994,-0.04511638,0.012921159,-0.018192578,-0.040925793,0.009847902,0.038951445,-0.01823805,-0.03512706,-0.02300172,-0.018594462,-0.03712794,-0.034837566,0.012603782,0.021265794,-0.031830437,0.046981145,0.056312133,-0.017637772,0.01879542,0.029750386,0.045187995,-0.025511865,0.0073057204,-0.008163836,0.033855997,0.08449431,0.055404663,-0.015196672,0.045838185,0.063043445,0.020127602,0.004212779,0.036103953,111,213
0.032264207,0.0072194794,-0.00399971,-0.018474024,-0.0018021129,0.0630501,-0.04108714,-0.012907017,0.008421309,0.0030935798,0.03287653,0.032158315,-0.028929934,-0.029692542,-0.022596221,-0.032052048,-0.0154224355,-0.015095463,-0.024850637,-0.050095588,0.016568044,0.067217916,0.0066676354,-0.029385703,-0.018834285,0.051804982,-0.035978477,-0.011366229,-0.054465517,-0.020167138,0.0006976053,-0.0903592,0.016076267,0.0004113051,0.06598747,0.012678869,0.08982224,0.0689655,-0.0060934015,0.00047623646,0.059669975,0.034189742,0.0008852389,0.017143061,0.008470196,-0.0051404387,-0.021588577,0.0123395035,-0.006112012,-0.012144681,0.079936355,-0.0030318038,-0.020879846,0.048895054,0.027558153,-0.036418602,0.038098097,-0.047533315,0.035536073,-0.01599105,-0.03847634,-0.0011186022,0.014045875,-0.033080626,-0.072311684,-0.0014805645,-0.039324045,-0.08067082,0.029351074,0.008867786,0.04513991,0.045634177,0.010256736,-0.023698322,-0.0028574653,0.00017846306,0.015674742,0.012835123,-0.051776245,0.0010334696,0.006816879,0.020545645,0.049551565,-0.026986152,0.030516954,-0.0001286529,-0.00039045885,0.043203786,0.039881017,0.07057166,108,214
-0.015390276,0.050687574,0.036630515,-0.08220474,0.0031056255,0.05288703,0.04470557,-0.0751216,-0.019513024,-0.025724676,0.045118745,0.011737848,-0.02027855,-0.046772446,-0.024193902,-0.032160472,0.0075171823,0.0011159088,-0.02221496,0.004514244,-0.019065313,0.04138632,0.019636715,-0.014314972,0.05315183,0.082033634,0.004879958,0.09856129,0.011948849,-0.00362626,-0.0044929124,0.039215103,-0.046454035,0.07703987,0.03423179,0.008840242,0.03796817,-0.003689129,0.014070949,0.042093575,0.050235607,0.03647216,0.0037219115,0.0029567275,0.07207731,0.0074963756,-0.013617058,-0.034229644,-0.01832461,-0.013775118,0.06822551,-0.008886293,-0.03402067,0.042290498,0.042788554,0.07537274,0.054690164,-0.07564549,-0.017503433,0.10235079,0.019721435,0.012125876,0.028533643,-0.074519,-0.02756862,-0.027065936,0.021310396,0.033995464,0.0040819794,-0.04224328,0.038093872,-0.013523766,0.03238886,0.017358616,-0.006773732,0.030357737,0.0306915,0.04259729,0.060793113,-0.0003752876,-0.014283714,0.00012310408,0.022005504,0.03229315,0.0041235154,0.0668396,0.067799404,0.024183422,-0.03479029,0.08233865,107,215
-0.036854118,0.039987125,0.039656915,-0.06043689,-0.013271142,0.057829402,0.028796189,-0.011312759,-0.0055202646,0.012016119,0.015224057,0.04675385,-0.0016747303,-0.07003072,0.05726315,-0.0068281065,-0.09371981,0.04309673,-0.0009813644,0.043304585,-0.011206312,0.008153921,-0.026655862,-0.06867337,0.060668554,-0.0026217569,0.022014134,0.024337176,-0.0150569845,0.040064104,0.0103266975,-0.05697462,-0.05111981,-0.04096778,0.018106058,-0.048842892,0.060671747,-0.011102591,0.013835962,-0.019808624,0.015677918,-0.025461242,0.012209456,0.014700251,-0.0042023975,0.080095395,0.032193493,0.009432123,0.01133307,0.033272013,0.047096916,0.0057249838,0.03526102,0.037829854,-0.008530892,-0.08677858,0.13252124,-0.02103559,-0.05265886,0.046944022,-0.025939915,-0.01417494,0.05464765,-0.053595975,0.02809462,-0.027936967,0.07261533,-0.1176409,0.041509226,0.04360282,0.038667712,0.060003713,0.028449103,0.015668793,0.0038736435,-0.027719073,0.02967899,0.051036492,-0.005911692,-0.031912465,0.011136783,0.05368582,0.0032733511,0.018334221,0.0026054122,0.01180763,0.031959385,-0.014237017,-0.04002728,0.031856373,110,216
0.017170187,0.0034510288,0.055760838,-0.056453835,0.00681711,0.031296823,-0.017861968,0.022469357,-0.023274744,-0.0026398348,-0.0036664587,-0.002536063,-0.03551845,-0.032030515,0.008846131,-0.08012373,-0.040410243,0.066794366,0.007782478,-0.036039453,-0.00053783227,0.0068081412,0.06342425,-0.014037631,0.06446336,0.07876648,0.026963565,-0.020374924,0.027495602,0.0509823,0.07002559,-0.102139436,-0.007398,0.032808576,0.06837879,0.03094878,0.06603974,0.025226718,0.061603386,0.004658228,0.06654814,0.093023345,0.016918015,0.021035234,-0.0030017234,0.051470377,0.014142621,0.018729765,-0.004666035,-0.013559183,0.017415281,-0.014616128,-0.0038826664,0.03216482,-0.0067433305,-0.058421668,0.03554737,-0.04033187,0.043965828,-0.02471757,0.0114855785,-0.025525149,0.07363458,0.0017904025,0.010375945,-0.093809426,0.005802486,-0.046213098,-0.031221125,0.043867473,0.028916983,-0.009368646,0.009812084,0.03364839,-0.00039780373,0.051955093,-0.027065797,0.094297424,-0.012890922,0.040111948,0.020893782,0.010785297,-0.05252193,-0.025383294,0.044762813,0.007815259,0.025648765,-0.06603435,0.04064287,0.03484971,102,217
-0.07756762,0.031973697,0.050231554,-0.045038212,0.057228155,-0.0019427501,-0.051044937,-0.010782401,0.02469767,0.062388487,-0.02701718,0.02786386,-0.028651644,-0.04681532,-0.02158704,-0.059352923,0.004711015,-0.0024267882,-0.019685116,-0.008440816,0.019111931,0.033807006,0.025089158,-0.049709886,-0.021363195,0.0363819,0.010626043,0.02324019,-0.015489204,0.05437183,-0.0037253406,-0.080084965,-0.030916002,-0.03076984,0.08896067,-0.006626918,0.08600478,0.040906753,0.092759,0.032237865,0.06567888,0.09711477,-0.08123427,0.009581463,-0.011774646,0.13644178,-0.015030518,-0.0034500188,-0.040637195,0.02370609,0.069905125,-0.028850017,0.0054853675,-0.008126678,0.0094775185,0.015934743,0.03127981,-0.09397935,0.06611369,0.007604063,0.016380863,0.056969468,0.009619805,0.01130172,0.012264298,0.04516317,0.036291562,-0.044760503,0.06368756,-0.03259472,0.016326983,-0.06126336,0.02919558,-0.013700944,-0.038341165,-0.01845505,0.044258922,0.057588346,0.041034613,0.03559672,0.02019662,-0.042478744,0.05868882,0.03253401,-0.023434388,0.024500892,0.015454184,-0.031875025,0.0043350756,0.08824439,108,218
-0.02562974,0.024560936,0.0846932,-0.032249827,0.041287012,0.035200182,0.008273423,0.016957529,-0.016405309,0.08165539,0.036172286,0.0077661336,-0.039111793,-0.025394984,-0.0017762999,-0.00871148,0.031522628,-0.0208517,0.059752524,0.014343593,0.047458425,0.05310368,0.035207268,-0.062437773,0.029535294,0.0010374486,-0.0029191733,0.023509324,0.024258528,0.0031966325,0.015717482,-0.04991609,0.014841691,-0.010552503,0.070696846,-0.05097088,-0.0022384822,0.07897118,0.024619164,-0.0048630126,0.052146554,0.044892587,-0.0514796,0.024739875,0.051271252,0.04815083,-0.032790393,-0.027705928,0.03225763,0.022222694,0.0064091347,0.021055136,0.076972656,0.06985863,0.0017968183,0.0019271392,0.10350508,-0.05250836,0.00307302,0.0051346077,-0.070565015,0.021251876,0.03286656,-0.006939532,0.0067864973,-0.03751318,0.11176376,-0.026112165,-0.020674974,0.031228175,0.017851217,-0.03518529,0.00044827536,0.0557861,-0.005251848,-0.049582906,0.035349905,0.06826252,-0.022726879,-0.032350846,0.008817324,0.0742234,0.06475545,0.03025709,0.037248023,0.07429391,0.089436844,0.022294223,0.02907192,0.02160741,105,219
0.0150385285,-0.03126836,0.021957774,-0.034089293,0.055640455,0.005371567,-0.013502991,0.026998524,0.009629354,0.0037334543,-0.039069634,0.061439246,-0.014032972,-0.03828213,0.035552274,0.007264618,-0.012461829,0.06445458,-0.047490753,-0.028844733,-0.03747566,0.015461238,0.014933514,-0.037931122,0.022271197,0.06851077,-0.022110116,0.052354794,0.0428074,0.026440693,0.011686423,-0.0054232683,-0.028332585,0.050769523,0.05643436,-0.015925325,0.07422976,-0.015970029,0.03047153,-0.018411133,0.025226805,0.04160354,-0.041600518,0.01293933,0.012354042,0.048820164,-0.017146917,-0.0044293944,-0.0089611625,0.054545045,0.049457412,0.047866374,0.0051092496,0.09136859,0.020995611,-0.047501486,0.0518803,-0.048426636,0.039481603,0.0038121664,-0.011361733,-0.041343838,-0.031873338,0.02824597,-4.9434602e-05,0.009730641,0.051956963,-0.044743903,0.003505446,-0.0014286153,0.05300735,-0.0017912828,0.033351287,0.014950911,-0.020970766,-0.022006847,0.05641649,0.040266566,0.007929433,0.02097762,-0.03549888,0.035825018,0.04400047,0.03093657,0.019936495,0.0023860019,0.0037310757,-0.01771772,0.034977477,0.02089927,102,220
0.023150854,0.057376944,0.08309667,-0.07957985,-0.0042478573,0.015517611,-0.010446211,0.021810211,-0.036172986,0.039095085,-0.0063303337,0.049146604,-0.057718124,-0.006256383,0.026239011,-0.027437413,0.07373242,-0.025190113,-0.0031403396,0.024111956,-0.022127204,0.03424898,0.03536872,-0.11440724,0.0029021837,0.0145309325,-0.023632172,-0.032424547,-0.015960148,-0.013952684,0.016127199,-0.035166867,-0.0070805736,0.063496195,0.05968704,0.052242074,0.02199713,0.08531881,-0.020976122,-0.0068136086,0.080579214,-0.020790253,-0.05267407,0.030921929,0.048711065,0.024980413,-0.008096975,-0.012848556,0.033193514,-0.027542554,0.029856984,0.01040907,0.0086491,-0.005579291,0.024211604,-0.02435355,0.11549002,-0.063751265,0.017331276,0.05826147,-0.031758323,0.070659384,0.056824595,-0.014241727,-0.010555409,-0.08701928,0.023867106,-0.05803452,0.032472704,-0.0077557126,0.06267557,0.037859417,0.05182552,0.04066875,0.011893751,0.015475684,-0.0060708616,0.041372195,-0.009851888,-0.012150976,0.0013538077,0.02370895,0.00929389,0.005360822,0.0367992,0.015038908,0.07621224,0.084187135,0.0027673119,0.060458124,105,221
-0.03448612,-0.020674752,0.056494493,0.006251171,0.006114376,0.11839722,0.009250624,-0.056093242,0.003765639,0.01762702,-0.015095668,0.03925292,0.022967119,-0.06214235,-0.03558421,-0.022039512,-0.047190785,-0.022745637,0.015808828,-0.032870874,0.020471243,0.025967192,-0.0052050073,-0.09709237,0.024452388,0.0105069075,-0.011876257,-0.023919646,-0.030372495,0.00767022,-0.010383377,-0.06321347,-0.050159633,-0.036783602,-0.012227703,-0.056542464,0.009469397,-0.014241461,-0.015749715,0.034231305,0.0752074,0.005926812,-0.016044207,0.050975315,0.042853683,-0.026005913,-0.03434532,0.007888882,0.04434467,0.026345331,0.089200675,0.030693488,0.053569015,0.048052352,-0.019698352,-0.047692057,0.15150166,-0.02796265,0.030364454,0.022515781,-0.014219734,0.0109675545,0.040659823,-0.018161686,0.03725152,-0.036673404,0.047166135,-0.04076466,-0.09876226,0.03363856,0.014841883,0.019066129,-0.035641108,0.0042032134,-0.04003709,0.032697763,0.029230116,-0.005586412,-0.039601907,0.022356218,0.016883232,0.022244437,-0.003017161,0.036855523,0.014209648,-0.009286465,0.07137489,-0.04445707,-0.027936868,0.02431839,105,222
0.020300958,0.017522207,0.03199698,-0.063975334,0.034969218,0.06990536,-0.01812634,-0.0045026154,-0.013420349,-0.02432446,-0.034460414,-0.031056441,0.023049802,-0.0726435,-0.07270542,-0.0019252021,0.031911224,0.008947796,-0.0070983088,-0.010634831,-0.023168892,0.015757423,0.012859445,-0.0037148837,-0.005793914,0.020627152,-0.014132455,0.0027879812,0.015035766,-0.06627761,-0.012106314,0.012476619,-0.053504445,0.08630569,0.040558238,-0.040701102,0.07283861,0.032962136,0.03966495,0.0048831673,0.079082474,0.014458273,-0.027124766,0.03326856,-0.009824654,0.0277972,-0.021961994,0.024055928,-0.052730456,-0.02584327,0.13012815,-0.028270604,-0.010650849,0.009235177,-0.0035027154,-0.07307079,0.11549671,-0.06373735,0.01313098,0.01964812,-0.032975923,0.023762682,0.014327356,-0.00014711218,0.03144509,0.03237133,0.018680753,-0.00080823153,-0.037179284,0.006751005,0.03757894,0.027197406,0.01580402,-0.018656164,0.031219782,-0.058691286,0.015412075,0.12307789,-0.0109112235,0.04151585,-0.010144548,0.029463954,-0.016677873,-0.031377666,0.02387688,0.014720965,-0.03863806,-0.005120299,0.08426817,0.039443675,103,223
0.020974867,0.05820644,0.025179349,-0.084920324,-0.035634644,0.0720388,-0.01565553,0.01637306,0.004827779,-0.05507589,-0.0041328473,0.015966224,0.010791343,-0.049539767,-0.030326426,-0.019474477,-0.0014071297,0.040269278,-0.012317343,-0.0053152232,0.015656155,0.049040716,0.04672967,0.050382227,0.029373297,0.071628176,0.008003742,0.043303624,0.031660125,0.049131144,0.011824081,-0.011849731,-0.022724643,0.04300604,-0.021797419,-0.06457236,0.054301996,-0.01935124,0.013845981,0.05343427,0.11940854,0.08506517,-0.04648129,-0.00056966394,0.0103931315,-8.354336e-05,-0.026575182,0.027193991,-0.034889415,0.00040851114,0.015309107,0.027663201,-0.024955954,-0.017615398,0.039972287,-0.046718493,0.067315064,-0.07495088,0.07980833,-0.019492164,-0.036549453,0.014712599,-0.05328992,0.022885233,-0.007266023,-0.04289761,0.018651843,-0.04244776,0.059018925,0.021544084,0.0017868988,-0.018281633,0.028277442,-0.0063374573,-0.034640398,0.00087214145,-0.033668905,0.021059602,0.0069932025,-0.048795093,-0.0060086893,0.053107306,0.01139427,-0.042669334,-0.012727926,0.009092353,0.048254993,0.049106043,-0.026591562,0.08842507,108,224
0.00064402353,0.03870388,0.045149174,-0.06088853,0.030210981,0.028545782,-0.022669593,-0.0025682044,0.030702267,0.04385298,0.01075183,0.026707342,0.030934338,-0.01719911,-0.01313468,-0.05046348,0.08311402,0.055253744,-0.015161724,-0.055351485,-0.03921581,0.071654245,-0.01443089,0.021925628,0.00580094,0.033910207,-0.044387847,-0.0026165992,0.07071921,0.0046611093,0.023346558,-0.002258215,-0.053523816,0.041484702,0.02164295,0.010777525,0.022165447,0.0022193454,0.057420053,-0.082378395,-0.010932159,0.031724133,-0.057055995,0.02869533,-0.0069565866,0.02484408,-0.0037301306,-0.020928906,-0.021602351,-0.047413975,0.072124965,-0.04102113,0.0051262435,0.047667228,0.013774852,-0.046121396,0.13577941,0.042845327,-0.04576632,0.023189474,0.008898828,-0.032279357,0.0070819994,-0.0057244436,0.004571012,-0.043534547,-0.044513326,-0.044058375,-0.07527339,0.009588175,-0.02482006,-0.035591457,0.08138564,0.0025146604,-0.034595918,0.013114063,-0.0025515202,0.0011866819,0.033630576,0.0142636895,0.034648336,0.00499897,0.04462064,0.026176633,0.013315793,0.021377876,0.029925995,-0.03687664,-0.041013457,0.03907567,110,225
-0.0021535587,0.01815214,0.08638695,-0.021246932,0.0125090135,0.06805895,-0.0069861785,-0.043551948,0.034371804,-0.061593626,0.017966382,0.02495282,0.025361326,-0.08976601,-0.04312307,-0.017528405,0.060803473,0.05111423,0.031603213,-0.036106355,-0.0075850505,0.07583922,0.015874702,-0.009495717,0.025926318,-0.023335757,-0.013644943,0.0099574225,-0.024105141,-0.03135707,0.09582467,-0.02095579,-0.0411309,0.0048105186,0.12863809,-0.0050137555,0.040014416,0.026705714,0.01477702,-0.026519928,0.0946804,0.12642348,-0.012293156,0.06187253,0.066422254,0.053167775,-0.059383396,-0.0015289374,-0.021335637,0.013147912,0.04199338,-0.0005167397,-0.034068555,0.016274659,0.040804528,-0.05249928,0.09631444,-0.03793284,0.051823173,0.0020619584,0.0086771455,0.03977693,0.023400657,-0.0015111698,-0.07200973,-0.0330326,0.06524223,0.023417693,0.039582945,-0.03580722,-0.008856066,0.0076020826,0.03619971,0.022484992,-0.015814248,0.021496147,0.036909245,0.043979764,0.010103615,-0.0023335046,0.03477041,0.050847843,0.07510192,0.020662388,0.07744693,0.049543776,0.01653552,0.035694752,-0.021283936,-0.010483846,111,226
0.05690396,-0.009598162,0.06550729,-0.12641646,-0.0054355413,0.05431743,0.009780262,0.054612994,-0.006443538,0.0057920148,0.043576177,-0.022331266,0.029119067,-0.048062764,-0.018301077,0.042327326,-0.043021295,0.021126427,-0.012145712,0.009230963,0.0047601145,0.05129943,0.022703001,-0.12761146,0.019567925,-0.019018276,0.01815774,0.0024280515,0.012587357,0.04147275,-0.037221372,-0.04845892,-0.026648065,0.0026858822,0.05071041,-0.07198114,0.05207553,0.015764944,-0.028724428,-0.0035840562,0.09971982,-0.02562971,-0.06815662,0.022589125,0.005005421,0.018315775,-0.014425109,0.027184766,0.023943247,-0.020152938,0.08721125,-0.006514271,0.09006818,0.014580226,0.042303387,0.057670232,0.092818886,-0.0051072147,0.07874721,-0.004350269,-0.008084821,0.014609873,0.020132398,-0.008302873,-0.058941077,-0.034534037,0.021566376,-0.033914745,0.0016167685,-0.020005737,-0.035248343,0.029540332,0.030979637,0.019624928,-0.01502811,-0.0036619576,0.0047897743,0.08063948,-0.007242482,-0.06385651,0.036090806,0.070073985,0.052978992,-0.04104121,0.08047924,0.050427873,0.03440232,0.03586295,-0.015577055,0.10769424,104,227
0.018566146,-0.0106697045,0.0021606907,-0.07324347,-0.002314521,0.024300216,0.083332784,0.04382734,0.028849557,0.01026896,0.024308026,0.026006268,-0.012039999,-0.050596982,0.07473114,-0.068511434,-0.017287474,0.041787688,0.02195625,-0.09938871,0.023053676,0.08147369,0.057922877,-0.052149244,0.046517815,0.012566119,0.04957986,0.03433739,0.010109645,0.035433114,-0.006663246,-0.069320604,0.013528179,0.009053808,-0.017984807,-0.026213592,0.044487253,0.0021555517,0.027834151,0.010368659,0.01948085,0.06549536,-0.003965821,-0.016571127,0.04299426,0.06692124,0.010559415,0.01895998,0.002884754,-0.01780262,0.014192369,0.0049538133,-0.033150703,-0.00881288,0.06815638,-0.013617501,0.10181187,0.013014916,0.008881893,0.04905977,-0.08994836,-0.004575571,0.012104526,0.008803856,-0.022549823,-0.050283574,0.03192536,-0.0059241354,-0.006444268,-0.027814128,-0.006240988,0.025436787,0.04302337,-0.054207172,0.05827999,0.0039219097,0.017635802,-0.03208431,-0.088552326,-0.015309833,0.00683292,0.032512866,0.011609028,-0.039729603,0.040009297,0.050138168,-0.0059808716,0.003679717,0.02565987,0.049076915,114,228
0.023381468,0.051828817,0.036776904,-0.038308185,0.01103012,0.015487187,0.005371525,0.042520244,0.015149816,-0.0051025683,-0.034575015,-0.015982062,-0.009404984,-0.06358616,0.009752025,0.014527161,0.037105016,0.038061082,-0.03628979,-0.018249832,-0.0101683345,0.014914246,0.009006419,-0.06327453,0.018293044,0.049669757,-0.0024303645,0.026242444,-0.008013703,0.042796165,0.04578142,-0.02932344,-0.08336844,0.031185217,0.06668968,0.0104832705,0.0004329346,0.06687024,0.0011275467,-0.026010552,0.04210066,0.024955425,-0.030598925,0.06410375,0.025956469,0.12434904,0.010431483,-0.0491623,-0.0008857418,-0.025640175,0.07767759,-0.007247032,-0.034423575,0.01355645,0.03995017,-0.08418236,0.073322885,-0.032419603,0.06841707,0.037462365,-0.057298884,0.017907146,0.04022867,0.026859907,0.0241023,0.026801057,0.015576569,-0.04436988,-0.03599064,0.020670643,0.03674005,-0.025284613,0.004110098,0.033218708,-0.06752432,0.0015625504,-0.00709909,0.026947662,-0.0771773,-0.01837087,0.00549147,0.012204648,0.050993275,0.034971237,-0.00919017,0.03279646,0.032438476,0.05824803,0.04843278,-0.009267829,114,229
-0.031585377,-0.037959356,0.016749106,-0.06425288,-0.041398954,0.007399734,0.021458656,-0.009825694,-0.0010061301,0.032354698,0.014058252,0.0004517506,-0.036265507,-0.10088795,0.020532824,-0.034732282,-0.036751606,0.104462504,-0.060704723,0.047418598,0.06350175,-0.005482711,-0.0063513573,-0.040240735,0.09778236,0.061939716,-0.038740646,-0.04971698,0.046633143,0.032864366,0.019925667,-0.08034212,-0.029007139,-0.035663042,-0.07345093,-0.033753566,0.039587084,0.1033268,0.017502539,0.007871949,0.04791916,0.030485133,-0.051104132,-0.0054784752,0.036967658,0.05539585,-0.012384237,-0.031478055,0.046783164,-0.006416072,0.1215811,-0.021429632,-0.028602399,0.021001218,-0.040385365,-0.0668613,0.064999186,0.00487851,0.026192749,0.016421707,-0.027507503,-0.01484758,0.0011699051,-0.016510446,-0.0034887304,-0.054374747,0.027714567,-0.024532275,-0.026017888,0.0042547267,0.03769116,-0.0070435815,0.0060473597,0.0063920636,-0.036492907,-0.00018091896,0.06527196,-0.0341094,0.04178674,0.007425451,-0.0047665015,-0.038749788,-0.0078190975,-0.016846212,-0.005041521,-0.00015160255,0.09316699,0.100148216,-0.040362332,0.031571094,104,230
-0.019588063,0.0113017745,0.049423747,-0.042482175,0.0019994075,0.084224835,0.014519061,-0.04441104,0.015246224,0.018191304,0.056519095,-0.013632448,0.010649659,-0.07317969,0.06776064,-0.034067847,-0.030065779,0.01855415,0.03190781,0.010589681,0.06997353,0.04289407,0.004591682,-0.004230583,0.0429693,0.02531296,-0.0009966877,0.01819631,-0.07363366,0.00720416,0.00094847754,-0.029639622,0.0008564275,0.018818682,0.03900448,0.043898802,0.023831952,0.04010795,0.054331288,0.012837495,0.13072664,0.014448859,-0.056292966,0.03838993,-0.020325521,0.044549603,0.05266468,-0.004384773,-0.0064080274,-0.029860724,0.08050316,-0.02118823,-0.003951355,0.068871155,0.057902895,-0.026148638,0.091518044,-0.077855855,0.023465903,-0.034494456,-0.015801674,0.024926456,0.042719368,-0.007620099,0.0057432484,-0.03793696,0.011276948,-0.025974397,-0.0632805,0.020120814,0.056458585,-0.03353729,0.028390847,-0.003100425,0.02731185,-0.020171836,-0.01545172,-0.028034039,0.02045561,0.010470757,0.02115855,0.04547169,0.03810265,0.02058132,-0.0074132606,0.044303834,0.05524995,0.05123334,0.06156288,0.034343444,101,231
-0.004014485,0.022273071,0.042244654,0.036731705,0.03422168,0.0072274283,-0.0149622075,0.030009773,-0.028037073,0.0129665695,0.013596448,0.036957398,0.0043496396,-0.113363214,0.015783016,-0.0011130068,0.003489811,0.027033621,-0.06592836,0.053287122,-0.046203405,0.033914514,0.015130619,-0.038737994,-0.010513987,0.027737297,-0.02239047,0.027769662,-0.008588793,0.00830858,0.006308023,-0.019447364,-0.07842265,0.008099358,0.10680726,-0.027077945,0.039596584,-0.004732497,0.024841283,0.035728633,0.06817307,0.019629117,-0.01893365,0.06361996,-0.0032964032,0.058801483,-0.0013775439,0.042994328,-0.0040423987,-0.032745726,0.043656893,-0.018561566,0.09362371,0.030442595,-0.025806122,-0.037296593,0.08793698,-0.05194607,-0.013745412,0.0010749698,-0.027736504,-0.03846091,0.07976409,-0.005648318,-0.04330212,-0.03016093,0.0013516461,-0.038748346,-0.01976059,0.008894039,0.023627505,-0.020622244,-0.0004538186,0.010040315,-0.037193667,0.02097147,0.05294323,0.028189223,0.02544647,0.0094891675,0.07083711,-0.03258942,0.023455154,0.020991337,0.032848142,0.012883607,0.072191656,0.02378794,0.03630292,0.062562026,111,232
0.01587778,0.015195342,0.0034995675,0.0107285045,0.025328536,0.041784853,0.010301923,0.045240384,0.005827114,0.006913503,-0.0014362223,0.014094437,0.034675993,-0.047260884,-0.0046165884,-0.010358979,-0.026916554,0.018831177,-0.021279316,0.011489924,0.014546947,0.07147892,-0.033515304,-0.012691894,0.058524683,0.0403841,-0.011950229,-0.021536652,0.018610928,-0.018558774,0.023699721,-0.020804886,-0.054867394,0.020874409,0.08851011,-0.006336488,0.033112865,0.049030587,-0.0132263005,-0.011772781,0.05451347,0.022926923,-0.046528943,0.03945158,-0.008991374,0.029154716,0.004661426,-0.05032006,0.0037561846,0.03640618,0.114868015,0.016821984,-0.04869256,-0.024500424,0.010623032,-0.020278845,0.059214883,0.009119507,0.026528234,-0.03127693,0.0022838917,0.08039141,-0.023292225,-0.009963008,-0.0018273825,-0.060951386,-0.012238672,-0.04879599,-0.08785961,-0.016417444,-0.001336325,0.003808563,0.033047687,0.030624868,-0.046599,0.027548905,0.0007945942,-0.012866441,-0.0061432873,0.032242894,0.0102496855,0.05764641,-0.018980408,-0.0162413,0.058170177,0.038547233,0.0703979,0.047061656,0.04731322,0.11255876,105,233
-0.019164586,0.03215876,0.0430464,-0.02469743,0.007992782,0.03938263,0.03723316,-0.0119645605,-0.019890577,-0.014802749,0.0517441,-0.012309762,-0.032609627,-0.027318105,-0.020081397,-0.016778907,-0.05546943,0.03308987,-0.007913913,-0.034529306,-0.021056416,0.056333557,0.010502887,-0.015571297,0.062445473,0.011990152,-0.0021132985,0.084172174,0.053417966,0.025565788,0.0027462374,-0.023119576,-0.051659755,0.020235443,0.09218013,0.009619797,0.09709919,0.042432632,0.08227183,-0.029872488,0.040384635,0.023134906,-0.033776827,0.049118284,0.0042392947,0.025975324,-0.03809742,0.006520377,-0.03401885,0.019989729,0.06077459,-0.019841671,0.020980489,0.037676305,8.508377e-05,0.020655893,0.030923216,0.015679289,0.044389617,0.017128542,-0.011129026,0.0012403596,0.057737898,0.028053368,-0.013313415,-0.0074742977,-0.024709899,-0.13059026,-0.07341102,-0.03397159,0.005695926,0.02160292,0.012687562,0.022263132,-0.033380747,0.02940141,0.023655877,0.06138105,-0.01874745,-0.03636141,-0.03323756,0.042479888,0.033386514,-0.007505346,0.038491644,0.0059215743,0.07665251,0.045433957,0.0006805074,0.10376541,100,234
-0.0026653362,0.0035809914,0.066359155,-0.060845017,-0.008977063,0.076811016,0.009031306,-0.008348358,-0.0075088274,0.020155743,-0.021605197,0.0051628887,-0.07635923,-0.0521248,-0.00014402215,0.03796794,-0.0358835,0.018088628,-0.015030094,-0.026451867,0.0105677135,0.02948317,0.0024841838,0.0029086955,0.03136649,0.067638226,-0.013995552,0.056867372,0.12817915,0.019306684,0.057177648,-0.054284476,0.0067572594,-0.034089506,0.07377885,-0.063504994,0.042719617,0.043788232,0.04359825,-0.025428042,0.06735365,0.008867171,-0.08024594,0.011469979,0.024656419,0.080714166,0.02274949,-0.070366316,-0.014702658,-0.025268154,0.054840297,0.009067327,0.009869589,0.0076373937,0.003909825,-0.06580577,0.083852954,-0.008741025,0.05653369,0.0054166717,0.010648169,0.008695192,0.032026067,0.009366566,-0.030137634,-0.064102784,-0.06795062,-0.021220587,-0.04152499,-0.012688008,-0.009793306,0.012413365,0.10718546,0.058282785,-0.0363414,-0.0013594797,0.027199142,0.04313167,-0.036761574,0.004784308,-0.009804891,-0.0356559,-0.013384512,-0.0015187841,0.024552077,0.015109265,0.004474461,0.024602037,0.04275152,0.049730748,104,235
0.053779073,0.078885235,0.05062595,-0.017264696,-0.0020359196,0.04578045,-0.016802015,0.020435166,0.010248173,-0.019251842,0.06003998,-0.014402717,0.051183466,-0.06039244,0.0026762849,-0.059872493,0.010946286,0.04276692,-0.0040889187,0.035202052,0.017039321,0.0059836544,0.02051394,-0.062462777,0.00913651,0.007551674,0.045593813,-0.034385994,0.029069958,0.020057643,-0.0024342574,-0.038512837,-0.046407223,-0.04033353,0.084284514,0.0103222225,0.039998185,0.021619743,0.055470344,0.0065675853,0.04455277,0.113295466,-0.038616814,-0.019983884,0.016119195,0.026013048,-0.011631692,0.0060201953,-0.068147324,-0.05602651,0.06114686,-0.023040889,0.0024248664,-0.024899708,-0.0024620574,-0.023293283,0.060434163,-0.039269324,0.060560364,0.03399117,-0.019178905,0.089126885,-0.017540928,0.005860718,-0.039055094,0.043052748,0.034163155,0.045558494,0.037656754,0.06142553,0.030051215,-0.011752853,0.028211193,-0.017539196,-0.010768952,0.026284996,-0.044182546,0.043849103,-0.017932743,0.001928445,-0.0022900263,-0.00016642176,0.003140621,-0.019888118,0.014010296,0.021400398,0.026692994,0.0058013108,0.019376203,0.05156014,107,236
0.017002046,0.056325644,0.018889515,-0.028944373,-0.012349987,0.04219076,-0.030036373,-0.036762226,0.064223245,-0.06660204,0.0015774821,0.02863093,-0.008640241,-0.046160128,-0.021998487,-0.043984197,-0.040883556,-0.009279175,-0.020164732,-0.0121148685,0.010343634,0.010270851,-0.0030709244,0.014977243,0.01402861,0.026575487,-0.02875577,-0.047506273,-0.09442196,0.10703951,-0.029834919,-0.03531855,-0.07395944,0.05546433,0.09237069,0.024864666,0.09824233,-0.0044764373,0.08135085,-0.022216797,0.03436034,0.06590397,-0.03581661,0.08111089,-0.019642493,0.062276203,-0.034559,0.04239522,-0.063847095,-0.012950223,0.053967673,-0.010962356,-0.014952522,0.078116186,0.006683871,-0.026269548,0.074787036,-0.031543225,0.032003216,0.030616295,0.016898451,0.023562934,0.037717808,-0.01927695,-0.022691406,-0.04996388,0.04805751,-0.042431526,-0.007948481,0.042652138,0.0485382,0.00041298196,0.021650476,0.00031992793,-0.019306285,0.06871632,-0.030922761,0.029418774,-0.019042538,0.0005570566,0.02708453,-0.021930646,0.09319035,0.004287433,0.008914945,0.101789266,0.012448531,0.01701772,-0.0005790988,0.06697965,107,237
-0.10013727,0.03165351,0.08511487,0.016502015,0.008620939,0.00039114058,0.0011355756,0.043501575,-0.023988519,0.03644146,0.058089014,0.0033710464,-0.023116594,-0.054732367,0.05319779,-0.015775546,-0.03168437,0.05191086,0.025910698,-0.029748727,0.02472345,0.013893296,0.0114670545,-0.030510657,0.012450634,-0.023273619,-0.017402697,0.015743643,0.045039415,0.019883499,-0.0030946862,-0.011703266,-0.03767575,0.01824251,0.08097315,-0.015661143,0.09343523,0.023049425,-0.03335401,0.004229145,0.061788063,-0.045832146,-0.04328197,0.042660672,0.018622011,0.10198617,0.040866252,0.015308369,-0.024211386,-0.029840201,-0.0048486367,-0.008842306,-0.024997283,0.007017197,0.0028105443,-0.025855992,0.09430035,-0.035618078,0.06969957,0.010507578,0.022316111,0.020313356,-0.047702547,-0.023891825,-0.05820033,-0.077650815,0.0034188358,-0.018125989,0.011952568,0.025362717,0.007463989,0.038389165,0.04629896,-0.0436003,-0.032034326,-0.049417596,0.018383319,-0.022818256,0.012775833,0.061525363,-0.022510745,-0.01230344,0.018493978,0.022729106,0.00064588897,0.052151024,0.010836093,0.0068391305,-0.018822186,0.031790704,109,238
0.019717716,0.07150236,0.04848037,-0.13667822,-0.00520294,0.07541704,0.03253612,0.0038199364,-0.022560831,-0.0190186,0.0070231496,-0.008941982,-0.0309351,-0.044327192,0.00569224,0.043986578,0.0063166143,-0.02929158,-0.0008370718,-0.026177432,0.017494082,0.018119134,0.01128131,-0.050509185,0.035037305,0.05660283,0.00071899686,-0.015930545,0.03805104,0.078510016,0.016522791,-0.0014163684,-0.046299823,0.017961923,-0.02054371,0.011089082,0.015090119,0.053017914,-0.034246936,-0.035620846,0.05602204,-0.020056296,-0.012743946,0.02866722,0.002343379,0.10459153,0.014037894,0.024935411,0.05798316,-0.015595534,0.012898412,0.057006612,0.034354992,0.008305014,0.054569032,-0.04435878,0.11937711,-0.046457555,0.012469128,0.05757592,0.0020660423,-0.020762013,0.060819507,-0.069304146,-0.0011135712,-0.0054956656,0.03963857,-0.08897026,-0.048911486,0.031524934,0.0045414474,-0.006753089,-0.0039719604,0.041071795,-0.049664102,0.0022233557,-0.0004826095,0.048869636,0.0008607954,-0.014622556,0.014837712,0.014067921,0.039213207,-0.039828397,0.03637471,0.029299965,-0.027231418,0.011785472,0.016229955,0.027010761,101,239
-0.019553129,0.023092417,0.0819104,-0.03978514,0.030725805,0.053229608,0.015422565,-0.010546908,-0.017350266,-0.012145731,0.036276538,-0.050741196,0.0061409026,-0.04657535,-0.008771219,0.0069350447,0.010563815,-0.03214813,-0.018062603,0.018374301,0.002094073,-0.026907925,0.032889366,0.021897912,0.03186506,0.059335895,-0.01633887,-0.07515514,-0.0022078454,0.03952971,0.0051677357,-0.068209246,-0.00550675,-0.011735341,0.05933535,-0.051048096,0.033612233,0.021267295,0.057276722,0.007812909,0.06455365,0.048317213,0.008242633,0.04634536,0.00062716566,-0.0015236288,-0.015571445,0.03242798,-0.018873863,-0.004605471,0.062307507,-0.007958069,0.00600258,0.040798903,-0.037642006,-0.05434653,0.06515219,-0.05251088,0.03111749,0.010167673,-0.09187233,-0.04574778,0.03209097,0.00782835,-0.040495515,-0.021470595,-0.01147767,-0.08248873,-0.066991046,0.0070573664,0.03066782,-0.017286908,0.05806092,0.0092532225,-0.036946137,-0.06897876,0.0094064,0.033386976,-0.01955554,0.04187547,-0.019572482,0.017662114,0.02390593,0.051008992,0.005371907,0.035919078,0.04723287,-0.03156566,0.0077335876,0.035181634,109,240
-0.02890981,0.013704269,0.051832177,-0.0295634,-0.010061597,0.029178144,0.005672444,-0.03972675,0.03414161,0.012556609,0.06341533,0.024157025,-0.018648064,-0.01246931,0.04343588,-0.07188305,0.041808546,0.034647767,-0.019553509,0.023944661,0.060133785,-0.022186063,-0.039601833,-0.01988896,0.040972497,0.060563676,-0.022097312,-0.0021374063,0.008690439,0.03841401,0.05517908,-0.04084219,-0.079359174,-0.038234275,0.06339945,-0.052765332,-0.006086454,0.0542119,-0.017410818,-0.04126803,0.035980526,0.06156554,-0.023089292,0.044729456,0.007876113,0.0897107,-0.03010343,-0.0059475554,-0.027709085,-0.031178236,0.09986998,-0.03618215,0.0774716,0.07136124,0.026246449,-0.07744187,0.03683892,-0.08593114,-0.023224365,0.033307567,0.036359973,0.011224471,-0.012062461,0.058540747,-0.006865584,-0.0054825153,-0.0036284216,0.003855886,-0.050706383,-0.0060996115,-0.0035988335,0.02765401,0.030962754,0.067608014,0.001726157,-0.008964532,-0.006192213,0.010655714,-0.019907326,0.01267647,0.06756271,-0.0509351,0.030954573,-0.041119546,0.02628874,-0.015032357,0.024471428,0.0011618482,0.01471673,0.06862457,113,241
-0.027266609,-0.074702814,0.031539835,-0.06089215,0.01978362,0.008507391,0.018178217,-0.052213535,-0.0034820358,-0.010952561,0.045406993,-0.034162708,-0.024975605,-0.08417764,0.018634811,-0.00071376027,-0.040758044,0.08702971,0.0035436421,0.007975643,0.075910285,0.04365898,0.06762287,-0.015329923,0.0036818534,0.092820674,-0.006134838,0.03383757,0.053860173,0.024665833,0.10549981,-0.02758459,-0.0087809395,-0.01079534,0.03913212,-0.01159669,0.034890268,-0.015117809,0.0074475207,-0.04796268,0.04340998,0.067722514,-0.023425175,0.006226741,0.03951349,0.076884545,-0.042879265,0.04132963,-0.008671439,-0.017494496,0.12493363,0.014258139,0.01827205,-0.008050272,0.026630085,0.0008702688,0.077953875,-0.017399838,0.000407774,-0.05397241,-0.01920623,-0.004599575,0.02727091,-0.03278306,-0.048736908,0.011665221,0.020678096,-0.041204832,-0.050358396,-0.008872907,0.03651876,-0.027361184,0.014497769,0.01370026,-0.033067238,-0.037621807,-0.020622635,0.023564968,-0.033158086,-0.0001523426,0.00095237605,-0.0011870135,0.037634254,0.038990926,0.06773838,0.08982998,0.102072984,0.09184869,0.04140238,0.071422994,114,242
-0.01770017,0.011700472,0.03883731,-0.053709134,0.0154947955,0.039478187,-0.031156136,0.018735323,-0.014375957,0.06911045,-0.01992432,-0.007236978,0.034936767,-0.033562977,-0.011470513,-0.039658517,0.024158055,0.027963221,-0.0012875698,0.045776337,-0.024565365,0.030534491,-0.009211117,-0.048231646,0.010264983,0.00978859,-0.03700455,0.05861365,0.013502256,0.021072559,0.00594645,-0.05058179,-0.026942007,-0.007618464,0.041425336,-0.027311582,0.0823908,0.0002922397,0.023605797,-0.024455748,0.060190402,0.07177846,-0.014482332,0.025329141,0.03667985,0.011869442,-0.03043623,0.051628605,-0.018934079,-0.029637944,0.0743153,0.06656129,0.011713244,0.02943163,0.040448666,-0.028766125,0.09328364,0.015613865,0.033125155,0.0071164984,-0.058909953,0.06677116,-0.0026412467,0.006586892,-0.020703502,-0.09838461,0.027224455,-0.021258878,-0.066920355,-0.03770094,0.05917875,-0.0049876287,-0.011570057,0.024832267,-0.045454115,0.068023786,0.02098246,0.014695718,-0.048939563,-0.01822965,0.044201605,0.019927785,0.021686865,-0.05179538,-0.028629867,0.03531181,0.047661997,-0.07095048,0.009965885,0.0435281,100,243
-0.0014237612,-0.013429971,0.104663886,-0.004960943,0.06577475,0.048401907,-0.011576001,-0.022442035,0.0015163976,-0.023280028,0.020159483,-0.013280898,-0.05919671,-0.03269534,0.04302929,-0.03293209,-0.03014403,0.019725569,0.046476267,0.01592765,0.06194236,-0.04547803,0.010228355,-0.021829983,0.03947423,0.056928605,0.05042788,-0.046053506,0.013668271,0.04934282,-0.03364574,-0.09108069,-0.03954216,0.0042158994,0.11471623,-0.02352997,0.026800262,-0.007941509,0.050059095,0.013646807,0.10315898,0.040966094,-0.018522412,0.0030184407,0.046245173,0.1273318,0.02526749,-0.035902187,0.024258647,-0.026397694,0.05396014,-0.0011869282,0.0033609495,-0.024011454,-0.024889268,-0.05075573,0.07920404,-0.009031862,-0.01029494,0.037133254,-0.063413724,-0.012154359,-0.02249337,-0.01918146,-0.031565435,-0.0014753882,0.09553701,-0.033486478,-0.09666837,0.033273716,0.043956988,0.038758155,0.0026074573,0.023908587,-0.031849522,0.03226136,0.021354944,0.08041236,-0.07104752,-0.047738973,0.015339861,0.03127826,0.08059128,-0.008367564,-0.0032114703,-0.0004708562,0.016068432,0.029808257,4.9825758e-08,0.058851257,113,244
0.0016923789,0.0049446747,0.042077452,-0.08075495,0.018940901,0.08049214,0.004678266,0.011015159,-0.0076604886,-0.028112603,-0.028309155,-0.009269714,-0.022061275,-0.024902336,0.028957952,-0.08177215,-0.004414955,0.048114285,-0.019485712,-0.019316066,-0.02170559,0.0505092,0.029391626,-0.012060731,-0.014949463,0.020983044,-0.074580394,0.046440333,0.033204626,0.035416283,0.01779867,-0.029671963,-0.0019184761,0.002572466,-0.014374167,0.01706543,0.08507277,0.027222957,0.042730138,0.006949662,0.10377014,-0.0053559802,-0.04090836,0.02426964,0.013306576,0.060232177,0.0068118665,0.058856115,0.054197453,-0.026410323,0.015602998,0.041349005,-0.006711893,0.051152393,0.038748983,0.014637284,0.096158616,-0.05073942,0.05213368,0.047695678,-0.024521412,0.048098236,-0.09749721,-0.06674042,0.04279577,-0.023694593,0.06752645,-0.0104462,-0.0747046,-0.03392991,-0.053299896,0.022618162,0.027703293,0.02567942,0.0007144236,-0.008492108,0.007766406,0.04979627,-0.05463281,-0.0033096953,0.02940043,0.03067708,-0.040490605,-0.03647697,0.052144513,0.04992207,0.025740528,-0.01922381,-0.0207082,0.05473946,107,245
-0.061489195,0.013101593,0.006338101,-0.041147374,-0.02959451,0.038083438,-0.029097041,0.035719622,-0.027676323,-0.044947162,-0.007041852,0.018619083,0.022000767,-0.07850647,-0.00637823,-0.017747685,-0.014749181,0.10866664,0.014395069,0.02652869,0.06598496,0.050069913,-0.03858222,0.00010500848,0.05372737,0.009005786,0.0023759399,0.04893986,0.029601,-0.013932258,0.026544932,0.0053861625,-0.025876239,-0.015339492,0.0050746575,0.009255662,0.038568784,0.017019518,-0.012399433,0.042834718,0.022121731,-0.04680163,0.0035059303,0.023491893,0.024910647,-0.0009905957,-0.038892858,-0.003968237,0.0016400715,0.014758389,0.056486502,0.014445981,-0.0019371449,-0.0025159605,0.04839068,-0.053144768,0.14216004,-0.05628045,0.027653899,0.05521486,-0.078143574,-0.024259422,0.03760708,-0.04204246,0.016991338,-0.014158445,-0.0167007,-0.09755239,-0.04660052,-0.06323975,0.023325516,-0.027118295,-0.03986889,0.012247566,-0.02107,-0.052164197,0.006520752,-0.0065290574,0.034878243,0.004345641,0.027096475,0.0263297,0.011376885,0.027159035,0.04013098,0.014257439,0.010535009,-0.007984401,0.027836457,0.06944644,112,246
0.009118758,0.1118007,0.04839965,-0.030479502,0.069009766,0.04294301,-0.01825406,-0.017607592,-0.008517699,0.018547632,0.032724142,0.015504291,-0.002329912,-0.027062932,-0.018591957,-0.02708696,0.006306731,0.0041911863,-0.015378389,0.037658177,0.036395177,-0.0060023405,0.047637235,-0.045452822,-0.003842041,0.023492958,-0.014794521,-0.06599172,0.028758205,0.0864286,0.0290659,-0.037290543,-0.0422616,0.0027830955,0.028626671,-0.035044406,0.02027563,0.0067647453,0.02094648,-0.0063340273,0.10582623,0.04131078,-0.0005893223,0.007848426,0.07085099,0.014528073,-0.048908435,-0.02015876,-0.023297738,0.005926992,0.013726473,0.046527002,0.048004244,0.006736532,-0.024658937,-0.0699398,0.074362904,-0.042142995,0.06806256,0.0065741604,0.03517147,0.05504103,-0.06009103,0.011913332,-0.0051298765,-0.042410232,0.0077119777,-0.03329382,0.0027516373,0.014457854,-0.014697742,0.010480978,0.026871078,-0.019213788,0.053989846,0.013693114,0.050522856,-0.022918798,0.013941573,-0.011234745,0.010633124,0.050867368,0.017768756,-0.014086811,-0.003224725,0.031159071,0.037975386,-0.023444604,0.0007725619,0.050413862,108,247
-0.025842048,0.020111274,-0.01239045,-0.08997254,0.029839655,0.07736041,0.09098775,-0.008788778,-0.022077998,-0.021772083,0.007846234,-0.014908394,-0.048951022,-0.06856467,0.056519784,-0.027962528,0.06136268,0.09192685,-0.0012020166,0.015510692,0.034458682,0.08509997,0.041184165,-0.045510784,0.10962054,0.052311987,-0.024684366,0.026076898,0.011573694,0.06719652,0.009153542,-0.031845387,-0.05994601,-0.015528025,0.08436002,0.04514054,0.06296048,0.0026851278,0.002094185,0.006333911,0.09155297,0.017815778,-0.03632798,0.03758606,0.038531806,0.019236676,0.0015580924,0.05001864,0.021047901,-0.048578512,0.043375686,-0.012372405,0.002738764,0.008027551,0.047132816,-0.033811428,0.09829229,-0.062520474,-0.00649783,-0.017882492,0.0014996957,0.013267541,0.054955285,-0.009601303,0.034086823,-0.025356758,0.028627956,-0.06611615,-0.038123447,-0.01808263,0.010197888,0.046454478,-0.01903261,0.0113038495,-0.052367367,-0.009903302,0.007392343,-0.006915653,-0.025194213,-0.040746603,0.0049034134,0.070656545,0.051952496,0.013827041,-0.03566382,0.0023932587,0.013953527,0.002841997,0.02595427,0.0573927,111,248
-0.0028490052,0.038157247,0.040458124,-0.043690614,0.0336643,-0.041061904,-0.052182645,-0.019366086,0.027534148,-0.015773082,-0.018296495,-0.03192387,-0.0051639713,-0.021813538,0.0675783,-0.0027240478,0.00014358293,0.027256448,0.022121549,0.013309365,-0.0005690416,-0.015171513,-0.0035086963,-0.030744508,0.068403706,0.0011431631,-0.038672853,0.069165915,0.003391374,0.0028484836,0.06833187,-0.039720275,-0.06461471,-0.028421018,0.04499629,-0.016040204,0.0017880127,0.055276398,0.025852898,-0.029418122,0.062378313,0.074290454,0.018513165,0.017546477,0.027714401,0.03211948,0.030753762,0.037207827,-0.057910897,-0.08306156,0.11545788,0.020068971,-0.0042639663,0.038709998,0.0059154956,-0.06879395,0.076409675,-0.030122897,0.031528924,0.050828032,-0.064716384,0.029459994,0.042997103,-0.017455023,0.035410862,-0.051826864,0.036774762,-0.022020213,-0.02001815,0.008261111,0.050495848,0.011730731,-0.0069192937,0.046390764,-0.038423568,-0.034160677,-0.004903028,0.09061943,0.0115231685,-0.02677078,0.018229436,0.010200732,0.089673586,0.04341518,0.010111867,-0.012179306,-0.0015491508,0.012491286,0.011677247,0.045132883,102,249
-0.010663189,-0.0041247117,0.058466375,-0.03522464,0.036506668,0.041087225,-0.005587226,0.018115934,0.034498066,0.046945054,-0.025320815,-0.026254974,-0.019714179,-0.010941219,-0.004979927,0.0030034985,-0.007187439,-0.010988453,-0.0016149534,-0.014599838,-0.028105339,0.052662723,-0.004874617,-0.00017802417,0.042043947,-0.011399904,-0.031000644,0.06622055,0.048240714,0.015084529,-0.026545517,-0.035920676,-0.00716462,0.037301686,0.066869855,-0.033721685,0.083894596,0.02095326,-0.03677099,0.006745398,0.05511096,-0.016346116,-0.06188355,0.036449563,0.02912175,0.12717544,-0.06580035,-0.030634264,-0.020938313,0.0433905,0.06582542,-0.018091777,0.020212946,0.018683223,0.09429954,-0.035615657,0.05588356,-0.0938174,0.03577274,0.057460014,-0.046095535,0.081495374,0.0137586,-0.028765567,0.024214737,-0.087774135,0.027569083,-0.08912287,-0.035619795,0.033897612,0.04260838,0.012237598,-0.0013864189,0.0024314895,-0.06691954,0.010573097,0.04944642,0.083079964,0.021634633,-0.023000795,0.038288474,0.0068462696,0.03506431,0.005630894,0.035361446,0.020244561,0.046906207,-0.0038322527,0.009052696,0.047537558,110,250
-0.015810266,0.0012268899,0.014666857,-0.038756035,0.046897672,0.1358185,-0.034305684,-0.017377537,-0.009923214,-0.023611585,0.015456706,-0.00067936815,-0.013311915,-0.054922312,-0.05510577,-0.060453188,0.06225092,0.008835412,-0.0022228556,-0.023234263,0.012115305,0.025474068,0.0065963,-0.031649314,0.028586952,-0.027014827,0.014479554,0.07378123,0.0034827963,-0.017178971,-0.0008529015,-0.010573756,-0.038412433,0.009566082,0.01472149,0.040701225,0.02654533,-0.003705304,0.06147484,2.9291026e-05,0.07958248,0.031861022,0.0271997,0.03196631,-0.022774795,0.030961538,-0.041289,0.019625934,0.030875584,-0.058378726,0.05393552,0.007688607,-0.0011428412,0.057999484,0.011316561,-0.055026986,0.08398919,0.0052240565,-0.005521331,-0.012680407,0.010101916,-0.01130297,0.008927465,-9.0651214e-05,-0.053224143,-0.021614887,0.003572965,0.0032596812,-0.1261001,-0.04583431,0.023810387,0.013658354,0.017442284,-0.022445008,-0.0005818787,-0.00992353,0.010353661,0.043898772,-0.0048256274,0.0005392578,-0.022066902,0.002847571,0.0092889285,-0.012205063,0.02742175,0.07124988,0.009445759,-0.023073308,-0.05314659,0.04581971,102,251
0.012046176,-0.0045452374,0.04173483,-0.055152953,-0.01839186,0.074432455,0.0104288645,0.01965962,0.0487094,0.017252892,-0.017283836,0.048553675,-0.019161314,-0.04694977,0.07384941,-0.043541335,0.023272987,0.01939948,0.002956095,-0.0071593225,0.017871682,0.07199775,0.082983315,0.012539256,-0.017909206,0.041858345,0.033783525,-0.000800414,0.06964225,0.039310023,0.032705434,-0.050651267,-0.008685406,-0.06771594,0.06369259,0.0028185435,0.029872455,0.08621965,0.009007861,-0.021272898,0.088202424,0.08230306,-0.039136376,-0.0034928583,0.05371771,0.058967575,-0.00024241395,0.04667019,0.020621154,0.003261705,0.059835073,0.02224206,0.031480066,0.06957211,0.046506163,0.010991551,0.06462317,0.0108239725,0.027782561,0.056753434,-0.015809596,-0.03940093,0.04708161,-0.041001827,-0.033501484,-0.0012841895,0.055282254,-0.04336624,-0.10457513,0.050793927,-0.004208401,0.09336256,0.016846238,0.058252506,0.008912793,0.07028677,0.012125837,0.026636226,0.022650339,0.009727303,-0.0068836845,0.004577607,0.06174042,-0.012193831,0.04219473,0.013094097,0.036078192,-0.0026187785,0.005758006,0.037566826,101,252
-0.040996015,0.022768237,0.048424136,-0.028406553,-0.0052500637,0.08742209,-0.016849902,-0.045468926,-0.002185774,-0.019442609,1.7130355e-05,0.011835462,-0.03884597,-0.011305742,0.021044994,-0.00069894176,0.009717578,0.028140215,-0.01889554,-0.042913843,0.027212845,0.029548753,-0.022205232,-0.023154506,0.045586504,-0.02077162,0.0010337569,0.050915774,0.076491006,0.032844365,0.053876102,-0.006953776,0.0026260149,0.0007732115,0.069680005,-0.04440743,0.085669085,0.020534541,0.022891184,0.029610408,0.019947784,0.02331033,-0.016376045,-0.004089035,0.026004095,0.010568615,-0.026890224,0.071265474,0.010310004,-0.04274208,0.0743726,-0.0143077765,-0.047520474,0.013703693,0.0014188634,-0.025142256,0.10997452,0.03776845,0.019905396,-0.012917761,-0.004305713,0.029873453,-0.0059565036,-0.026255444,0.030915048,-0.05582394,-0.10321754,-0.05655518,0.019581582,0.04473789,-0.060889184,-0.012908755,-0.017476937,0.048537236,-0.037383575,0.02334192,0.08122525,0.037023164,-0.026165564,0.014857776,0.063527994,0.04266686,0.09818313,0.04398326,0.028518844,0.019665036,-0.020602647,-0.069892935,0.072814174,0.03163398,111,253
-0.011672799,0.027073113,0.02759845,-0.048264515,0.00018200092,0.0019232891,-0.0054983925,0.06662096,0.043486238,-0.0104472935,-0.07536118,-0.017220223,-0.028671492,0.00094766915,-0.01495059,-0.021605823,0.01780795,0.00092351064,-0.019178893,0.071034655,0.00013333326,0.029418273,0.049597025,0.05118028,0.064156234,0.06443253,-0.043006565,-0.00057262834,0.023146072,0.055364247,0.018195117,-0.055978507,0.020265408,0.028462853,0.09076534,-0.013538502,0.05029,0.013986639,0.04866594,-0.014944326,0.063760474,0.068422064,-0.083501294,0.027830435,0.005108932,0.060457047,-0.013180738,-0.0030346476,-0.0321946,0.06456555,0.052053433,-0.01341171,-0.0067852167,0.040013693,-0.0024070516,-0.02920601,0.03413338,0.008917466,-0.0001594834,-0.04944631,0.051371485,0.041788332,-0.00922406,-0.0048803682,-0.022281913,-0.061380133,0.0141401915,0.0042979512,-0.041496936,0.0062933234,0.040138427,0.014072475,0.0321278,-0.017269798,-0.04513571,0.017623533,0.06420283,0.044880908,-0.016420238,-0.00042141322,0.040800538,0.0030988138,0.020813707,0.02317268,0.067440815,0.087574154,0.005552748,0.002242982,0.0005162149,0.02040011,105,254
-0.05672855,0.033981547,-0.024793014,-0.011417236,-0.0069575496,0.046786234,-0.008759862,-0.008224677,0.051532693,-0.016469862,-0.014738966,-0.040759105,-0.010306096,-0.080828786,-0.0014854384,-0.048906505,0.00849536,0.012617879,-0.02112709,-0.00017849403,0.01910604,0.012207683,0.006514374,-0.047082253,0.045282252,0.023439176,-0.012116257,0.0060918583,-0.049026966,0.030803364,0.0040581096,0.003409721,-0.06065555,0.049249902,0.022956189,-0.09767403,-0.007056784,-0.0673008,0.028950544,-0.04065565,0.07916209,-0.009741589,0.0056855716,-0.008601092,-0.029301679,0.02696106,-0.007393155,-0.049572498,0.046394944,0.063153796,0.011423405,-0.010888344,0.0013122475,0.09047615,0.012757422,-0.023580702,0.06559668,-0.057111926,0.019903794,0.043441586,-0.027635539,-0.013121303,0.055915244,-0.039591216,-0.050632603,-0.032549128,0.02945346,-0.02373513,-0.025733974,0.014882345,0.075906575,-0.016099427,0.08710761,-0.01810541,-0.011616375,-0.020705786,0.017228762,0.06717029,0.0043191332,-0.0018036213,0.040560834,-0.031871457,0.005732186,-0.051293388,-0.005703032,0.00957651,0.025950555,-0.02586652,0.031698324,0.022940274,113,255
-0.026710216,0.00573215,0.042493977,-0.057216365,0.015536631,0.05269721,-0.0305343,-0.044164613,0.014399743,-0.0012153229,-0.00790252,0.005399982,-0.028139178,-0.05978439,0.016075648,0.00093127973,0.07957599,0.04169692,-0.02152012,0.03146227,0.016641121,0.00455983,-0.03961873,-0.042685516,-0.0060834847,0.002229562,-0.009586858,0.063282624,0.028424172,-0.014111817,-0.053381503,-0.03604597,-0.032371175,0.0477616,0.031852864,-0.0015517976,0.052377395,0.045710966,0.009652549,-0.018719552,0.07100332,0.093599804,-0.014655855,-0.045518994,0.052586097,0.07624175,-0.08131337,0.03192295,0.02693215,0.012963344,0.06730478,-0.02915928,-0.010118564,-0.023953011,-0.047568884,-0.0044349516,0.11162592,-0.049368035,0.01828935,-0.021463685,0.003003873,0.019363234,0.025348157,0.018054346,0.026258131,-0.07661699,-0.04392941,0.018583473,-0.034330916,0.019282196,-0.026925832,-0.013076694,0.01035133,0.047702152,0.029326135,-0.07214636,0.039315812,-0.0094375275,-0.017883606,0.0014919536,0.010786368,0.056254923,-0.0056102555,-0.008246348,0.012053238,0.037384197,0.02796271,0.043191087,0.016715264,0.02120555,100,256
-0.008433281,0.021740321,-0.012350243,-0.03746552,-0.02209901,0.024418183,0.07261408,0.03020686,-0.040356696,-0.011981083,0.04931476,0.03392552,-0.026239589,-0.09519139,0.04661943,0.024855461,-0.0032151667,-0.0046217814,0.0013285781,-0.024003524,-0.055373356,0.031330302,0.039526276,-0.049730234,0.03817082,0.032450013,-0.049843654,0.041402113,0.03692434,2.2079796e-05,-0.06718902,-0.016319785,-0.040600486,-0.006186657,-0.0171322,-0.0527859,0.0021334477,-0.007342808,0.06343255,-0.017716771,0.045685943,0.020530377,0.011556137,-0.023266017,-0.024046646,0.06227867,-0.013254998,0.019211752,-0.032103907,-0.050049283,0.1117357,0.01053212,-0.008107925,-0.022832988,0.0023070127,-0.069381356,0.1139096,-0.025224157,-0.015677541,0.0035390817,-0.016152326,0.003955515,0.08942786,0.007005206,-0.06395365,-0.07260801,0.07369099,-0.020424588,-0.081320524,0.01702584,0.036467813,-0.02454193,0.0075726192,-0.025635436,-0.03434573,0.02885798,-0.017473841,0.079242826,-0.051103763,-0.017580798,-0.0065063694,-0.066468924,0.010334801,-0.013088651,0.06243153,0.0784555,-0.018528149,0.0074051693,-0.0019031246,0.036725923,106,257
-0.0059388927,0.00028387737,0.06963054,0.003967747,-0.0071492326,0.062765904,-0.024644328,0.011613655,-0.029483886,-9.0126414e-05,0.045966566,-0.03520066,-0.06282188,-0.10217021,0.07542601,0.06496059,0.007353163,-0.006426975,-0.0028930884,0.029812638,0.040166117,0.122090295,0.014475517,-0.018790144,0.0705555,0.04861209,0.019906987,0.10227268,-0.0074064415,0.0058866544,-0.035545714,-0.0030690003,0.0052065887,0.007869691,0.09149295,0.021656303,0.055995554,-0.047651943,0.0059426147,-0.008942284,0.015232414,0.03303589,0.013644125,0.022107236,0.032155566,0.05793214,-0.021425728,-0.019015802,-0.018412702,-0.011738987,0.09654993,0.01092593,-0.034873918,0.035753682,0.010170158,-0.06598565,0.02982838,0.0028862804,0.07307157,0.020309333,-0.040708493,-0.013958367,0.05091945,0.011455471,-0.022285009,-0.05284237,0.022253498,-0.03358746,-0.029579379,0.024450159,-0.00059386156,-0.011025753,0.01753793,-0.0051841997,-0.014912659,-0.010057144,0.007929952,0.01356289,-0.021209009,-0.02464999,-0.047428526,-0.010603765,0.036030207,0.0016185567,0.04139328,0.016953569,0.04694627,0.04902058,-0.00078142155,0.069326825,111,258
-0.05645029,-0.020735381,0.030005815,-0.04797347,0.042711522,0.07586161,-0.004916386,0.01132065,-0.0016893717,-0.039406665,-0.018746944,-0.014123892,8.7602064e-05,-0.0490262,-0.019579206,-0.014902535,0.01540743,0.029468495,-0.03248072,-0.01836064,-0.031876266,0.09013896,0.026268654,-0.035786875,0.049999204,-0.004853796,-0.005301301,0.001367281,-0.019087536,0.055387933,0.05119151,-0.038588993,0.036026746,-0.062405374,0.050242014,-0.055505928,0.059131734,0.0068296026,0.0065393737,-0.03232962,0.019590557,0.10278492,-0.008414881,-0.040968508,0.012961419,0.067403734,-0.0010033142,0.07680585,-0.0062657036,-0.015386995,0.07443456,-0.017260397,-0.008718798,0.004886318,0.047856957,-0.05904352,0.05825648,0.0025584549,-0.025320798,0.07109941,-0.006435808,0.02313173,-0.002328163,0.0026447014,0.021153329,0.008134052,0.07573667,-0.04373841,-0.09691896,0.03228096,0.027795408,0.02565227,0.014120157,0.0061898287,-0.0006791763,0.01830946,-0.01981696,0.043075025,0.0037071928,0.022072202,-0.060588352,-0.046770547,0.053045765,0.04625409,0.08712769,0.039137706,-0.008930668,-0.036772236,-0.020510077,0.037412025,112,259
-0.0074408646,-0.038458772,0.039059434,-0.011230396,-0.007664444,0.027989637,0.016100299,-0.010406285,0.030171027,-0.0025138604,0.05091546,0.015679097,-0.010102296,-0.06746486,-0.0005870755,-0.009212346,0.0028786026,0.059644148,0.013855255,-0.032307092,0.0008790395,0.027751748,0.07615096,-0.010839729,0.07427162,0.045798894,-0.0066659907,0.009069222,0.029140387,0.03339632,0.069259234,0.023073193,-0.07159587,0.018039467,0.032273896,0.05670669,0.014354829,0.027311835,-0.04187806,-0.038236,0.07236793,-0.03415433,-0.036531854,0.06816012,0.007821618,0.058104143,0.04449062,0.032701775,0.015114279,-0.008650924,0.03654383,-0.0076801297,0.0039953417,0.046817146,0.036929004,-0.07720413,0.058472417,-0.009696616,0.07292323,-0.0016414747,-0.021570481,0.018696664,0.05611513,0.031938646,0.06520574,0.017551634,-0.026682772,-0.046405833,0.0352497,0.0756096,0.017252536,-0.023851689,-0.009451611,0.03482536,0.027523927,0.08395761,-0.010865489,0.020278385,0.0055160187,-0.055973414,0.01312407,0.0037852805,-0.015772384,0.092128605,0.045136496,0.046816997,0.035100944,0.028983992,0.014971278,-0.046681926,104,260
-0.03575757,0.0013277554,0.0022059903,-0.02506772,0.021178577,0.05701299,-0.03957915,-0.0022962335,0.017851269,-0.092854664,-0.024546003,0.034695785,-0.010144958,-0.044355307,0.013084755,0.021410398,-0.018241707,-0.025228037,0.049946137,0.025677174,-0.011791926,0.08624993,-0.0067077335,0.0025489293,0.067833215,0.03628218,-0.027285237,-0.09937327,-0.07803893,0.05408088,0.09793223,-0.044886712,-0.034134008,-0.0035635098,0.074030995,0.007140224,0.030267503,0.05752799,0.024482105,0.02277226,0.123634756,0.031228105,-0.0061119813,0.026793428,0.038579896,0.053583074,0.024775226,0.03532167,0.01668385,-0.06866633,0.015645355,-0.015169725,-0.015328164,-0.03183142,-0.03719328,-0.04811936,0.05812702,-0.06717196,0.03961972,-0.030269548,-0.036174428,-0.011621779,0.05954615,-0.023995468,0.038777407,-0.061848015,0.08614224,0.007954504,-0.005794961,-0.003988292,-0.006733855,0.055896107,0.03731084,0.06427665,-0.045257833,-0.07507182,0.0041170157,0.05779982,0.01166028,-0.0037311749,0.020535003,0.06924535,0.007595935,0.015842188,0.031226236,0.050583906,0.01961882,-0.0036676154,0.03877466,0.07255611,104,261
-0.0017791837,-0.03196148,0.06323437,0.010408595,0.010510886,0.013163943,-0.007440513,0.005403113,-0.022795783,0.047561757,-0.017687207,0.0071956636,-0.03758391,-0.034160364,0.017674841,-0.017860012,0.08011988,-0.035171606,-0.035088036,-0.004978992,0.048815757,-0.0030050576,-0.00017048232,0.041270442,-0.017882325,0.011237254,0.0010776026,0.0019295043,-0.027511159,0.056467693,0.053374056,-0.06157095,-0.03465534,0.01577693,0.052114855,0.024766684,0.09846104,0.005871387,0.07479282,-0.002575249,0.054553255,0.0043364037,-0.06250392,-0.022503443,0.00049607456,0.11809574,-0.041407537,0.026525855,0.0053573153,-0.019301029,0.10382968,0.035675995,0.033229813,0.013384264,-0.044934884,0.0058581643,0.09414377,-0.023367135,0.05288591,0.074327886,-0.037846573,-0.016561309,0.024111565,-0.02849885,-0.038004123,-0.05575283,0.012216967,-0.05073998,0.032440204,0.0016297763,0.025572697,0.049288224,-0.01144431,0.013699616,-0.045675084,0.0077076955,0.019527558,0.047695667,-0.07727277,0.03606527,0.034731023,0.062418915,0.017000291,-0.020462617,0.038108498,0.047373436,-0.013326373,0.04624927,-0.00247365,0.033424202,110,262
0.016026769,0.008346398,0.05913249,-0.029686315,-0.0018644556,0.08379854,0.032225892,-0.025608521,0.012761658,0.037301023,-0.059242904,-0.027404584,-0.019562649,-0.03668167,0.028774664,-0.02566209,0.044467602,0.003812709,-0.057089504,-0.037497472,-0.034281187,0.018403944,0.08844905,-0.099929854,0.03847311,0.0041049533,-0.02416379,-0.096789524,0.054001227,0.05736802,0.022235809,-0.035702303,-0.025404874,0.06925451,0.108898565,0.03404057,0.054728027,0.04830459,0.027163321,0.00808517,0.07476999,0.12661974,0.00028533675,0.040630057,0.049063873,0.029861668,-0.051131792,0.00031264685,0.008674742,-0.028684886,0.04848851,-0.0017725313,0.02444221,0.021135202,0.024824105,-0.0644342,0.08883653,-0.039132588,0.058026507,-0.015928853,-0.055364557,0.02107714,0.053149167,0.020561779,-0.027658109,-0.056776367,-0.04546628,-0.024674669,0.020390559,-0.009794969,0.0495631,-0.03725954,0.020453896,0.009467973,-0.038578007,0.015910113,0.021947017,0.037985615,-0.09048875,0.0015501291,0.01591839,-0.030686814,0.04601673,-0.019036943,0.01377693,-0.006505193,0.028016724,-0.02643247,-0.011694663,0.029520176,111,263
-0.054866835,-0.005335387,0.00578773,-0.0628272,0.024019023,0.022751495,0.0003031185,0.034099545,0.0001299523,0.032947533,-0.012646696,0.064131156,0.02242538,-0.042030174,-0.04024554,0.01906746,-0.08818142,-0.023353497,-0.01578128,-0.02572402,-0.020660581,-0.015511975,0.03835319,-0.049857184,0.06096032,0.010839004,-0.055514745,0.059842113,0.0615848,0.013074229,0.04698558,-0.017840495,-0.031431414,-0.019269852,0.08709522,0.025016934,0.07891404,0.030616645,0.043297812,-0.03334982,0.050539605,-0.0021744967,-0.0368408,-0.0041401535,0.023030536,0.09814803,0.02058802,-0.005038632,0.02707977,-0.01683269,0.12260963,-0.03684482,0.018818162,0.0016350411,0.0248803,-0.061718456,0.10594451,-0.03078844,0.025701217,0.03983013,-0.016622435,0.009553782,0.033845685,-0.020455977,-0.030256009,-0.014366662,0.01675872,-0.035205323,-0.12491988,0.008563403,-0.027460504,0.0031120628,-0.010518359,0.027356006,0.012384372,0.024801966,0.038674727,0.07722197,-0.015786687,-0.008209657,-0.018835869,0.07587136,0.045355305,0.02908605,0.026175436,0.055242624,0.06078437,0.036732715,-0.038861386,0.059505742,114,264
0.014498836,-0.0076002013,0.03121092,-0.06767994,-0.011089591,0.082247645,0.0050336253,-0.042808335,-0.023597326,-0.045148794,0.043097414,-0.03191793,0.004825538,-0.021628896,0.018349748,-0.049985252,-0.011352591,0.053011708,-0.0074410923,-0.038055852,-0.010463843,-0.004332999,-0.00479131,-0.019829327,-0.023746703,0.0058253948,-0.03860163,-0.036630522,0.07076599,0.0566988,0.020221783,-0.01187378,-0.027290754,0.014728168,-0.0060842484,0.050869793,0.00969553,0.020442178,0.002030613,0.02046403,0.09184206,0.037886918,0.022282101,0.043680664,0.011252504,0.044989347,-0.0073991753,0.03509056,0.03948786,0.016844809,0.03844411,0.01352926,-0.025044246,-0.003044987,0.0044017937,0.059576374,0.05806903,-0.046424486,0.056868,0.009286398,-0.03550963,0.010464297,-0.009235778,-0.05799226,-0.0030489923,-0.024778403,-0.011899415,0.021163102,-0.046336994,-0.03696856,0.0023427512,-0.05984135,0.057265587,0.040516958,0.044893496,0.005405843,-0.051758952,0.018354693,-0.005031104,0.019145021,0.03511221,0.032124333,0.04189906,-0.048401102,0.054039955,0.06262131,0.03533411,-0.053340286,0.008632457,0.0147168115,107,265
0.018288407,0.05246602,-0.022283897,-0.087822,0.052249268,0.032605197,0.0029706485,-0.057796467,0.021064322,-0.0011510886,-0.006911449,-0.071899325,-0.088871345,-0.01651409,0.061060905,0.03990671,0.07115852,0.00095445476,0.045271434,-0.025991969,-0.09304779,0.07090931,0.004385512,0.015547141,0.0040528085,0.057722412,-0.022391465,-0.02022399,0.02215749,0.01533166,-0.011223445,-0.07719609,-0.053676188,0.06785288,0.06551012,-0.046344377,0.007109713,-0.05661546,-0.017681796,0.036178276,0.02783165,0.09412749,-0.081386685,0.033901095,0.044747133,0.052009363,0.013135066,0.04827004,-0.05593805,0.008586771,0.07807986,-0.028656397,0.04936373,0.0904478,0.008176412,0.0002902653,0.08435861,-0.12027569,0.021080745,0.029069182,-0.09134517,-0.0129049085,-0.0030991202,0.06418308,-0.068214655,0.004337117,0.0886085,-0.036773913,-0.0272735,-0.01510389,0.032909535,-0.04084849,0.023671743,0.053407088,-0.041347317,0.004618218,0.039452225,0.07007323,0.014901182,-0.024887467,0.052194312,-0.016490739,-0.008743526,0.00020583626,0.019889303,0.04919652,0.043523513,-0.037982896,0.04526514,0.04156435,100,266
-0.028862994,-0.016811956,0.05061442,-0.05767102,0.03571543,0.07337907,0.029763352,0.0013720912,0.010166256,-0.040649943,0.059230097,-0.0005740187,-0.08741519,-0.029252535,-0.015300552,-0.014790965,0.017198207,0.06121716,-0.001712908,0.037037205,0.05199866,0.0063009,0.012804498,0.034011364,0.05904276,-0.026968228,-0.025708288,0.036540356,0.003534522,0.010761213,0.028833823,-0.054898836,-0.07739286,-0.006559075,-0.0021597669,0.050349455,-0.044305295,0.061074242,0.0024049152,-0.06413691,0.033895355,0.005524222,-0.011846339,0.062522784,0.06713384,-0.004773155,0.03231045,0.024380106,-0.05109247,0.001879774,0.032088608,0.0017194413,0.030467471,-0.005788237,-0.0067281574,-0.10938567,0.12817325,-0.019750752,0.033297513,-0.011522796,-0.077209614,-0.0617668,0.027070103,-0.0071965484,0.026736759,-0.03604809,0.0668183,6.5822154e-05,-0.09931792,0.019329924,0.071320415,0.013490408,0.02985295,-0.035484005,-0.025462406,-0.03026075,-0.0063109268,0.042459566,-0.011398671,-0.012433678,0.027406234,0.02312414,0.013375212,-0.008805849,0.036219344,0.037562083,0.05114674,-0.038915187,0.036982376,0.036741942,109,267
-0.07060193,-0.01199092,0.07846095,-0.06912425,0.016291156,0.023640541,0.0027187532,-0.0043236623,0.0014962698,-0.035636034,0.016364042,0.027403826,0.011670161,-0.0757166,0.02922754,-0.028264139,0.06232761,0.060500167,0.04967177,-0.021324255,-0.015871136,0.06197528,0.033581562,0.019985918,0.07588105,-0.015892284,-0.044673562,-0.029123932,-0.035581328,0.025681859,-0.0053267106,-0.036388684,-0.026458943,0.0292268,0.058644697,-0.10168379,0.013932381,0.06734593,0.096836284,0.005412956,0.036606964,0.030647658,-0.059590448,-0.028694395,-0.005576765,0.033451892,0.010870535,-0.0016113371,0.036202885,-0.006311182,0.039386466,-0.006719439,-0.017781252,0.024730694,0.05284343,0.0013252012,0.08192038,0.0119108595,0.015693577,0.037671868,-0.086344846,-0.010175578,-0.013910276,0.028894158,0.011938227,-0.046222296,0.010338786,-0.03834466,0.011170283,0.007031236,0.005447259,0.0862346,0.05398677,-0.03636161,0.0045892186,-0.017951552,0.07149152,0.0050706156,-0.03056326,0.012732541,0.004737883,0.022363948,-0.006346604,-0.004734734,0.052820005,0.028708378,0.04880102,0.02755797,-0.055152487,0.055161957,105,268
-0.0139526725,0.013784765,0.07081969,-0.040135298,0.045786634,0.09086715,0.031782918,0.029239569,0.054265916,0.030817386,-0.036435828,-0.0146761425,-0.0023537353,-0.02632291,0.05600959,-0.017497629,0.006815793,-0.0034177247,-0.0028504939,-0.039658282,0.023432799,0.040821444,0.041380048,-0.055574827,0.060470514,-0.010369882,-0.020160154,-0.02086372,0.12539475,0.035997428,-0.01847483,-0.03587561,-0.03676545,-0.03022486,-0.01979269,-0.014356398,0.027341202,-0.019062772,0.049781427,0.010562728,0.07961738,0.040102288,-0.015474294,0.021558592,0.03631312,0.043248978,0.024610374,0.009934559,-0.06405802,0.019631002,0.07747792,0.011095259,-0.0059619043,0.00039705634,-0.03162311,0.010475758,0.08350244,-0.086332865,0.003766721,0.023473572,0.0010534953,0.04765742,0.050037522,0.0012261677,-0.050602756,-0.019319883,0.053375036,0.013640881,0.006080115,0.017801031,-0.018022597,-0.018782863,0.006280207,-0.026176155,0.0107203415,0.07868014,0.02483391,0.053362697,0.033053823,-0.008308204,0.015029874,0.023851467,0.028760564,0.028093448,0.019145424,-0.001538625,0.0845525,0.0708934,0.013894007,0.022692746,114,269
0.008026215,0.063276805,0.07536395,-0.01804629,0.039025433,0.0012937486,0.030826254,-0.04364465,-0.02718181,0.025700886,0.026505103,-0.009733342,-0.04375626,-0.026284352,-0.026790097,-0.03528713,0.028566917,-0.004808912,-0.021858867,-0.055313427,-0.038107097,0.054926943,-0.022029405,-0.0070575643,0.03496432,0.06961171,-0.015888274,-0.03373168,0.051190898,-0.031450614,0.045519598,0.0012474582,-0.022980984,0.0808875,0.05062068,-0.018508751,0.061007917,0.0596966,0.0355967,0.0041764136,0.117198445,0.058147952,-0.09647094,0.019721545,0.01963928,0.021889327,0.020560028,-0.051937535,-0.03106161,0.017028823,0.11068641,0.021410596,0.014150929,0.010015443,0.024346696,-0.105798125,0.07598295,-0.04116955,0.043618955,-0.011382332,0.022689128,-0.010098897,-0.016198471,0.0799447,8.828845e-05,-0.02055202,0.039667733,-0.09112935,-0.05020462,0.036073826,0.055007726,0.013629472,0.033223767,0.0380525,0.031216415,-0.049733404,-0.036818504,0.009845024,-0.07069502,0.0075984863,0.0021930179,0.048643827,0.061549,-0.016169023,0.00034564734,0.032816693,0.083010405,-0.049209382,0.024674546,0.02507828,113,270
-0.013994696,0.033368453,0.090194225,0.02907455,0.012527553,0.019444564,0.02294116,-0.012440802,-0.009445835,0.016491225,-0.021649346,0.03361524,-0.039068557,-0.1114693,0.035302155,-0.02876886,0.008424215,0.058271118,0.019292418,0.028560404,-0.004952574,0.03274035,0.0002890993,-0.05341442,0.028474594,0.014452664,-0.032665625,-0.014361934,0.03094763,0.021273866,0.032890208,-0.018716905,-0.04386101,0.06275074,0.032885097,-0.025332525,0.01465209,-0.00037250482,0.08411087,-0.004549223,0.15002131,0.028484153,0.017922435,0.04214479,0.047989994,0.10847728,0.023128804,0.036290105,-0.005244331,-0.054069366,0.07318437,0.010772066,0.06345992,-0.0019853618,0.020257384,0.049109306,0.049604706,-0.07317181,0.0075402595,0.06844723,-0.037059203,0.041943137,0.009235666,-0.0083841095,0.026789445,-0.033481114,-0.054153558,-0.021129524,-0.047506347,0.047178682,0.05785218,0.032745216,0.031787474,-0.031446837,-0.04074245,0.01566992,0.0021512285,0.044599332,-0.061374728,-0.022920279,0.018865058,0.02725291,-0.02512514,-0.012326332,0.08186734,0.053849414,0.03700769,-0.05586417,0.120343946,0.09803207,112,271
-0.03797212,0.026515458,0.0294045,-0.06550899,-0.04003101,0.10380234,0.03870214,0.013129411,-0.022931574,-0.023087282,0.02831685,-0.05263767,-0.008596702,-0.0601982,0.015301667,0.0016533951,0.001762419,0.052515283,0.05120819,0.07094208,8.729566e-05,0.045793325,0.04446554,-0.034961168,0.10641296,-0.00024000183,0.06537411,0.018921055,0.01584223,0.05036719,0.0073782075,-0.061698694,-0.08843678,8.816281e-05,0.028779661,-0.004017368,0.050085478,0.010070538,0.018565537,-0.008735526,0.042698067,-0.06135953,-0.0047480874,0.039023597,0.057140775,0.03426891,0.0596245,-0.02529675,0.0012780123,-0.04198567,0.04937684,-0.028743893,0.037960526,-0.033324488,0.008059304,-0.014378237,0.06485122,-0.100265905,0.048736304,0.0036715306,0.00036162138,-0.012788959,0.019591223,0.027831469,-0.06458804,-0.0970273,-0.017654438,-0.0063895173,0.018929113,0.0023626075,0.059653483,0.020112187,0.008045862,0.008364014,-0.0009808345,-0.058140997,0.026989097,0.0071057025,-0.001141944,0.05511072,0.01874234,0.056727186,0.07927632,0.00011496432,0.029974781,-0.013476362,0.029677728,0.036135565,-0.014667333,0.010099184,109,272
-0.0052832956,0.021954447,0.0788648,-0.068051785,0.017511344,0.006490711,-0.05321887,0.011964423,0.030570298,-0.0080203125,0.0077423574,0.0035110028,-0.059696887,-0.030572463,-0.046024688,0.021244038,-0.041984312,0.01969912,-0.011862054,0.034622442,-0.005096549,0.04417298,-0.008382337,-0.08029798,0.01002067,0.010294002,-0.012292731,0.02942922,-0.020618582,-0.045147505,0.014293712,-0.010998515,-0.03572432,0.03616838,0.035875075,0.0014463458,0.078016475,-0.01106168,0.008543332,0.026639134,0.05248861,0.05874456,0.016496323,0.023502376,0.052561462,-0.004290279,-0.013921408,0.017962135,0.015570674,0.025504906,0.10926318,0.0093490975,-0.016670378,0.07169424,0.061493002,-0.01942841,0.030635316,-0.04542541,-0.008535776,0.045340445,-0.048074663,0.017549882,0.021929033,0.02381853,-0.021834195,-0.036982942,-0.0011417586,0.0050705075,-0.06212125,0.00862639,-0.0025113784,0.04036867,-0.029413901,0.03169321,-0.048800036,0.0032404186,0.028200042,0.0756415,-0.0071737245,0.0025971062,-0.024753034,0.010758076,-0.028911976,-0.01861722,0.05399672,0.04848744,0.030450646,0.063050084,-0.01422009,0.030801898,102,273
0.059703954,0.03171147,0.07272374,-0.05465076,0.015820168,0.03502617,0.045161657,0.043490287,-0.032402568,0.028817147,-0.10127409,0.015477869,0.00958658,-0.051894397,0.05260909,-0.00030071754,0.02718451,-0.01668082,-0.00083055155,-0.028588891,0.027742267,0.04338929,-0.0030876081,-0.015738098,0.06377177,0.03322135,0.032426924,-0.0048599066,0.08424833,0.016652526,0.031512182,-0.03164622,-0.015794538,0.029687801,0.05708967,0.0049607228,0.055943336,0.00791423,0.06766984,-0.020279178,0.04136129,-0.0115864575,0.00012725778,0.046930175,0.023696011,0.00022197515,0.018584011,0.050724342,0.018422501,-0.02840623,0.030141827,-0.017785765,-0.025118515,-0.019024206,0.026426658,-0.031641785,0.07332598,-0.06796983,0.05577699,0.0148808425,-0.050196603,0.021912653,0.025452442,-0.022230968,-0.0770563,-0.013813738,0.026619533,-0.036618352,-0.0040550865,0.007944271,-0.019172188,0.028311409,-0.012401512,0.017875135,-0.004293692,0.013501924,0.009341263,-0.00043857284,0.02537727,0.017765822,0.01850091,-0.010094371,0.02216343,-0.012786439,0.010232471,0.04356075,0.023144316,-0.065238036,0.074843235,0.036666356,111,274
-0.024039254,-0.024199707,0.09537694,-0.025398325,0.034042086,0.09117529,0.016901258,-0.011995004,-0.004499169,-0.026395123,0.03935869,-0.02984906,-0.023114676,-0.040707886,0.039703123,-0.013256901,-0.055561572,0.0356391,0.023143295,-0.06409214,0.030972872,-0.0015550051,0.009609286,-0.019576339,0.02868976,0.024831561,-0.00935749,-0.042093754,-0.0023031496,-0.011571471,0.008741328,-0.05389589,0.006123554,0.0865999,-0.0052038655,-0.011170629,0.00598542,0.027937306,0.099380895,0.02837719,-0.00092697516,0.034674443,-0.07355431,0.04531156,0.0008230712,0.12866136,0.01132989,-0.05405721,-0.05302638,-0.0042531993,0.04907865,-0.018539349,-0.020659726,0.09190058,-0.05953828,-0.10118301,0.031813096,-0.0034279432,0.008657381,0.081889585,0.0084124375,0.016948443,-0.02946717,-0.0039579836,0.041869957,-0.06643975,0.039160818,-0.10102077,-0.19248039,0.012509648,0.091611676,0.007865039,-0.014116237,-0.045649286,0.01149837,0.064619675,0.046034403,0.028200597,0.016172197,0.057365607,0.040823292,0.039312366,-0.008198312,0.0245133,0.008707235,0.04367449,0.037500814,-0.0072527146,0.01751066,0.07943333,109,275
-0.035542354,-0.08333456,0.06827539,-0.0294604,0.017597266,0.07247965,-0.0042419825,0.05470123,-0.011429895,0.033164788,0.028497042,-0.011703527,-0.017874148,-0.039134555,0.0043645017,-0.076087944,0.039427098,0.06188535,-0.0070557334,-0.05522676,0.022370752,0.06110319,-0.048483253,-0.10426953,-0.036291916,0.05122982,-0.0064129815,-0.002726755,0.09599877,0.0604694,0.014097501,-0.061017204,-0.01415368,0.095346935,0.106258236,-0.017861258,0.08533801,-0.0024492536,-0.06817594,-0.017411727,0.0682592,-0.033215743,-0.08517608,0.02641182,0.046529032,0.023665566,0.012264218,0.012095483,-0.03316535,-0.04064643,0.11020899,-0.040498663,-0.009151725,0.0721453,0.023756662,-0.02098387,0.06598542,-0.0598411,0.017389363,0.062375095,0.021836216,-0.01445142,0.030566517,-0.021286245,0.061537463,-0.034377176,-0.017498069,-0.059395097,-0.0046158265,-0.024696276,-0.0024739113,0.022827249,0.045396827,0.075106695,0.02724257,0.075913884,0.004101908,-0.039615255,-0.055939697,0.03947783,-0.06354804,0.04149165,0.034198407,-0.022274189,-0.009266095,0.05830317,-0.019059788,0.011879356,-0.03744267,0.06532492,110,276
-0.029366972,0.021756683,0.07190271,-0.008259874,-0.002093533,0.025824102,0.0013239733,0.014308875,0.008512052,-0.045265544,-0.08095381,-0.04809001,0.029093947,-0.08340131,-0.022427447,-0.004500085,0.014647293,0.03397319,0.017365346,-0.03797427,0.049903326,0.06297037,0.04481948,-0.02307642,-0.012357261,0.03854235,-0.014686779,0.007561812,-0.046877384,0.025355982,0.042760618,-0.012483237,-0.032579042,0.02308897,0.13272855,0.019557972,0.044604614,0.047709487,-0.023651458,-0.016487744,0.034729637,-0.036590036,-0.015659846,0.028056419,0.0064807106,0.056104783,0.01900488,0.011826571,-0.009738249,-0.03923726,0.09121887,0.0045990376,-0.05745417,0.06539023,-0.051474813,-0.003968196,0.086498015,-0.066177614,0.047837533,-0.025960416,-0.028391115,-0.005872407,0.057889916,-0.025088513,-0.05080093,-0.00971725,0.046523277,-0.021302938,-0.0418433,-0.015090089,0.037485655,0.052514702,0.021072421,0.069583155,0.0064201513,0.033977836,-0.017390674,0.018347368,0.027491279,-0.007374527,-0.021149073,0.014556662,0.025065675,-0.0018975548,0.043221824,0.03071861,-0.010294996,0.03347087,0.014768282,0.07034135,112,277
0.024165418,0.0139797535,0.02261795,0.0040934794,-0.01974168,0.067968175,0.002934049,-0.0034365035,0.027908303,0.04052148,-0.0005724691,0.04701373,0.0484079,-0.017820125,0.017792728,-0.028494904,-0.020235172,0.0012635384,-0.034878913,0.005679706,-0.039413884,0.017335612,-0.017388256,0.017644122,0.02580082,-0.024470618,0.09850895,-0.014636158,0.03944566,0.023663249,0.080827825,0.01917388,-0.021957438,0.029684938,0.09622412,0.051264055,0.021699602,-0.0286755,-0.022858348,-0.016280558,0.09529337,-0.025685817,-0.02740138,0.017064868,0.0404137,0.07858033,0.026998214,-0.012322929,0.052501693,-0.037003282,0.05069097,-0.019728748,0.047112238,0.049603846,-0.0018614009,0.017692115,0.04217933,-0.019493692,0.042066317,0.018523574,-0.047802866,-0.0061196554,0.022877488,-0.06455762,-0.020264123,-0.013585705,0.04748727,-0.008277534,-0.023908557,-0.025734434,0.0335858,-0.030087147,0.0042656045,-0.0454676,-0.02163556,-0.005937396,-0.011621172,0.03523555,-0.027321724,-0.041651975,0.03478189,-0.06794129,0.053459607,-0.04392226,0.019645916,0.016015332,0.037008014,0.013673493,0.038476788,0.02572593,107,278
0.02697609,-0.016236233,0.009686101,-0.026133435,0.0275072,0.035841823,0.05234868,-0.015868267,0.03712021,0.012642963,0.085999876,0.03405571,-0.03990593,-0.08930905,-0.0144236,-0.00554627,-0.041118152,0.018438289,-0.0022402713,0.002722247,-0.011284109,0.02482063,-0.00047007576,-0.047678787,0.03622918,0.064439446,-0.02062396,-0.08233842,-0.03061735,0.00482752,0.02110191,-0.05190666,-0.08970083,0.017650688,0.09249662,-0.010179563,0.04655108,0.016700147,0.048103724,0.042419285,0.07329107,0.034730334,0.0049408674,0.012360543,0.0024118405,0.026103228,-0.031349212,0.00853895,-0.014248011,-0.026635274,0.039097764,-0.02862746,-0.022513725,0.044620708,-0.053555507,-0.044286706,0.10196534,0.020903733,0.058353927,0.0002734959,-0.018690074,0.0062187444,-0.04838616,-0.006918111,-0.0008503604,-0.07608341,0.019523678,-0.0024672933,0.030803759,-0.010548571,0.031424046,0.0059571397,-0.029822191,0.0055546863,-0.0094057005,0.007845239,-0.030393744,0.09189976,-0.0024638819,-0.008709949,-0.021895349,0.048300233,0.05087574,-0.008571159,0.07738957,0.044999115,0.016394291,-0.052465796,0.006861202,0.051435634,109,279
-0.023787163,0.023087602,0.057681505,0.005638875,0.038520645,0.08582294,-0.021260459,0.010706152,0.016805802,0.014004147,0.0095476955,-0.025872014,-0.024035674,-0.04795081,0.009730886,-0.027976235,-0.003472126,0.0137936175,0.07178016,0.048173316,0.054918922,0.05031585,-0.03560508,-0.07000932,0.042326972,0.043345824,0.03350873,0.064859346,-0.06835476,0.024080511,-0.0006762855,-0.09264323,-0.02501821,-0.012570098,0.004305873,0.012360973,0.07509124,0.035359792,-0.015170123,0.0025242874,0.08474493,0.06493605,-0.059468262,0.01866419,0.0070529133,0.023229191,-0.05331015,0.008003838,-0.0359307,0.0016022758,0.014007643,0.015979817,-0.02894392,-0.025089318,0.06229413,-0.021409832,0.056271322,-0.053300224,0.0096410215,0.04852864,-0.11322052,-0.00940356,-0.024267163,-0.031911206,0.04689333,-0.012428004,0.017996049,-0.025740128,-0.03571931,0.046128,0.009969968,0.0018208558,0.09326367,-0.0022034533,-0.025487099,0.026892569,0.055353522,-0.014276698,0.02285216,0.026552128,0.03541392,-0.0013036486,0.031852484,-0.018731963,0.044257827,0.015444162,0.0354469,0.012772194,0.003248984,0.033703335,100,280
0.024258498,0.018499592,0.079834916,-0.032439943,-0.022848532,0.0063464716,-0.015738118,0.05579948,0.009911809,0.010458285,0.042403217,0.022559525,-0.034930047,-0.027989868,-0.0024079648,0.0009697615,0.04771776,0.031628456,0.02653306,0.0054011084,0.012474437,0.061773337,-0.012736838,-0.019934805,0.03742362,0.069028296,0.014699972,0.020775031,0.014825705,-0.0027012713,-0.012636855,-0.085156545,-0.029893748,-0.004760517,0.089254,-0.0057879803,0.010190761,0.028362148,-0.040027816,0.002735138,0.029576998,0.061311178,-0.010446852,0.06764729,0.01552594,0.0024583265,0.000518651,-0.009413242,-0.034460872,-0.015207152,0.10143949,0.003041462,-0.024713077,0.04364073,0.017090105,-0.028270107,0.099410854,-0.06636952,0.024597272,-0.019286368,0.019677592,0.021385757,0.03266004,-0.020551441,-0.001384641,-0.0021144785,0.0025049336,-0.02768799,-0.026199125,-0.07998848,-0.0025215615,0.016057286,0.009378856,-0.019765675,0.006517372,0.0215654,0.0383495,-0.011033043,0.0049548093,0.0056956396,-0.04112994,0.016447768,0.007094539,0.04226771,0.044956382,0.044148237,-0.010260869,-0.040995836,0.024361435,0.04385838,109,281
-0.004362791,0.0059678564,0.09257291,-0.041928545,0.009418007,0.079447135,-0.023933316,-0.035444774,-0.0054929946,-0.011236491,0.054294605,0.045578416,0.029524952,-0.06870095,-0.03060593,-0.048651222,0.003122433,0.030789167,0.008849578,0.029274434,-0.023079516,0.036105026,-0.02718239,-0.0045243762,0.025729682,0.050372005,-0.014595034,-0.012320536,0.016383374,-0.028897263,0.04307971,-0.019659325,-0.057373486,0.04999604,-0.0131307915,-0.04700507,0.025037764,0.03479641,0.05916681,-0.0026576712,0.08732511,-0.021870684,0.048274443,0.0021051168,0.017659038,0.030027848,0.02699702,0.00881557,-0.0038729785,-0.025413696,0.1423921,0.004201144,0.008148955,-0.052363478,0.005157061,-0.024530299,0.031589236,-0.03272063,0.014470818,-0.02146905,-0.025265247,0.021553032,-0.0036688251,-0.005781778,0.05582693,-0.0061784554,0.00614974,-0.036797736,-0.012913106,0.0074946485,0.0035186484,0.041085906,-0.030602561,0.03697636,-0.058825277,-0.0018879266,0.016165627,-0.063841194,-0.009620488,-0.0064638616,0.04592734,0.0613828,-0.0004660599,0.047605008,0.053149596,-0.010677634,0.0616761,-0.016784918,0.035418198,0.036632005,101,282
-0.0044889674,0.005809432,0.06664207,0.0020337813,-0.04684073,0.014006164,-0.02702286,-0.004541516,0.038452335,-0.024217032,0.036766298,-0.026313353,-0.030825332,-0.06293429,-0.05056368,-0.026518831,0.009536976,0.08299479,0.01410026,-0.0064346986,-0.035968207,0.056914903,-0.009651694,-0.0097198635,0.056442972,0.033230167,-0.008565657,0.022330038,0.05469679,0.01276028,-0.025690772,-0.05022858,-0.067434244,-0.0062120412,-0.015545547,0.04533923,-0.00026665628,0.055654682,0.014490159,-0.022202604,0.057294752,0.024362916,-0.030461585,0.032677144,0.023122536,0.028963534,-0.029248904,-0.013406863,-0.00060060807,-0.036040943,0.061847232,-0.020563163,0.037723355,-0.0014834385,0.028690558,0.027069427,0.022804193,-0.02482856,0.03579269,0.043372627,-0.030941214,0.024531031,0.044630088,-0.033112843,0.0021744012,0.02338228,0.011683145,-0.005256079,-0.030817218,0.03855598,0.08524885,-0.0028911915,0.05195172,0.007488422,-0.005397092,0.008127983,0.039932325,0.00774562,-0.06340437,0.01832218,-0.028172217,0.030727886,-0.05303991,0.020058794,0.03840878,0.030244766,0.019177344,0.020029277,-0.026871324,0.005814597,103,283
-0.017905891,-0.011097353,0.07756792,-0.056120403,0.033930626,0.04029002,-0.06883846,-0.0028138636,-0.030466544,-0.036223922,-0.020857971,0.026535152,-0.057931975,-0.0042419396,-0.08831127,0.048156526,0.017811514,0.054607935,0.013357183,-0.025498468,0.026489453,0.043139223,-0.051679507,-0.045172516,0.054483637,-0.06290514,-0.024824709,0.07906005,0.08790665,0.06880644,-0.018970117,0.00050703436,-0.019634629,-0.0022757868,0.020117234,-0.026771361,0.018570106,0.09538542,-0.019186046,0.055522572,0.08678773,0.0682694,-0.05776943,0.0058666896,0.08579079,0.08924161,-0.025799317,-0.015133176,0.0017959094,0.0095334845,0.04241261,-0.014755569,-0.022370556,-0.03666333,-0.016710274,-0.01091305,0.04716276,-0.040747873,0.034220308,0.06706441,-0.022907961,0.006296817,0.0027324138,-0.0079209,-0.010069469,-0.049412325,0.0021522995,0.024286695,-0.010457338,-0.02822062,0.0024763383,0.0035058209,-0.0021553747,0.010483545,-0.03560207,0.0074263765,0.01344764,0.04560417,-0.010084488,-0.0013127858,0.010581663,-0.03498806,0.0019667316,0.012004496,-0.0014689937,0.03872444,0.011520356,-0.024396945,-0.06097302,0.069976866,106,284
-0.060689397,-0.008674039,0.02214725,-0.06997016,0.0019264901,0.05918459,0.014993515,-0.03163912,0.0076739457,0.011124775,-0.044584762,0.042864628,0.03943685,-0.068367794,-0.036137503,0.002378624,0.0369753,0.07081453,0.0013000844,0.06622651,-0.014852002,0.004749665,0.039602607,-0.023637952,0.009665959,0.05673191,0.0044078445,0.03385469,0.06434532,-0.021517899,0.046827465,0.007443454,-0.036625482,0.012630129,0.030787613,-0.079063915,0.037248008,0.02520426,0.05370703,0.014474866,0.032153368,-0.029603545,-0.032874074,0.06806768,0.039661232,0.008542679,0.007559129,-0.032918595,-0.012012394,0.006565761,0.062852405,-0.00023995386,3.486476e-05,0.016221765,-0.021303058,0.0131032765,0.041942224,-0.01907379,-0.014756162,0.013080022,-0.052973576,0.08424318,0.016601223,-0.03800295,-0.0489003,0.006023448,0.020387452,-0.020575777,-0.054104373,-0.004366299,0.023118397,0.024757456,0.0054812357,0.0057984274,-0.019182274,0.028020155,0.056294464,0.016538385,-0.02075104,0.01260476,0.02263572,0.0095028775,0.010631546,0.04848142,0.04341552,0.029368779,-0.0024379753,0.05657205,0.012831335,0.03873344,102,285
-0.063549444,0.006153633,0.033279005,-0.007884938,0.0057388833,0.0750089,-0.011549879,-0.007609834,-0.0015875441,0.010532388,0.06765129,0.0052393647,-0.002166804,-0.01832059,0.04883698,-0.04481735,0.057540312,0.032481536,0.038240068,0.0227784,-0.0055837194,0.043765936,-0.018747987,-0.022346431,0.077549085,-0.012408825,-0.023974583,0.03934282,0.024121106,0.058570728,0.023979481,0.001993388,-0.044460684,0.022873897,-0.0044161007,0.0070693293,0.046942167,0.034132324,-0.009629283,-0.0022206241,0.005718045,0.0631752,-0.049779862,0.001782476,0.040820982,0.054035004,-0.039703622,-0.004974643,-0.015902927,0.022684019,0.025230732,-0.01897226,0.004330555,0.02382447,-0.03542331,-0.040715724,0.050039794,-0.12526198,0.026298553,0.0023836154,-0.09526681,0.040721513,-0.005048436,0.013396218,0.050694387,0.017855722,0.0155214,0.02042555,-0.044329688,0.02577615,0.04148564,-0.014466198,-0.008837661,0.046692967,0.0313323,0.00074080983,0.009726014,-0.048410773,0.018993407,0.04150873,0.029170725,0.030117212,0.055818558,-0.0041234302,0.045324303,0.039761305,0.0435237,0.005759186,0.014609688,0.05461754,100,286
-0.039608233,0.0025857836,0.07184901,-0.06831056,0.046822306,0.016219063,0.06126602,-0.028258149,0.05526229,-0.012258159,-0.0063184015,0.010217234,0.009648209,-0.050049517,-0.081545494,-0.032808542,0.02306816,0.08785638,0.019958276,0.04133105,0.05451283,0.04022087,-0.015859311,-0.010809351,0.053913698,-0.047958538,-0.02629159,0.0017835204,0.0876888,0.010037704,0.06532708,-0.08505452,-0.041927584,-0.039922863,0.013340529,-0.038616043,0.04062525,0.039542556,-0.0049643256,-0.04731801,0.04523055,0.02251667,-0.03161471,0.04624307,0.048866645,0.05142668,-0.027715348,-0.012396913,0.021352204,-0.030217707,0.040390544,0.01817518,-0.039414972,0.016841797,0.0037563844,-0.044550717,0.11414853,-0.026843084,0.002347501,-0.039944682,-0.060525745,-0.029617637,0.08349973,-0.033980116,0.08257562,-0.017183848,0.025610035,0.029461972,0.010236628,-0.028011858,0.07555655,0.01669274,0.018822033,0.034081876,-0.029495968,0.029841322,0.042564087,-0.008310273,0.035554558,0.021651315,0.031034045,-0.015228353,-0.00022521242,-0.007999829,0.03974507,0.057982136,0.040884655,-0.022208236,0.025562909,0.04324131,105,287
-0.0012034164,0.029676389,0.032726236,0.029031016,0.04275185,0.0917739,0.017277092,0.05909978,-0.028052798,-0.016507998,0.04117085,0.027644526,0.00073774345,-0.08349414,0.013767966,-0.025637753,0.048917238,0.05057533,0.05921815,-0.0033045493,0.02970041,0.010081807,0.014095542,-0.034893494,0.051544745,0.012881753,0.0011379663,0.06824396,0.011746277,0.028819717,-0.023243548,-0.025636667,-0.05670322,-0.027740013,0.058052197,-0.011049578,0.06717099,0.059961136,0.005623606,-0.025620889,0.07482126,-0.075677186,-0.009997096,0.10979297,0.013243588,0.05278176,0.01743983,0.031561345,-0.018966785,-0.010824473,-0.0031638592,-0.038183086,0.020293264,0.032403417,0.05189557,-0.033721194,0.030757442,0.020778816,0.004956253,-0.0034228172,0.0035414156,0.004887278,0.051096804,-0.00094684353,0.0060299123,0.016638659,-0.056318518,-0.049372464,0.012613233,0.04962952,0.004651012,0.018112455,0.06356185,0.07471502,-0.021441221,0.042504534,-0.01992338,-0.01640042,0.043542292,-0.024736812,0.00425746,0.01713891,0.0012467857,0.0511854,-0.0040744618,0.049040455,-0.0066120997,0.039831184,0.026694573,0.02576521,104,288
0.0040439693,0.027874319,-0.00029635057,-0.090161756,-0.00021458138,0.088681415,0.046618916,0.03883044,-0.011553638,-0.010970831,0.023175174,0.014028539,-0.028577931,-0.020073872,-0.06771332,-0.008681595,0.022054784,-0.003050262,-0.050604984,-0.02691888,0.01783969,0.1160662,0.0049269553,-0.033301495,0.050872874,-0.005356552,0.01223124,0.09191539,-0.008406708,0.08214493,0.059179693,-0.0042345934,-0.03990511,0.009802351,0.046852358,0.0530539,0.045525763,0.0034759715,0.008585105,-0.067341544,0.05069554,0.027005939,-0.039152972,0.032996915,0.0105317375,-0.010518879,0.010997476,0.07705106,-0.025263356,-0.03597986,0.09325886,-0.036389753,0.034927353,-0.019140428,0.012082925,-0.0141716525,0.025222532,-0.04176165,0.050971955,0.0271319,0.011788135,-0.026525285,0.001973684,-0.022140512,-0.085917935,-0.0015866123,0.003824355,-0.04922003,-0.05223342,-0.010533059,0.019055728,0.002395235,0.039905287,-0.007370893,0.0021292083,0.012626484,0.025987279,-0.008728912,0.007898193,0.0030533774,-0.017757349,0.040535852,0.014884502,0.028881423,0.03106386,0.0064161494,0.02624448,-0.008876904,0.011053938,0.065858014,111,289
-0.014214224,0.016721534,0.03130222,-0.07177572,0.033876326,0.085667446,0.01134891,0.047740404,-0.0045859236,-0.012769359,-0.013227047,0.023131937,-0.017356211,-0.086547665,-0.030482389,0.0050736526,0.0354461,-0.031566642,0.035998195,-0.011620087,0.012516562,0.06646635,0.019290332,0.009117782,0.04636292,0.049918026,0.031888485,-0.028527506,-0.032358684,-0.0031550806,-0.009659408,-0.051431507,-0.041163944,0.015723424,0.08337326,-0.02863583,0.03204512,0.03233014,0.030097507,0.026043564,0.11819011,-0.0054061897,0.01282265,0.025064478,0.043356024,0.0034651496,-0.018755535,-0.030577285,-0.0030245176,0.0119837755,0.037473917,0.030545743,-0.02101824,-0.01843956,-0.0025076088,-0.0069956034,0.096790254,-0.06913001,0.03396406,0.05657434,0.0151958745,0.05582723,-0.025007427,-0.010525171,-0.065606445,-0.033816833,0.01696231,-0.037555344,-0.050174523,-0.0013101608,0.09204574,-0.030394658,0.012463538,0.037808657,-0.010908444,0.06310329,-0.013911119,0.10879031,-0.010890838,0.039746772,0.021553036,0.021573097,-0.017193975,0.0059003597,0.0026454413,-0.0025961772,0.094827354,0.0328013,-0.02222899,-0.03240657,101,290
0.019752454,-0.014959134,0.001903519,-0.058076248,0.03655131,-0.006741926,0.0115636345,0.0143539915,0.020768795,0.040180754,-0.02274819,-0.025081221,-0.0067891087,-0.003921803,-0.0063074958,-0.009165224,0.0707986,0.028016124,0.025515556,0.010768732,0.032668173,-0.010115821,-0.026840566,-0.078385934,-0.0041283146,0.004799515,-0.017553527,0.04217499,0.112977065,-0.06768693,0.039144907,-0.012232166,-0.06669433,7.3729665e-05,0.050628375,-0.053676616,0.02307471,0.03098727,0.04228668,0.04673339,0.12810585,0.0009204671,-0.06680194,-0.0043365676,0.025195785,0.0725788,0.015395604,0.024490897,0.031379044,-0.015013894,0.06531091,-0.023330659,0.014629006,-0.024205541,0.014041397,0.007341817,0.12758704,-0.024679922,-0.062427722,0.017065164,-0.033168133,-0.008079363,0.057374556,-0.076150246,0.010181202,0.02233291,0.040861875,-0.01899011,0.048520334,0.016124606,0.037267525,-0.00799941,-0.02206109,0.014817274,0.017317237,-0.0165802,-0.009042019,0.0029123425,-0.06759232,-0.013883842,-0.070041336,0.04093442,0.06161487,-0.010522777,-0.011003742,0.044922315,0.08237332,-0.05026379,-0.0038776686,-0.015582539,102,291
-0.027228173,0.04143839,0.035893377,-0.04460306,0.030864505,-0.014411237,0.019359697,-0.028397772,-0.022437913,0.0022698855,0.010380331,0.016936127,0.012872994,-0.039716672,0.012966461,-0.058649182,0.016680593,0.057000242,-0.0070743402,-0.011886106,0.012168685,-0.009618107,-0.0019301102,-0.043381717,0.021151407,-0.010172384,-0.02509943,-0.043214884,-0.013018062,0.032834128,-0.04097808,-0.043636575,-0.037093915,-0.008324437,0.101209775,-0.0012770719,0.062644705,-0.012762744,0.032219503,0.001038745,-0.009104326,0.05034536,-0.018542469,0.0017442554,0.039580315,0.04505711,0.015555769,0.03640268,-0.040771633,-0.024567218,0.05596414,0.004216549,0.050466474,0.0037770774,0.008288236,-0.029477611,0.06962739,-0.02424061,0.03631229,0.093471,-0.042186834,0.0074831406,-0.006220869,-0.05075266,-0.026801031,-0.030307097,-0.01403635,-0.0032383632,0.032828014,0.0075266985,0.004836213,0.012157181,-0.049201425,0.0009791069,-0.012625907,-0.051796783,0.048679806,0.00059541874,-0.008480717,0.01833944,0.024755642,-0.00399361,0.033841748,-0.029448507,0.00757639,0.07766527,0.015765795,0.025648426,0.028690659,0.05012158,105,292
-0.026198406,-0.0050624795,0.046099413,-0.028371211,0.008979183,0.092013836,0.0494672,-0.001828648,0.024861224,-0.022719193,-0.018515633,0.02142584,-0.03694652,-0.07447971,-0.05866742,-0.038003862,0.052387252,0.040829204,-0.025407713,0.029519651,-0.034226276,0.028579356,0.026903028,0.0056361146,0.03705269,0.08128734,-0.0064324606,-0.0492712,0.055098522,-0.036869746,0.040622756,-0.030425351,-0.020178102,0.016615175,0.090352826,-0.021263845,0.056910146,0.008562164,0.0160156,-0.053657386,0.16290027,0.026576094,-0.04206568,0.060473774,0.07978176,0.002916742,0.019681077,-0.015404774,-0.027238516,-0.030940052,0.06479415,0.046395928,-0.00088982825,-0.016903425,0.059373774,-0.07577096,0.058145955,-0.0074394755,0.099910386,0.0498842,-0.036352985,0.045088977,-0.030607704,-0.038812045,-0.07696995,-0.03804899,-0.0020855907,-0.04353911,0.002900608,0.011136772,0.0068243295,0.012369595,-0.0066387067,0.00955116,0.016759673,-0.050433803,0.026266692,-0.0006593503,-0.036822386,0.03512308,0.01833316,0.017743822,-0.017873315,0.029437553,0.0637768,0.054796126,0.06493355,-0.009283095,0.03417161,0.062285747,105,293
-0.037293304,-0.01912461,0.04966752,-0.07411648,-0.034686435,0.0009685643,0.0042868415,-0.008036475,-0.021888841,-0.10271325,-0.0105507,0.044499855,-0.01664973,-0.0055624023,-0.12036957,0.015736822,0.11404612,0.08410392,0.028499432,-0.029301807,0.04134903,0.07461873,-0.0011378145,-0.044359256,0.065693125,0.024943205,-0.055336304,0.009822056,0.06464236,0.03600538,0.109878995,-0.024391765,0.009076811,0.05175249,0.018973613,0.010847287,0.0548761,0.040403787,-0.0104212575,-0.015281147,0.051240478,0.000659924,-0.025655722,0.07384535,0.10714932,0.08974655,-0.047632135,0.06121041,-0.009639428,0.018776603,0.0475896,-0.026000546,0.027941797,0.007995537,0.026412198,0.051183555,0.048681177,-0.06587893,0.056479923,0.013496034,-0.0146595165,-0.055099953,-0.053437334,0.0052299057,0.037109576,-0.0641558,-0.020836327,-0.07357208,0.09835612,0.03509336,0.036985107,-0.013885211,0.053861372,-0.0015995558,-0.015574414,-0.065632656,0.044789948,0.062319983,-0.011579704,0.015916375,-0.026115071,0.007846171,0.016045002,-0.03146614,0.07113148,0.06287623,0.012552961,0.0025202127,0.011471918,0.04814094,100,294
-0.027135426,-0.012782592,0.0396868,-0.005905682,-0.015555233,0.01780718,-0.0029938528,-0.0273103,0.01909623,0.024885807,-0.0022491817,-0.01606518,-0.044866804,-0.021921037,-0.009795922,-0.0052834377,0.012277693,-0.00023839995,0.03342319,0.035509806,0.03822508,0.027005265,0.01937175,0.0051534567,0.038292058,0.016826972,-0.01595978,0.047228098,0.03744536,0.07835694,-0.027316047,-0.012933489,-0.060093854,0.0591767,0.031950608,0.036752626,0.013177253,0.02704922,0.0062149605,0.08860325,0.030515762,0.02243743,-0.009136787,0.053408723,0.008410655,0.13911824,0.05766981,0.03167491,-0.03236127,-0.047603004,0.11525304,-0.020377368,0.009298497,0.055097744,-0.016341865,-0.050473265,0.09059338,-0.091974296,0.012558264,0.020406546,0.008246379,0.015180258,-0.00051161554,-0.018280065,-0.019237135,-0.06130666,0.049747996,-0.012877829,-0.061853487,0.054026186,-0.01903224,-0.054742932,0.05446236,0.0068828203,-0.037973057,-0.00827267,0.04961443,0.033468835,0.024306558,0.027871428,-0.013777547,0.049291443,0.052179337,0.0037199715,0.053310238,0.06211368,0.044176858,-0.02881458,-0.011010642,0.061390765,101,295
0.010890964,0.016601127,0.04827089,-0.008538524,0.022385886,0.063370414,0.0058385064,0.026270002,0.038315453,-0.02314861,-0.020671375,-0.001009961,-0.024723116,-0.025122885,0.07367935,0.020330459,0.005531063,0.039608344,-0.012883498,-0.011532334,-0.0063485615,0.04928478,0.016389485,0.0125321075,0.07796806,-0.021611126,0.045603953,-0.020015515,0.026455019,-0.016125817,0.053989112,-0.06761792,-0.041731328,-0.005855192,0.05288785,0.036804203,0.04853034,-0.00307809,0.027982447,0.009996341,0.06417873,0.088668086,0.04441406,0.025005758,-0.040448144,0.024887813,-0.017592166,-0.0081194285,0.009614413,-0.00092973746,0.10647784,0.0049752304,0.0029938375,0.01976423,-0.06644015,0.0017011389,0.074213594,-0.02731411,0.0077296793,-0.024546158,0.005369764,0.021337152,-0.00723641,-0.000121484045,-0.046089604,0.018485319,0.047148947,-0.061961975,0.0365291,0.031272907,-0.01280006,0.06806731,-0.031773843,0.019731143,-0.005175321,0.030090574,0.020288236,0.019536108,0.042001184,-0.017015573,-0.00049426407,0.039849274,-0.04304348,0.041050263,-0.0046861935,0.092791185,0.024113702,-0.017433632,0.018166963,0.059848867,112,296
-0.033639442,0.0068313032,0.043735873,-0.08549088,0.0410088,0.015056504,0.030223237,-0.06883019,0.035689607,-0.025823455,0.030413313,0.01967044,-0.02742753,-0.0076627806,0.060234226,0.019029036,0.0065785646,0.04104999,0.0044062687,0.028249212,-0.017195757,0.02184343,-0.016801978,-0.03833863,0.009223346,0.018601522,-0.05843623,-0.085230365,-0.016073437,0.06803458,0.03389215,-0.019987516,0.0014646798,-0.021035945,0.05624078,0.05318069,0.01887032,-0.010345437,0.035645444,-0.07757933,0.039085172,0.0394236,-0.0043288507,-0.010927688,0.012547057,0.07588945,-0.022582736,0.016726537,0.047370657,0.036129735,0.057808746,0.08684687,0.044020254,0.053311937,0.03874155,0.009844441,0.03839805,-0.050076794,0.012585815,0.045424353,0.015250629,-0.022203755,-0.04300653,-0.049224738,-0.08096799,-0.10619901,-0.04020903,0.005984934,-0.088797696,-0.044475887,0.04263889,-0.014167267,0.0014094189,0.054846596,0.061542872,-0.04267765,-0.0046314783,0.06080941,-0.056831755,0.020272898,-0.012346211,0.057924017,0.025360867,-0.01219934,0.07856782,-0.04150927,0.036230225,0.03512028,-0.028096918,0.053874273,108,297
-0.025885861,0.05323846,-0.027186409,-0.033820927,0.012403916,0.047904246,0.04077061,-0.008741859,0.011225034,-0.079565555,0.02921325,-0.00379554,-0.036480933,-0.04369644,-0.0015722499,0.024245288,0.033290498,0.026146255,0.02883042,-0.038687408,0.02061776,0.06642445,0.057611793,-0.03892689,0.11021377,0.01661632,0.015694637,0.058551624,0.040664844,0.046584915,0.03791161,-0.024656173,-0.014719918,-0.019848472,0.04969553,0.0816273,0.05415193,-0.01682236,0.022051757,-0.04223845,0.06207505,0.0571764,-0.021886807,0.01994069,0.012005436,0.015104946,0.011437885,0.023882978,-0.026460512,-0.0035190014,0.037346594,-0.011821566,-0.015046297,0.0151180765,-0.00509141,-0.077789634,0.08083794,-0.04402124,0.029239492,-0.0085929325,-0.046914436,0.0012957575,0.00091156457,-0.027974585,0.010216944,0.02595405,-0.031802915,-0.026326219,0.05478338,-0.0036566844,0.029438633,-0.030384276,0.004988552,0.003495302,-0.0026135829,0.0086740395,-0.0055846907,0.0372505,0.06622407,0.0015778842,0.006671667,0.018739853,-0.026125485,0.0031758714,0.050145853,-0.008994907,0.073828496,0.0517491,0.03211261,0.082148485,106,298
-0.029005326,0.006426538,0.0907411,-0.03216652,-0.01162082,0.013359778,-0.041187275,0.008033503,0.044667125,-0.053394657,-0.008888569,0.037383057,0.03348151,0.003260076,0.038462967,-0.05494234,0.07440497,0.043220647,0.010962899,0.05290465,0.0037593585,0.025373435,0.09945652,-0.03931797,0.016977018,0.012502977,-0.09077249,0.05145203,0.06286907,-0.022108804,0.03079544,-0.057736635,-0.028064214,0.0035011484,0.11155264,0.025121722,0.08811587,0.047609575,-0.0068740956,-0.013565515,0.12055312,0.025172332,-0.039752513,0.03690835,0.037818752,0.079953946,0.028776187,-0.016337201,0.04228709,-0.023451705,0.07698704,-0.004875847,-0.022752471,0.012513689,0.022466972,-0.030774208,0.047976337,-0.0979052,0.026450755,-0.018554348,-0.07491188,-0.022484604,0.002548094,-0.0616755,-0.0075290552,-0.006662952,-0.03402006,0.016248308,0.06930133,0.031829547,0.05069519,-0.048835855,0.0065319934,0.0027026199,-0.02539356,0.0117346095,0.022030903,0.059258156,0.0134809,0.0068186265,0.04868767,0.007877579,0.01758801,0.0020013163,0.01496932,0.036650915,0.014930015,-0.04832975,0.009978009,-0.0056644306,102,299
-0.0026157098,0.0076175574,0.030142229,-0.07462931,0.054413177,0.020434348,0.035621703,0.013110825,-0.017753255,0.017553521,-0.01692745,0.03262472,-0.010433223,-0.011546729,-0.015447501,0.0022864062,-0.047896996,0.04739685,-0.022964567,0.018162377,0.007904818,0.03522905,0.06344214,0.0013493989,0.02105954,0.05053938,-0.03310271,0.06874156,0.053063005,0.04293614,-0.0059589352,0.008545667,-0.03546362,-0.00046241283,0.072716855,0.062474735,0.06359837,0.03054573,-0.012288392,0.002969359,0.09006362,0.052733913,-0.042682745,0.084044084,0.044072676,0.07800427,-0.036789577,0.012559429,0.021073472,0.013517846,0.08092911,0.03131516,-0.015764695,0.011597139,0.04046292,0.00947082,0.053764902,-0.017510371,0.09168994,0.0058693467,-0.02946781,0.0030020978,0.053497195,-0.00017286651,-0.03428834,-0.08239974,0.07715596,-0.04152883,-0.10486134,-0.012818521,0.010296119,0.007751856,0.03517837,-0.026475381,-0.07012377,-0.016274653,-0.04723546,-0.01848929,-0.018935157,-0.028623668,0.024603058,0.0023483802,-0.04323017,0.039458036,0.03634587,0.015486531,-0.0035054162,0.012396683,-0.021937128,0.054792155,100,300
-0.037214726,0.01719233,0.0037206858,-0.025063388,0.03354483,0.055216283,0.0038301134,-0.003918008,0.011794131,0.017161893,0.0015708809,-0.030017816,-0.016157143,-0.02732411,-0.041687217,-0.04438755,0.026343234,0.05581986,-0.021683164,0.036444265,-0.0012213574,0.032823697,-0.008675061,-0.008684731,-0.00019993074,0.023894092,-0.026024483,-0.06237758,0.038383782,-0.020200409,-0.009676088,-0.011223339,-0.073250785,-0.008725278,0.05270929,-0.057008762,0.021182686,0.037832394,-0.007325962,-0.069677286,-0.0033182204,0.013045117,0.0010151267,0.01730445,0.0036365315,0.0037019998,-0.048576087,0.02333446,-0.05348198,-0.0131777385,0.029833252,0.04213374,0.033385575,0.032028712,-0.019317571,-0.048547998,0.06521261,-0.00795649,-0.014650196,0.039161813,-0.04174514,0.0114270635,0.00924503,0.0289178,-0.021004926,0.007311072,0.0039997958,-0.0036203973,-0.047725543,-0.00027176552,0.06505572,-0.014762007,-0.012594519,0.004603537,-0.044080727,0.011917333,0.0052956687,-0.013945587,-0.060867988,0.017570782,0.03484049,0.055374585,-0.0064767767,-0.021294309,0.03235455,-0.0044035222,0.03382226,0.041891687,0.013430433,0.060791418,107,301
0.0155227035,0.019026663,0.014644079,-0.0115898475,-0.015898244,-0.0015175194,0.013660429,-0.013299814,0.03617788,0.007990321,-0.02765289,-0.00061741937,-0.028675577,-0.05066661,-0.031256605,-0.022033887,-0.003608292,0.046052054,-0.05182771,-0.016198542,0.08481256,-0.016773906,0.04425919,-0.01779484,0.047118947,0.009880247,0.012520309,-0.035227537,-0.028564101,0.027494356,0.019415796,-0.012816759,-0.024570072,-0.04018451,0.04283926,0.031034391,0.015284015,0.04171163,-0.006545378,0.013651846,-0.0017023571,-0.024082925,0.03799612,-0.023708574,-0.017791776,0.14618579,-0.052731384,0.062435687,-0.044320762,0.034507126,0.06578782,-0.05384951,-0.041565984,0.072125174,0.012177839,-0.05648929,0.05108597,0.022046153,0.03425601,0.041480966,-0.06035541,-0.02483306,0.00985754,0.035399836,-0.0104533825,0.0007587243,0.04712727,-0.017509991,-0.014752438,-0.021214621,0.03940779,0.0005506091,-0.030110745,-0.029728413,0.0446389,0.009930009,0.0074499846,0.030885315,-0.027935844,0.04614154,0.016988583,-0.054775063,0.015370395,0.017340362,0.04263721,-0.048372127,-0.014135838,0.020331394,0.003920732,0.045663107,114,302
-0.03690768,0.006194994,-0.014720216,0.018155329,0.008494025,0.055476487,-0.048857875,-0.014613895,0.039740823,0.035962403,-0.018996816,0.0017216967,-0.013848623,-0.056307986,0.058908302,-0.015628848,0.014333444,0.052244533,0.0042948946,0.086241946,0.041493125,0.020188615,-0.031171134,-0.029750837,0.01091573,0.033702716,-0.020717308,0.0093257,-0.028412165,0.05399438,0.0023943335,0.008525081,-0.048474737,-0.004770648,-0.009117402,0.013107131,-0.0061449483,0.05032024,-0.016955402,0.012163625,0.05304242,0.0837623,-0.08007888,0.0239764,0.014603972,0.09070411,0.020376137,-0.031307116,0.03227049,0.009534651,0.108791575,-0.016528264,0.03744323,0.04417134,0.08993317,-0.08776049,0.13234013,-0.07595589,-0.010852672,0.0059266957,-0.007668701,0.03450118,0.025371777,-0.018743122,0.029582758,0.01388628,0.01740007,-0.010671202,-0.04182771,-0.04322106,0.04685934,0.0068810526,0.06886475,-0.017636973,0.014317662,0.035360437,0.035446882,-0.02294407,0.04070666,-0.014229592,0.02778168,0.032730233,0.05980183,-0.023583563,-0.011448814,-0.009534413,0.0069074836,0.0020427909,0.04505134,0.027397579,109,303
-0.053269528,-0.00633676,0.029252104,-0.05739512,0.0031603114,0.03969296,-0.029197056,0.019198127,0.023908164,-0.021073148,-0.002564854,0.025538707,0.026186123,-0.0501877,0.060855523,0.025182236,0.03600192,0.040805664,-0.009173866,-0.038383693,0.009336775,-0.06214489,0.0016742321,-0.0050526997,0.012498824,0.03749471,-0.027310062,0.002508015,0.09278574,-0.04895449,0.0009057,-0.08348508,-0.016850397,0.08135675,0.065785676,0.013905086,0.0550516,0.056614663,-0.009882953,0.00107717,0.034696773,0.022297725,-0.035635915,-0.007375773,-0.003316665,0.09434303,-0.033697978,-0.010074763,0.0013181008,0.025108531,0.044257984,-0.017209614,0.051208757,0.011183195,0.012938698,-0.038397904,0.0014875941,-0.044955514,0.017267974,-0.053130183,-0.076839544,0.030053455,0.02696782,-0.028741937,0.008941637,-0.03711929,0.022314724,0.022756092,0.023939412,0.009619875,0.049159124,0.05027496,0.035224542,0.00092966575,-0.009834871,-0.022651818,0.006677138,0.012294246,-0.012979351,-0.03837298,0.073676854,0.011799786,0.035247337,0.025701294,-0.01729199,0.009195045,0.039530985,0.051413048,0.04286525,-0.018210776,113,304
0.024135862,0.034540527,0.028659433,-0.04483109,-0.013169013,0.08460774,0.034706615,-0.03451282,0.0148923,0.00083075184,-0.03077332,0.019416776,-0.040993847,-0.0072003286,-0.01086184,-0.030024266,0.03809132,0.026015852,0.030422453,-0.025494806,-0.004604447,-0.009206228,-0.018780604,-0.030276872,0.024162393,-0.007881852,-0.04747005,0.05994496,0.08303208,0.007023381,0.0010724571,-0.07731895,-0.026098851,-0.054865245,-0.013615556,-0.005603049,0.03749971,0.02068416,0.061525036,-0.021179294,0.11327428,-0.01791266,0.018469084,-0.017093215,0.046235494,0.020718215,0.013849728,0.0212729,-0.0021776774,0.0043138703,0.026984926,0.0083791325,0.01948112,0.005317947,0.036740534,-0.015726961,0.1028891,0.034799192,0.038105343,-0.023239419,-0.08460875,0.0067364126,0.00056778453,0.027559271,-0.020977972,-0.12494112,0.03438528,0.005316483,-0.04212011,0.0075534703,-0.016361047,-0.06190931,0.046894312,0.034073185,-0.07971387,-0.062895454,0.011618666,0.087632075,-0.028915096,0.04771261,0.050888617,0.03236046,-0.0035569966,-0.0079771895,0.023937002,0.020917216,0.04489133,0.030806072,-0.06361745,0.03771491,100,305
-0.022695957,0.09160241,0.036039684,-0.01997272,-0.016073413,0.06761645,0.008691828,0.010130758,0.019358173,-0.04311997,0.032015882,0.048008703,-0.037125986,-0.10863483,0.073428504,0.006350567,0.0059021227,-0.0028229132,0.030056242,-0.014990889,-0.009340869,0.04899542,0.0011594649,-0.034343336,0.040900074,0.0314788,-0.03849082,0.01781011,0.028562028,-0.029547717,0.019042775,-0.093379684,-0.053325526,0.008516917,0.10952376,0.007921066,0.024972703,0.098606676,0.046030104,-0.023427913,0.037559964,0.02051821,-0.017416632,-0.007869951,0.034927875,0.007256396,-0.029739015,0.024033073,-0.02958329,0.015502189,0.09095609,0.0026096967,0.0101638045,0.03118274,-0.0038463715,0.03021532,-0.026729122,-0.033406984,0.04019551,0.03498818,-0.068582505,-0.0044811107,0.059864476,-0.015133835,-0.008612718,0.016270906,-0.044532012,-0.042906705,-0.0028426815,-0.021626461,0.013083386,0.04560546,0.01640442,0.007243573,-0.05352065,0.092487544,0.007836891,0.011617355,0.023902152,-0.0040823924,0.021383803,0.02730374,0.023146376,0.038843222,0.030027613,0.03324015,0.046982124,0.053560607,-0.026146725,0.008530628,106,306
0.032689907,0.03445723,0.07101068,-0.0058759004,0.04479797,0.09296438,0.021068119,-0.007814599,0.083280355,-0.0277128,0.002585723,0.086119846,-0.06931379,-0.024878893,-0.016284205,-0.009265266,0.06531084,-0.00035950541,-0.058489274,0.027298909,-0.015742417,0.06258452,0.009291196,0.02167169,0.049033202,0.02508783,-0.009914502,0.084485166,0.012553118,-0.0060870666,0.010915704,-0.045193482,0.0028695874,-0.021611767,0.053736154,0.007372906,0.010026045,-0.0035331305,0.004265284,-0.04824118,0.0769905,0.022659115,-0.04368814,0.024906129,0.044466935,0.090553164,-0.011214724,0.03122692,-0.0072057503,0.012628793,0.07380496,-0.012579765,0.011141561,0.08850893,-0.028499123,-0.017054398,0.0658828,-0.10326606,0.064147025,0.04897306,-0.009973003,-0.02187993,0.011906806,-0.0084209265,-0.037155636,-0.025697988,0.015983863,0.04348026,-0.00701569,0.004612118,0.005043731,0.05346762,-0.016516088,-0.03483867,0.0055371737,0.043821275,-0.0012852373,0.06344004,-0.024619225,0.025791379,0.057473965,0.033370264,0.04800491,-0.055261485,0.009237752,0.080338866,0.05892148,-0.033991545,0.0069536273,0.031215888,113,307
-0.035712082,0.034308106,0.006997073,-0.04833729,0.07891792,0.005027313,-0.008285221,-0.029701862,-0.03834019,0.015896153,0.025178513,-0.017713234,-0.02416692,-0.06735118,0.043627344,-0.021678345,0.011712188,0.002877188,0.018140342,0.00647679,-0.018325696,0.0038719699,0.054018296,-0.052537784,-0.0028189197,0.04801064,-0.0005264878,-0.0005052467,-0.024135796,0.06585232,0.02312096,-0.053995915,-0.03433511,0.0030719275,0.073530644,-0.0066957623,0.018023897,0.0069890115,0.037414514,0.00072961673,0.05321519,0.017957032,-0.011410429,0.0010182727,0.017936327,-0.012412764,0.030889332,-0.001988471,-0.00069271657,0.023793481,0.064311735,-0.027145276,0.07181539,0.025800474,0.011185745,-0.053864382,0.064737454,0.0065469854,0.0021061115,0.014916555,-0.03240718,0.028087655,-0.008587199,-0.007853556,0.0144031495,-0.01986657,0.03730376,-0.046717357,-0.008750312,0.026658544,0.0030965935,-0.039992526,-0.00055886805,0.02985093,0.016217185,0.03588024,-0.041962363,0.043733306,-0.03843846,0.005576844,0.045308195,-0.014495701,0.049056906,-0.045674898,0.00035263505,0.03846305,0.032387584,0.020820364,-0.07370019,0.069462076,107,308
0.0007259976,-0.0121289715,-0.009197272,0.0011277981,-0.015320156,0.021732813,-0.041757006,-0.02568639,0.014201728,0.07618523,0.0034490032,0.03684097,-0.009154194,-0.0111442655,-0.031803582,-0.013419558,-0.028711813,0.027414897,0.02165192,-0.00409024,-0.0017801942,0.014957298,-3.614463e-06,-0.0258686,-0.012733143,0.07219204,-0.0031047375,0.020409621,0.037623953,0.024102481,0.005871265,-0.037139922,-0.056143552,0.023578309,0.046610937,-0.017746298,0.032471888,-2.2586435e-05,0.023972183,0.0118935285,0.07965993,0.01796197,-0.03840911,-0.004612513,0.067493975,0.055451594,0.009911466,-0.06615153,0.012168065,-0.042464137,0.055436555,-0.0084055895,0.020706918,0.102926955,-0.0071837287,0.009590726,0.028140593,-0.028327137,-0.03618976,-0.044985425,0.06481996,-0.009912794,-0.0005975785,-0.0048953136,-0.13201575,0.009193998,0.013852304,0.0068009794,0.048562564,-0.016728085,0.023206484,0.0075951265,0.061935335,0.012764095,0.04370194,-0.062197283,0.034427743,0.058855947,0.032386396,-0.06592079,-0.014696316,0.02328322,0.0131488945,0.027966252,0.020629056,-0.0072116274,0.018976705,0.04601428,-0.042160675,0.056804564,113,309
0.021014005,0.08569782,0.10243768,-0.10534404,0.042622395,0.009820433,0.0021893005,0.010920244,-0.020297907,0.0053377803,0.03303588,-0.0128084365,-0.020626327,-0.0020406544,0.0047737146,-0.09565148,0.056549158,-0.0064332876,0.01588913,-0.007022326,-0.026371762,0.035370596,-0.02669345,-0.02147894,-0.025072534,0.013842307,0.0025234958,-0.021341909,0.007943841,0.030579686,0.023872893,-0.047479764,-0.027366042,-0.05032232,0.021511689,-0.053566474,0.032454148,-0.007416472,0.03280821,-0.048505634,0.02619479,0.006481409,-0.03156452,0.020902056,0.0019033104,-0.0041886084,-0.000891211,-0.03526654,-0.008502574,0.03218175,0.07493757,-0.026330153,-0.0044305534,0.00036827102,0.02668281,-0.022322265,-0.0023402087,-0.054698903,0.018080093,0.031251464,-0.016771385,-0.011118785,0.035678513,0.018805347,-0.07464771,-0.039719045,-0.00956016,-0.025929417,-0.07407349,0.020467512,0.02552379,0.02174493,0.010424806,-0.052201238,-0.009936,0.041896563,-0.011748206,0.047152452,0.055262554,-0.03561976,-0.044683907,0.022262156,-0.026316756,0.00634035,0.04480885,0.026039496,0.080494955,0.03185063,-0.0031773252,0.02718925,100,310
-0.04145622,0.055063173,0.033892866,-0.0162411,0.05156388,0.047822233,-0.026358185,-0.011821582,-0.03579586,0.024261393,-0.0029791421,0.006220207,1.5895814e-05,-0.03694933,-0.022983363,-0.061215237,0.018354502,0.034341417,0.019576397,0.047071796,-0.014628857,0.015230354,0.02877827,-0.024703743,0.040846355,0.008253398,0.014715367,0.060978767,0.09022136,0.01483112,0.011355946,-0.015408238,-0.026898198,0.0054112813,0.17041719,-0.05190945,0.053416975,0.01921536,0.03872499,-0.0153682055,0.061185837,0.08563348,-0.039755322,0.0014576558,0.046961825,0.075885326,-0.005842491,-0.030935945,0.02903191,-0.06276239,0.06622979,-0.0043411693,0.010025846,0.03823955,0.03503067,0.004084155,0.054717764,-0.007258,0.01567017,0.029230628,0.011059022,0.005783827,-0.03669095,0.007544125,0.028443437,-0.022384875,0.0034135599,-0.07381505,-0.009034825,0.01831096,0.009362118,-0.002098688,-0.044589296,0.06778185,-0.002498548,-0.026281476,-0.004585495,0.011240097,-0.012193053,-0.014330858,0.0043672277,0.044490933,0.020046864,-0.05049195,0.0049184393,0.0628334,-0.008878447,0.011016559,0.009821361,0.046558343,111,311
-0.020091161,0.01060695,0.022244284,-0.023042278,-0.021172814,0.055513605,-0.040979728,-0.009834965,0.024297537,-0.016214767,-0.022438833,0.035194695,-0.07033986,0.031811956,0.07265612,0.016659506,-0.03566748,0.04384291,0.015285944,0.06538893,-0.0057870867,0.06038202,-0.026171083,-0.041021004,0.04818035,0.032144397,-0.07338093,0.049514126,0.05896894,-0.056858663,0.010440393,-0.015806438,0.00577493,-0.030697994,0.03978623,0.001771898,0.060760833,0.03690551,0.014131377,-0.008883094,-0.012186825,0.010233423,-0.012841279,-0.0067100227,0.030581724,0.051949255,-0.046196993,0.025997639,-0.036821716,0.06268194,0.047051385,0.0053470084,-0.027727332,-0.016788865,-0.029117811,-0.047108263,0.068004616,-0.0034357123,-0.0029415786,-0.0119608035,-0.043647923,0.013421722,-0.0017781937,-0.023616176,0.008465059,0.0035257488,-0.0002543293,-0.048821844,0.07062399,0.0122066885,0.0058304407,0.027636418,-0.009931572,0.057485487,0.005013588,0.055355426,0.017270528,0.086651966,-0.015929295,-0.07707149,-0.001163451,0.059582416,0.056779914,0.025140844,0.036250856,0.076058224,0.07231662,0.03221788,0.049013294,0.0006309785,110,312
0.009389185,0.016100693,0.05501873,-0.06880371,-0.010886023,0.035890233,0.031479467,-0.0459628,-0.0002530981,0.047516856,0.026757805,-0.022486616,-0.031363677,0.009221248,0.009516566,-0.021924492,-0.038617343,0.0038771676,0.05130646,-0.021474525,-0.03938035,-0.041507132,0.018216481,-0.0053850785,0.047960866,0.052867703,-0.022504337,0.024533749,0.029674185,0.10997011,-0.0355378,0.0008677654,-0.069809176,-0.030234259,0.034658782,-7.988745e-05,0.017517002,0.039960478,0.058139917,-0.00027919468,0.11983462,-0.02492772,-0.062487308,-0.0051763216,0.072199665,0.079194985,-0.022201663,0.0123800635,-0.010669949,-0.029226534,0.040671516,-0.016846808,0.0006725361,0.030059077,0.050085757,-0.029386813,0.076678306,-0.03734283,0.045578,0.0705669,-0.005649017,0.009574836,0.031482246,-0.02061261,0.030930184,-0.08771205,0.0075829197,0.01954588,-0.06483791,0.0317726,0.040933073,-0.03720397,0.025107667,0.028326537,-0.01815101,0.026066225,0.033655103,0.07812202,-0.047288444,-0.014574459,0.038069956,0.036524918,0.027964463,0.047075853,-3.100373e-05,-0.008162806,-0.010987632,0.014896486,0.042775616,0.017472636,100,313
-0.07680611,-0.004060732,0.023473717,-0.089192286,0.036613755,0.00567922,0.021176387,-0.067267016,-0.011314899,-0.050261907,-0.03255242,0.0041276286,0.030518599,-0.017255265,0.08245501,-0.04176815,-0.006234199,-0.019771466,-0.04262657,0.00027179904,0.03448248,0.052020438,0.006637929,0.03778,0.013220083,0.024821572,0.006435928,0.0035680963,0.0069611287,-0.031554405,0.043603074,-0.03138932,-0.051727943,0.002454136,0.09404783,0.0068507115,0.12872052,0.017829556,0.0049001947,-0.025276784,0.05767195,0.07045111,-0.011720654,0.015035393,0.04347422,-0.019874383,0.0011142222,0.056991033,-0.05205053,0.015304369,0.046825297,-0.06325664,0.0367527,0.03374236,-0.024953429,0.016093247,0.072841145,-0.04277702,0.013284906,-4.3051317e-05,-0.0056301197,0.019299632,0.063375585,-0.03869343,-0.064874575,0.017741028,-0.026272614,0.011498012,0.031454112,-0.039125375,0.01649077,-0.049062446,-0.027007407,0.025798945,0.010900826,-0.04282492,0.026606753,-0.031165496,0.036718357,0.003856867,-0.016973723,-0.01734941,0.02526791,0.0074231364,0.008397314,0.00964723,0.022031661,0.012363957,0.022565488,0.04872043,113,314
-0.07738644,-0.031207165,0.049183022,-0.047740277,0.017831411,0.030394174,0.075914934,-0.052939218,-6.743893e-05,-0.033220194,0.04963363,-0.022448817,-0.010470526,-0.01779804,0.008578899,-0.087984435,-0.018624011,-0.022496933,0.03766716,0.0027875707,-0.022091588,0.04848953,0.010976519,-0.02138951,0.06980774,0.026345454,0.030044712,-0.033197757,0.0463414,0.01488838,0.05083889,-0.04798191,0.0037723146,-0.020436337,0.08143114,-0.019603746,0.041372288,0.042429134,0.025030682,-0.028067209,0.077594444,0.04674256,0.03290257,0.0047288053,-0.002247639,0.068220936,-0.055528007,-0.03002887,0.00070222793,0.0035096304,0.040688716,0.011382701,-0.014791263,0.031801756,-0.020780269,-0.016236756,0.048620157,-0.10858476,0.068880506,0.00953201,-0.013522642,-0.010320403,0.065944046,-0.041897114,-0.046769835,-0.01216506,0.04024136,0.035061616,-0.05973795,-0.06263061,-0.025385145,0.06641642,0.018301304,-0.048869755,0.009562456,-0.08317176,-0.019992294,0.005459616,-0.00861037,-0.022339052,0.010552103,-0.041592818,0.060690433,-0.039869852,0.05173766,0.016884144,0.035935238,0.03271277,0.016840355,0.09695409,102,315
-0.013893676,0.059917197,0.0577137,0.01465635,0.019107943,0.021613557,-0.00018367078,0.019600194,-0.021028027,0.008736927,-0.037070386,0.024609579,-0.013968533,-0.055149257,-0.057569332,0.024246516,-0.034848403,0.017880848,-0.048595376,-0.015374904,0.030365605,0.02341858,-0.028682211,-0.053152625,0.033687532,0.005800874,-0.020870043,-0.00086997636,0.072473876,-0.010511752,0.06443485,0.012084819,-0.011912782,-0.0103290435,0.10397566,0.07504082,0.07371671,0.0083394945,0.055009108,0.020089045,0.040464815,-0.023636658,-0.029355168,-0.011268694,0.041674692,0.07249558,-0.043853477,-0.054450303,0.0067306813,-0.011582092,0.004915852,0.014580447,0.0655514,-0.017490463,-0.01190741,-0.13517442,0.06042306,-0.050423652,0.01922923,-0.00014081225,-0.017798908,-0.0031599365,-0.0023230873,-0.017122593,-0.0054332,-0.0077734934,0.036614876,0.00082064606,-0.01868838,0.018268954,0.06264703,-0.039755687,0.009290304,0.016412431,0.017186875,0.06458404,0.08360171,-0.04269792,-0.04676238,-0.018326242,0.010668144,0.014771836,0.07604796,-0.005389128,0.016932484,0.06450237,0.0075737108,0.01597302,0.026169613,0.032169916,114,316
0.044739507,0.055356495,0.06980333,-0.07831824,0.00049987715,0.07740565,-0.01067682,-0.07489123,0.009506591,0.0058349273,0.018036293,-0.015087005,-0.044697534,-0.09464958,-0.108419575,-0.023648674,0.016894646,0.005526102,0.021856856,-0.044405784,-0.041385025,-0.023143027,0.0053456277,-0.0003979653,0.019675564,-0.011870554,0.019380689,0.08483285,0.025271935,0.049559414,0.020926468,-0.067018926,-0.0017048642,0.011741081,0.044446986,-0.06843627,0.035922408,-0.0077758767,0.0066455724,0.028391117,0.061686885,0.064484,-0.017270474,-0.028953917,0.07229279,0.058470845,-0.023110803,0.0628463,0.06537051,-0.02766699,0.016118929,-0.030723026,0.03863946,0.09270303,-0.0037554074,-0.012530066,0.053052254,-0.10255763,-0.003777666,-0.010686713,-0.042559102,0.062690265,0.07579018,-0.020552434,0.06525038,-0.0476237,0.05443731,0.010490663,0.03891983,0.051500868,0.03316493,0.003265928,-0.0013515484,-0.026961915,-0.026803032,-0.05768413,-0.011233369,0.015251124,-0.035126045,0.015009938,-0.0014559207,-0.027156074,-0.0194552,-0.010524746,0.07499993,0.010715554,0.037882254,0.011140529,-0.025118887,0.020917643,106,317
-0.006241405,0.025492264,0.014982,-0.062404186,0.047193676,0.05099625,0.030864082,-0.0011070692,0.058683455,0.011537464,-0.0481304,0.029109858,-0.008782733,-0.058997415,0.06780669,-0.026164575,0.019790422,-0.019032786,-0.02426657,-0.053018533,0.038514763,0.074367076,0.029843334,0.0051054284,0.082051545,0.00935339,-0.028496712,0.08930924,0.034598604,0.028145472,0.018785803,0.022268672,-0.063557826,0.026068507,0.1498482,-0.036098506,0.065702006,0.014586959,-0.0140245035,-0.04460563,0.07609123,0.05084534,-0.07721769,0.016001113,0.095096916,0.0011480339,0.0451379,0.006625957,-0.03922841,0.007246703,0.07197303,-0.03648962,-0.041784495,0.023307601,-0.029320996,0.027039599,0.06844448,0.020998206,0.022584725,0.017569553,0.029402515,-0.012275081,0.021292806,-0.00919521,-0.013033698,0.009622123,0.044357248,-0.00062797964,-0.053179152,-0.01592783,0.00019257143,-0.013781918,0.028935399,0.027209919,0.007904171,-0.03645723,-0.01400215,0.026230602,-0.022117285,-0.0022548703,0.065069936,0.021820856,-0.019016756,-0.008093972,0.012897927,0.04168676,0.015790956,0.054176908,-0.01218794,0.044325385,104,318
-0.013946588,0.046396866,0.08645633,-0.019737754,-0.01991893,0.024392249,0.050472535,-0.011412787,-0.039501987,-0.0163858,0.0023034222,0.033761695,-0.08816256,-0.053764857,-0.05938338,-0.031060942,0.069969505,0.00087597966,0.018089354,-0.054846823,-0.01405078,0.031021543,0.113800876,-0.04213007,0.031830043,0.03549452,-0.027778674,-0.0064361393,0.057151116,0.00847008,0.058771305,-0.060190525,-0.079096764,0.01254941,0.0894565,-0.005991574,0.042641107,0.0784987,0.061014608,-0.02994183,0.010127101,-0.06715423,-0.0025816914,0.0012194198,0.09201308,0.013917472,-0.011863631,-0.03270445,0.013060889,-0.019722763,0.03393585,0.01681014,0.039907336,-0.055741973,0.027350834,-0.06191325,0.050462488,-0.04449469,0.0137178805,0.0016738717,0.026740579,0.027241537,0.041338347,0.0048346063,-0.04724374,0.041051887,0.017841162,-0.057043374,-0.065940656,0.024346633,0.04970345,-0.0032611925,0.017638057,0.0979583,-0.022896478,-0.034329448,0.00851956,0.0010846909,-0.03731196,-0.024661634,0.0492013,0.03350002,0.05626107,0.044409644,0.027775794,0.015187143,0.027431019,-0.048723448,-0.0019278792,0.06935698,110,319
-0.025999006,0.027153566,0.033401377,-0.04266679,0.02606122,0.04429078,-0.0030385125,0.06104896,0.06407933,-0.028858341,0.02520117,0.0017061791,-0.046467263,-0.07350507,-0.020420201,-0.030150987,0.05002,-0.00870472,-0.016745761,-0.066242695,-0.03872475,0.027870186,0.0316402,-0.02557782,-0.001922518,0.030877823,-0.0040528704,0.006942748,-0.026731918,0.0048960242,0.0025031362,-0.015486902,0.029689431,-0.0077254246,0.05056335,-0.0614587,0.016507823,0.06613289,-0.04615831,-0.03152105,0.030035082,0.01684311,-0.07498052,0.029932441,0.007521348,0.080200896,-0.028385647,0.02613078,-0.025520984,-0.06807065,0.03318271,-0.019135676,0.026586171,0.016896417,0.023613285,-0.072457,0.075304545,-0.030803872,-0.0047578774,0.027289119,0.009868322,0.014875424,0.06646867,-0.0013408684,0.032454725,-0.052621894,0.007631215,0.013286158,0.018536355,0.00027432153,0.04507246,0.03960219,0.021405997,0.03308305,-0.0044122934,-0.015666261,-0.002587175,-0.03410688,0.0005473476,-0.021180557,0.029052878,0.08520317,-0.03274575,0.024894113,0.023832092,-0.028268063,0.018540028,0.017248346,-0.0094431145,0.10632156,109,320
0.0141393915,0.053648572,0.055564556,-0.045004785,0.03669399,0.07275672,-0.00069218874,0.03691508,0.0049849595,-0.08434178,0.028863527,-0.040614467,0.01504451,-0.03139011,0.058492526,0.037666395,0.042712186,0.017471304,-0.013539557,-0.007363254,0.068417124,0.05927971,0.046289258,-0.0041213743,0.090905964,0.045557424,-0.07150153,-0.013134257,0.06718027,-0.0038424637,-0.03343326,-0.028982017,-0.015223423,-0.033766452,0.033540666,-0.058544025,0.042885534,0.0044927616,0.016168676,-0.037613798,0.027800119,0.043215,-0.06901117,0.04824779,-0.026380451,0.053304914,0.004416979,0.02437873,0.01622127,-0.017603246,0.025443215,0.02972064,-0.060360696,0.010024996,-0.006099507,-0.012911506,0.1422036,-0.05197738,0.043876804,0.026471939,-0.06923713,0.029634776,-0.016394094,-0.09008364,0.05008412,-0.02606634,0.06282545,-0.0204144,-0.05905143,-0.006110793,0.03420811,-0.012910651,0.03188011,0.09158908,-0.014134069,0.019935045,-0.01222696,-0.0038050953,0.020663314,-0.06154369,0.024607493,-0.0022019725,0.069029234,-0.026417134,0.020419689,0.048758604,0.053431906,0.107612416,0.010778038,0.04462398,104,321
0.014694725,-0.021184212,0.07243902,-0.119506165,0.0062454985,0.028382603,-0.033871345,0.003293028,0.035124414,-0.012391744,0.007819369,-0.009400593,-0.036990657,-0.03525651,-0.015398853,-0.004586511,0.037425883,0.038195383,0.050299026,-0.028879836,0.021704867,0.018298991,-0.010042528,0.0014499351,0.010190057,0.030283878,0.03411896,-0.041764945,0.0671108,-0.02921541,0.021190273,-0.06993102,-0.06174804,-0.00957505,0.06348706,-0.04380041,0.044690542,0.024606977,0.027550034,0.01698009,0.032983877,-0.0052689873,-0.041146897,0.0148426965,0.018861108,0.089764945,0.029113453,0.046825394,-0.0012570281,-0.0031887302,-0.005266901,-0.014541702,-0.01787938,0.035756417,0.022227727,-0.029180888,0.100044474,-0.115517616,0.02274624,-0.01686978,-0.099461354,-0.0014365753,0.03695183,-0.025239836,-0.035322577,-0.043799527,0.04485622,-0.013794726,0.026245907,0.023402913,0.0038706046,0.0018908787,0.0023041796,0.04394915,-0.0028280816,0.0036833165,0.009801169,0.0073206667,0.0049785553,-0.03849993,-0.0033742376,0.11169723,0.07930475,-0.031023728,0.04908305,0.04466951,0.02876664,-0.0032479176,0.03366163,0.009054685,110,322
-0.0489335,0.029634558,0.071154594,-0.013627376,0.046263136,0.0033463128,-0.023425398,0.014838279,0.004768804,-0.04131517,-0.0029005683,0.056237023,0.0060962383,-0.04655993,0.0032314048,-0.038317285,-0.018597199,0.0103265885,0.004532974,0.0023731948,-0.0009957384,0.045492757,0.0145109175,-0.028615113,0.048139516,0.01932719,0.028345514,-0.012621143,0.036513917,0.042230524,-0.023928842,-0.016236855,-0.07477519,0.07780972,0.10776274,0.039157122,0.069961466,-0.03760896,0.033127055,-0.031416245,0.010925695,0.06905864,-0.018997967,0.0037058163,-0.0038882997,0.030309884,-0.023112189,-0.025888605,-0.03760215,-0.02435445,0.099580236,0.011884714,0.010550497,0.026235495,0.03357999,-0.118378386,0.026872862,-0.025619337,-0.0037933104,-0.027971677,0.014018064,-0.0067174304,0.013011962,-0.060098708,0.09501061,-0.06910041,0.026877945,-0.012669594,0.0002822727,0.018905003,0.02902244,-0.01861533,0.036931776,0.041098334,0.026733646,-0.08398367,-0.015057264,-0.01561816,-0.0477411,-0.0007314164,0.06704802,0.019179817,0.046920147,0.009562073,0.029967738,0.010388704,0.059875537,-0.05516655,0.012596805,0.020839706,113,323
-0.025519315,0.032016046,0.016460778,-0.046399876,0.039240614,0.041722145,0.005480891,0.009145553,-0.0103751505,0.015180286,0.044551793,-0.035210397,-0.029044164,-0.02322219,-0.06504169,-0.049402576,0.009541301,-0.01087671,0.05146422,-0.04981789,-0.03361392,0.0054604057,0.054211237,-0.009982804,-0.031139906,0.00056265295,-0.059742246,0.060126178,0.006451763,0.00674898,0.038424864,-0.000560008,-0.032552846,0.016082343,0.0221095,0.0015627313,0.06729234,-0.0037910603,0.062147193,-0.049626254,0.04888852,0.039187565,-0.044523574,0.0069553936,0.07213461,0.090968885,-0.048401646,-0.015187778,0.046326175,0.009038669,0.04337159,0.052580502,-0.016007155,0.023706965,0.029368434,-0.02578294,0.08160976,-0.07814631,0.01297277,0.04393652,-0.035876982,0.08861202,-0.022806011,-0.036589723,-0.047924615,-0.04539737,0.05335483,-0.047916934,0.057232507,0.01641364,0.028917477,0.005049913,0.028090365,0.047567986,-0.021777535,-0.016165277,0.07016695,-0.010328878,-0.014546628,0.0024270997,-0.03590651,-0.020854216,0.015714224,-0.009067498,0.07444548,0.08835785,0.019345105,-0.009679498,0.023397226,0.03874995,100,324
0.027134169,0.03077089,0.043948077,-0.040067524,0.026679276,0.016432555,0.026340697,-0.019011308,-0.01827242,0.012436993,-0.0014332299,0.027814107,0.024986599,-0.081623584,-0.010174366,-0.01678996,0.033426926,-0.031070782,0.034230016,-0.0579327,-0.017203765,0.020652559,0.058743156,-0.0065727737,0.05499355,0.017942127,-0.03042034,0.027961038,-0.031871505,0.004190577,-0.039483406,-0.0076291673,-0.018131196,-0.048176277,0.025729286,-0.008267363,-0.005581297,0.055920795,-0.039764334,-0.06446292,0.075928286,0.031735267,-0.04849431,-0.0007540267,0.020757813,0.08362029,-0.0529286,0.07712519,-0.0548188,0.02651124,0.022981383,-0.00062037725,0.008346835,0.0068560876,-0.0076879747,-0.019340822,0.09746921,-0.10656853,0.04296475,0.025374461,-0.06836127,0.027900543,-0.015238871,-0.02184852,0.055802774,0.019963134,-0.028737538,-0.016800113,-0.010711197,0.032588743,0.07519485,0.026922818,0.023700181,0.0412765,-0.046956036,0.0079326555,-0.013562368,0.043852005,0.009089269,-0.015187303,-0.008086254,-0.01142586,0.06644857,0.062522404,-0.025647173,0.04667221,-0.025381401,-0.004603822,0.04932794,0.054416675,106,325
-0.026013989,0.02902396,-0.017010272,-0.07203437,-0.041854378,0.08423202,-0.025524182,-0.017988216,-0.009449698,-0.040553756,-0.007571524,0.01935932,-0.047928326,0.009031538,0.019985717,-0.041344713,-0.029839374,0.050901055,-0.015918463,-0.025079045,0.027004475,0.06541723,0.0109771285,-0.047752082,0.113012776,0.034077,0.014892924,0.023986977,0.005147854,-0.0033026189,0.038270682,-0.090737164,-0.06052213,-0.056284424,0.10018673,0.021398649,0.07201218,-0.015859578,0.037116166,-0.017106462,0.07872852,0.05624918,-0.040881872,0.041378777,0.036403507,0.034130666,-0.0073174955,-0.016843377,0.023609722,-0.067245066,0.01740437,-0.05663076,0.022899073,0.041717783,0.045842655,-0.06000735,0.050696142,-0.033264946,0.042757206,0.026095849,-0.06911543,-0.052359153,0.04379576,0.0012864368,-0.008733192,-0.04483123,0.05824449,-0.014207228,0.025286276,-0.031083077,0.044350125,0.06706325,0.009340899,0.020251794,-0.026605118,0.024409544,0.019713612,0.06144855,0.006782038,-0.06218818,-0.0003183689,0.076802164,-0.046340466,-0.0025139004,0.027061064,0.056309015,0.107051656,0.038758952,0.04334259,0.02758564,104,326
5.175639e-05,0.06080439,0.0008575469,-0.0046773925,-0.030185778,0.033709355,0.03376354,-0.021931054,0.019301193,-0.005278379,0.0086989645,0.0023470293,0.035832923,-0.0648703,-0.00830924,-0.040084377,-0.054899104,-0.0245998,-0.012099607,-0.052693952,0.039776444,0.028524682,0.0053488864,-0.06611446,0.05532062,0.0063155703,0.026657242,0.052719392,0.060340308,0.017395437,-0.0007695798,-0.057009034,-0.037160214,0.029356157,0.093701,-0.049519725,0.07128981,0.039947324,0.07950799,0.0082755415,0.055035964,-0.024924625,-0.04826969,0.007960372,0.055146515,0.0040641576,-0.0037603695,0.025126036,-0.014144264,-0.04058765,0.04740125,0.0047541033,0.03924825,0.021117471,-0.024484284,-0.061623145,0.037514202,0.0068429075,0.06541858,0.076400876,-0.036422722,0.011698369,0.015620124,0.024823416,-0.10064866,-0.065185376,0.08612636,-0.037645444,-0.069817185,-0.031743728,-0.009554051,0.009611252,-0.0121423155,-0.01978879,0.019244337,-0.039954554,0.014417306,-0.0019318201,0.003323095,-0.0038036585,0.02834735,-0.020457588,0.018169386,-0.036876194,0.03347166,0.0517615,0.04193472,0.06198901,-0.0016764498,0.0061150417,107,327
-0.005963291,0.029183451,0.07632485,-0.10834077,0.024426235,0.07333159,-0.02215099,-0.060097802,-0.004801185,-0.013532242,-0.01584573,0.023232851,-0.037338898,-0.03537757,0.024749374,0.035948765,0.11656711,0.06718539,0.056048114,-0.028632816,-0.0064328527,0.069848865,0.017220737,-0.025774691,0.07574907,0.016264189,-0.041639842,0.032607857,-0.029338257,0.046892416,-0.025116349,0.036960855,-0.014755924,0.012780596,0.10213998,0.010684105,0.011973316,0.06441013,0.047370955,-0.03468276,0.04260718,0.016598225,0.0060575455,0.011605989,0.030180939,0.02441986,-0.022703975,-0.01989626,-0.014902854,-0.036954418,0.059459742,0.011265131,0.07074394,-0.005216377,0.03381052,-0.0018715076,0.044524,-0.0705502,-0.0106734,0.027758244,-0.022851426,0.036421936,0.047631577,-0.019859256,-0.03336133,-0.0445851,-0.030785896,0.014168732,-0.061208036,-0.0030246996,0.035570323,-0.036804434,0.02521248,0.03716012,-0.056992736,-0.01419204,0.0016584732,0.008288633,-0.042274162,0.008696472,0.03858673,0.044196807,0.017941382,-0.016345195,0.036371715,0.027364273,-0.021412164,0.01680838,0.09787035,0.064252906,114,328
-0.01795276,0.069487125,0.02293297,-0.02287045,0.017687147,0.052069392,-0.0012493217,-0.018896084,0.0305388,0.019076943,0.02501275,0.00037177972,-0.058663804,-0.093225196,0.03229861,-0.021958712,-0.05293551,0.07761973,-0.02565467,-0.0035861805,-8.632452e-05,0.005266102,0.04922022,-0.020526292,0.05554058,0.02556385,-0.008395194,-0.04273632,0.04663857,-0.006084565,-0.032268703,-0.046401255,0.012412716,-0.030524649,0.059388734,-0.07534495,0.095618725,0.101425394,0.04713079,0.007810898,-0.009803116,-0.007916696,0.030223846,-0.0024656504,0.056049883,0.018701043,-0.009468692,-0.008164635,-0.03180168,-0.04284191,0.088308886,-0.02320407,-0.0023829187,-0.055611163,0.05678912,-0.021803657,0.045935992,-0.048147798,0.03062154,0.047658846,0.0007772986,-0.043121777,0.048801832,0.008125937,-0.010405691,-0.037906572,0.021520905,-0.0014969371,-0.022754278,0.026742062,0.04104004,0.05126504,0.024619611,0.034109905,0.049729884,0.011786648,-0.016485412,0.034598634,-0.00529755,-0.02967032,0.068590805,0.037218053,0.0235744,-0.042873003,0.019806137,0.035639677,0.052023828,-0.019522801,0.026703328,-0.0028622784,112,329
-0.009547418,-0.03295684,0.09458001,-0.06947485,0.0049177464,0.019639818,-0.022700211,0.03900619,-0.011084516,0.04786845,0.0070550675,-0.014355345,-0.04736385,-0.040672995,-0.060374837,0.005729182,0.09550107,-0.042296186,-0.015709352,0.06350515,0.022773601,0.04466405,0.026495032,-0.020128729,0.027593827,0.0086769955,-0.0643424,0.01880494,0.026139269,0.07943663,0.0031439308,-0.02644645,-0.00701038,0.020733126,0.08723037,-0.008777495,0.011856109,0.019243155,0.0049341265,-0.0014829856,0.10051774,0.068274476,-0.023604956,-0.0019048434,0.08790803,0.042301625,0.0149559565,0.04177001,0.0054627424,-0.0060176975,0.011782702,-0.010197353,0.024441319,0.008556978,-0.0032142494,0.008606575,0.039116625,-0.056706995,-0.029129222,-0.024453264,-0.033203274,0.03555695,0.0010075327,0.022585846,-0.020621456,-0.024056433,0.022589544,-0.08243261,-0.09941033,-0.0378524,0.038945414,0.0125087965,0.052836694,0.045419205,0.00448657,0.007467574,0.016693031,0.027157033,0.011835145,-0.028356107,0.014400126,-0.003028784,0.019352295,-0.022945208,0.032864433,0.011364035,0.036692005,0.004077035,-0.024528563,0.0028579235,106,330
0.020766512,0.018182253,0.036941964,-0.023549542,0.023524715,0.030462567,0.01977534,-0.048807655,0.0007633404,0.028442226,-0.017917484,0.0075411857,-0.018862262,-0.03211157,-0.05509944,-0.043923743,-0.0153410565,0.010571409,-0.0033562537,0.06729724,0.029700328,-0.0042399336,0.045275733,-0.02807024,0.027121663,0.019150656,0.024287384,0.030367829,0.030156264,-0.010323273,-0.0047282614,-0.031420022,-0.032263663,0.008320995,0.11135005,0.019599138,0.057407126,0.067478314,0.05388942,-0.03393679,0.036874853,0.006811429,-0.056621343,-0.044677075,0.018441152,0.020982547,-0.051296204,-0.02431166,-0.024185529,-0.011104659,0.018426582,0.0021680607,-0.019044636,0.038883362,0.008312814,-0.025951467,0.066719584,-0.06812017,-0.034265604,0.0050717555,-0.02011591,0.022354031,-0.015613594,-0.018284637,-0.060952105,-0.082618,0.030362431,-0.032129385,-0.02313479,0.029338187,0.0026823897,0.027947985,0.0121715795,0.007179816,-0.012609786,0.021478869,-0.025463121,0.029252555,-0.050729256,0.013556395,0.05386134,0.033079796,0.038136315,-0.017797586,0.029797554,-0.018358016,0.00829309,-0.00024726428,0.060440622,0.07465526,107,331
-0.04749237,-0.03574872,0.044057276,-0.04490038,0.042878985,0.023603633,0.012150165,0.05112814,-0.005506899,-0.028550746,0.009748213,-0.022444563,-0.087322004,-0.0330714,0.028892258,0.015736984,-0.060730405,0.034093488,-0.002513973,-0.02096942,0.049168684,0.008186121,-0.068622604,-0.029371254,0.118951425,0.01733428,-0.011253666,-0.029314727,-0.06449187,0.06047672,0.008462526,-0.05534078,-0.12654181,0.03864888,0.05757656,-0.022381717,0.06540707,0.06265498,0.053289738,0.0037649581,0.053084634,0.02312534,-0.056967366,0.055161282,-0.021820972,0.044192314,0.0029099018,-0.007140765,-0.048540793,-0.03749237,0.04707511,-0.0076899384,-0.013868008,-0.013249965,0.070231356,-0.009143794,0.04638326,-0.0641876,0.071963444,-0.0134190135,-0.049507275,0.012958924,0.009486984,0.011636598,0.04369017,-0.0686745,0.0134531865,-0.07811166,-0.04347786,-0.033057485,0.024029627,0.031172408,0.0027291188,0.021385362,0.011833741,0.0060668243,0.0008206172,0.038205825,-0.00898663,0.0017417376,-0.018458731,0.0026161019,0.025205124,0.10464429,-0.014244394,0.030695006,0.05033488,0.00040771253,0.018978555,0.028586255,104,332
-0.029124714,0.0076484773,0.048849225,0.0110829435,0.042120278,-0.011942413,-0.028633187,-0.022566676,0.0005284888,0.02017877,0.013084615,0.01051382,-0.11212443,-0.011937879,-0.0032786136,0.015926128,0.06569173,0.031829152,-0.033868734,-0.01561953,-0.007892717,0.08532368,-0.027059143,-0.034931235,0.022749644,0.02072069,0.014473244,0.015996885,0.039928805,0.07796709,0.0033842046,-0.04550075,-0.011428786,-0.027762149,-0.026548073,-0.0046363203,0.059743494,0.0010514725,0.025742143,-0.008332299,0.08310646,-0.006917715,-0.014487976,0.023673184,0.105551295,0.06617515,0.00020161737,0.0049891267,0.05135487,-0.009244212,0.076128565,-0.056211535,-0.014055435,0.10976958,0.047936223,-0.027794667,0.076797515,-0.03342874,-0.034951076,-0.017615952,-0.012334061,0.0016661445,-0.01587604,-0.046725012,0.01682857,-0.004118014,0.011272632,-0.02527836,-0.065093204,0.059767116,0.016241182,-0.02982217,0.008000145,0.047349427,0.057951506,0.007825727,-0.0023522414,0.03236223,-0.018368386,-0.019145131,-0.004462584,0.062255096,0.05676847,0.041344024,0.049884602,0.046057582,0.028777407,-0.0005747909,-0.021043185,0.07395255,106,333
-0.009481382,-0.003102012,0.024846418,0.009995788,0.003471273,0.021223342,0.019937703,0.0004463126,0.041576907,-0.037790176,-0.031728495,0.009260733,-0.0024162028,-0.0314333,0.029983371,-0.0016437583,-0.051650442,0.039947554,0.002511101,-0.055195868,0.006432776,0.007302232,0.01799889,-0.025664166,0.018463388,-0.014145626,-0.0102625005,-0.02989132,-0.049260765,0.06893242,0.070952415,-0.0009535104,-0.028738767,0.0050512226,0.005114097,-0.021460073,0.070365615,0.03043364,0.008270429,-0.004903623,0.07674128,-0.021558974,0.004216669,0.0050238725,-0.026483187,0.068410955,0.015654087,-0.035774693,-0.018007912,0.006903055,0.101584874,0.036874913,0.0053706337,0.06421589,0.045150727,-0.04875066,0.0481287,-0.02624859,-0.01247197,-0.027374446,-0.06565613,0.01058057,-0.005469583,-0.041020986,-0.009732785,0.0026503839,0.04135867,-0.0860095,0.0013515148,-0.03935626,0.019444656,-0.05266206,0.0383443,-0.003245486,0.0034575602,-0.026714873,0.024451215,0.006264815,-0.025019921,0.04352201,0.026110373,0.021008722,0.020778,-0.02287523,0.0037575513,0.07854278,0.072531104,0.01312869,0.037580203,0.04265155,100,334
-0.056315813,0.012934851,0.019356674,0.020858381,-0.007832067,0.03511664,0.0025420347,-0.027303956,-0.018282756,0.0051392135,0.049424443,0.002774571,0.005403312,-0.051945053,0.025639616,-0.057629056,0.0021221042,0.022107305,0.013462598,0.018061507,-0.0012242063,0.026970427,0.029644776,-0.08220361,0.047494303,0.033031847,0.02514077,-0.012846022,0.058103874,0.040193222,0.033402763,-0.084766984,-0.052064568,0.031447854,0.0173809,-0.02326471,0.07121273,-0.01795597,0.0052073672,-0.015890598,0.032469936,-0.021143485,-0.04791107,0.01262594,0.010860909,0.06693292,0.008385868,0.072563775,0.008807457,-0.011013991,0.026648108,0.010542475,0.0117805805,0.05653011,-0.027756516,-0.07042931,0.07660287,-0.047962226,-0.010735057,0.08228854,-0.07329231,0.0020209374,-0.0583173,0.03853387,-0.023743238,-0.053291846,0.0093161035,-0.04292358,-0.029594867,0.02170176,0.006786084,0.027159225,0.013534839,0.020603474,0.016618041,0.03445748,0.00921466,-0.02186672,-0.016750673,-0.0070105726,0.012076342,-0.013137903,0.082013115,0.056942865,0.017742058,0.08034578,0.017846014,0.0567879,-0.060567454,0.03432314,105,335
-0.0001976667,0.052347526,0.092966676,-0.047462564,0.03413059,0.060981832,0.023797417,0.0028501693,0.037817344,-0.033865795,0.0526727,0.021917243,0.012930006,0.013024032,0.010240155,-0.029231628,0.04724742,-0.043179497,-2.4600886e-05,-0.018512327,-0.03350719,0.069181845,-0.025797194,-0.020630183,0.05731578,0.0095658,0.01382554,0.034977905,0.018354015,0.035234682,-0.017214747,-0.0017043501,0.014755901,-0.01677124,0.010828946,0.027694963,-0.044929028,0.052407376,0.053542115,-0.008833377,0.11932531,-0.045227338,-0.03545598,0.047952026,0.03772345,0.022198014,-0.01921215,-0.012323786,0.014948524,-0.04537767,0.009204224,-0.0018817992,-0.032376233,0.0399124,-0.020053633,-0.03278452,0.099980295,-0.024458032,0.028770177,0.032207817,-0.037542067,-0.04922783,-0.0067293523,0.066716686,0.014834113,0.019829806,0.043444723,-0.07567078,-0.08046285,-0.0036824634,0.043626785,-0.024785155,0.06940925,-0.05815165,0.0118841175,0.002093452,0.0087368805,0.029495306,-0.0022179047,-0.011840833,0.041235,0.03297155,0.044202045,0.059505805,0.007888164,0.022573683,0.06012255,-0.016629465,0.016119972,0.06727421,105,336
0.013664982,0.008909423,0.033144027,-0.045946397,-0.04315578,0.028788703,0.019294437,0.016091496,-0.018451698,-0.021968568,0.042294543,-0.014755063,-0.021517508,-0.015020991,0.009405526,-0.025622914,-0.0051435493,0.0069949487,0.049161807,0.0153463185,-0.008896583,-0.0021818317,0.020249765,-0.04924188,0.1430319,-0.016275307,-0.038535573,0.017084852,0.10116189,-0.019185591,0.0066038147,-0.066119984,0.06395555,-0.013873495,0.06482028,-0.01744393,0.05535603,0.021865165,0.08117348,-0.052238394,0.03145744,0.05144229,-0.08105461,0.022461051,0.031963572,0.042965073,-0.040152363,0.01902581,-0.0009501949,0.022570562,0.021451637,-0.003277226,0.049511127,0.05322151,0.04390415,0.023267683,0.0768879,-0.010037759,0.0077298395,-0.013581238,0.0028076451,-0.007458605,-0.0021196064,-0.013618864,-0.004124635,-0.086727396,-0.012506468,-0.028093895,0.018745892,-0.013134858,0.03124518,0.021272045,0.08747878,0.024730805,-0.017403577,-0.04666776,-0.021259306,0.03926649,-0.01698028,-0.0015216158,-0.028197862,0.06657404,0.051496945,-0.037112072,0.012677385,-0.018534327,0.04121095,0.0033829622,-0.0179567,0.06315018,105,337
0.023352921,-0.046422146,0.016925909,-0.060935147,0.012575667,0.02261671,0.0107198,-0.02407046,0.014304068,0.02839017,-0.00507685,-0.008399351,-0.048677273,-0.06534546,-0.041385885,-0.01461118,0.0032034488,0.01180559,-0.016253043,-0.005379088,-0.025887933,0.025640223,0.013038901,-0.04219511,0.007566659,0.03376957,-0.009248686,0.008735761,-0.008596236,-0.065210685,0.06347679,0.01732118,-0.0021042302,-0.076193534,0.01871891,-0.05833345,0.06224194,0.00449083,0.043327026,-0.049930003,0.070262246,0.02856576,-0.071237,0.0059482483,0.014968463,0.10601484,-0.019176342,0.009980831,-0.02292694,-0.05115797,0.061315622,0.00040075695,-0.038616862,0.024549479,0.007319061,-0.035257615,0.07059373,-0.030619573,0.09045981,0.03385364,-0.06686374,0.00206854,0.008034092,0.019899393,-0.030225286,-0.009502493,-0.0010947045,-0.05930522,-0.07158254,0.030810056,-0.019507963,-0.07145553,0.061841562,-0.0068889176,0.012259169,0.018856134,-0.0044829175,0.034099136,0.002989363,0.0073726135,0.016083159,0.046813816,0.012385664,-0.029431714,0.032684233,0.05393129,0.030044412,-0.018936627,0.020738794,0.030719437,103,338
0.004108575,0.042528555,0.10206877,-0.07718985,0.012029154,-0.0068145767,0.015760848,-0.030897934,-0.045483567,0.037253227,0.03642014,-0.010379756,0.0106600225,-0.06603555,0.007858283,-0.00932169,-0.0049092676,-0.03676243,-0.028227467,0.09771122,0.06455619,-0.00496462,0.00917999,-0.032401692,0.05919699,0.045291096,-0.009764404,0.045802165,0.06405101,-0.043965776,0.010805788,-0.0052843,-0.011538312,0.018882813,0.07491505,0.05607815,0.03765637,0.047695275,0.02584201,-0.0073893582,0.03083502,0.0990016,-0.04316994,0.015774254,0.0025218092,0.09542997,-0.0143190045,-0.044120304,0.04711408,0.011069587,0.048797693,-0.010651798,-0.044562947,-0.05713088,0.0007604854,0.003229119,0.11035017,0.01256052,0.10411775,-0.009077619,-0.0015078969,0.100689486,0.058189303,-0.020800365,-0.06541535,0.0139610395,0.026050411,-0.035128623,-0.043711074,0.01510875,0.032872293,0.006063305,0.0026084604,0.009760223,0.0046577416,0.0019500894,0.0015636757,-0.016673196,0.010183822,0.028746272,0.060217533,0.015227579,0.018410496,0.003202095,0.02264169,0.0069266893,0.018539567,0.005523241,0.06110183,0.05463174,105,339
-0.04431404,-0.013910128,0.055345573,-0.061859284,-0.006153115,0.105123624,0.032462433,-0.020741422,0.013049784,0.005665923,-0.08093919,0.016235258,0.048446793,-0.027316134,-0.06583321,-0.01937186,-0.048861384,0.061159432,-0.008256226,0.022647206,-0.03158678,0.053612743,-0.01952591,-0.026784945,-0.0059045143,-0.0038250778,-0.030046083,0.041728895,0.019568501,0.02755441,0.0007685162,-0.07087815,-0.018449478,0.0009275228,0.084391415,0.0015615216,0.017197354,0.03156379,-0.00788662,-0.048426267,0.0673228,0.018446768,-0.026135115,0.05746823,0.0013459697,0.14039814,-0.060808696,0.021239638,-0.025395624,-0.02594775,0.059546694,0.0227903,0.00282699,0.008753816,-0.0147423465,-0.03736539,0.06755096,0.020543631,0.05736202,0.02779116,0.0023543686,0.015769787,-0.040534724,-0.0027840289,-0.029071463,0.0095305815,-0.04227598,-0.03798905,-0.06738204,0.013504959,0.03047799,0.025397193,0.010168994,-0.029716492,-0.041487213,0.00034748996,0.039774615,0.017783355,0.022792365,-0.02100556,0.006115958,-0.012046812,0.04957404,0.014411842,-0.033751734,0.006645644,0.009010116,0.023626355,0.018081678,0.03818497,111,340
0.013190727,0.027309155,0.009796407,-0.061586056,0.01946099,0.06809291,-0.048564143,0.0083616255,-0.013530203,0.009430544,-0.03142558,0.07207349,-0.055589918,-0.019696787,0.018449713,-0.023414455,-0.042072102,-0.0063044988,-0.005847917,-0.018677877,-0.004215285,0.067591794,-0.018501861,-0.042337976,0.056058824,0.027920034,-0.015156492,-0.055284377,-0.028027644,0.025732521,-0.0066768583,-0.06444677,-0.032249402,-0.00816061,0.08859298,-0.0002380684,0.074631155,0.0021197349,-0.00030821934,0.005457674,-0.010966241,0.024876168,-0.009623891,0.03776232,0.017290212,-0.007857174,0.025121693,0.011054257,0.00582499,-0.046864375,0.06122159,0.003921662,-0.035475772,0.043672472,-0.023004528,0.029074553,0.07655244,-0.033466455,0.0043833945,0.040784866,-0.03247851,0.00650128,0.0042580436,-0.031256784,-0.053918276,-0.047399566,0.052943975,0.002564337,0.021264385,0.024947977,0.009625181,0.0024874776,0.004309198,0.008226526,-0.01180239,-0.0012580747,0.0034415768,0.0011767354,0.008019768,-0.04268326,0.04629296,0.04319959,0.057956733,-0.033309147,0.004154523,0.022005673,0.008459933,-0.009918007,0.005168042,0.05647128,110,341
-0.04518779,0.05633955,0.03438712,-0.039701577,-0.038469877,0.088366136,0.008417524,0.015169734,0.009555057,-0.070039265,0.027024027,0.012535011,-0.047835596,-0.027298702,-0.011929265,0.024122424,0.020692553,0.04782439,-0.01895754,0.04028339,0.016023442,0.026994798,0.015880626,-0.06077326,0.031844825,0.057085194,-0.009837069,0.04775537,0.020310955,-0.0036197044,0.026792442,-0.030066414,-0.023764793,-0.036995158,0.113058865,-0.020536348,0.0020584725,0.06816009,0.031096406,-0.01214019,0.10635581,-0.03081296,-0.10361291,0.010862162,0.027665712,0.029464992,-0.014671257,0.0063628885,0.004165329,-0.03618653,0.008744102,-0.011959685,-0.009624425,0.037312947,-0.010570629,-0.035543516,0.06845189,-0.059702113,0.056355424,0.0007393062,-0.015875611,0.016403997,0.040461235,0.0007945858,-0.032109223,-0.049811684,0.040436346,-0.008189706,0.042156525,0.04064618,0.03342904,0.020301389,0.036402218,-0.03633281,-0.03219432,-0.018986568,-0.026335208,0.059557073,-0.027979555,-0.0413873,-0.004631214,0.03188955,0.0014814436,-0.012475079,0.0022510458,0.04249917,0.083427325,0.023456786,0.00996107,0.026224121,101,342
0.030756794,-0.014868733,0.01828056,0.016696077,0.06184166,0.053046778,-0.027028685,0.04314203,0.0032202313,-0.021511192,0.03188757,-0.009768436,0.014210667,-0.0017783865,-0.018484011,0.023059227,0.07281336,0.006840299,-0.0036288481,0.019575953,-0.003119222,0.08312729,-0.038157202,-0.020548278,0.040769413,0.0636926,-0.049446605,0.0004789387,-0.0147453565,-0.058168534,0.029445568,-0.088311695,-0.044850074,-0.04411497,0.038999572,-0.0027888813,0.027732374,0.016536187,0.018752553,-0.017892342,0.03073215,-0.011273053,-0.053904973,0.021627618,0.025129883,0.05796396,-0.02241344,0.027774729,-0.016299311,-0.008195903,0.077154405,0.020731002,0.017304592,-0.0036246013,0.028027236,-0.001958182,0.073406756,-0.06062836,0.05140301,0.028902918,0.0129363,-0.024024691,0.015499164,0.036940087,-0.019970626,-0.054291274,0.041326977,-0.03949543,0.013331924,0.040851526,0.02150551,-0.044566356,-0.05537156,-0.02159752,0.009334408,0.035950057,-0.043676063,-0.00987591,-0.010252592,0.03520366,0.028377611,-0.016633485,0.030360267,-0.017081043,0.035941437,0.042618018,0.03784682,0.026290275,0.022904709,0.061139017,110,343
0.039595544,0.03765499,0.060221404,-0.09465422,0.019110873,0.054254577,0.025294555,0.034932226,0.013401536,-0.02430703,0.021654978,0.016737234,-0.0070129475,-0.029177591,-0.020401567,-0.031123439,-0.09414959,0.015260711,-0.037073392,-0.049205028,0.047819354,0.03466415,-0.0014046049,-0.031578172,0.008432735,0.006463181,-0.010822201,0.011359868,0.02083473,0.03792563,-0.029753784,-0.049309276,-0.023531001,-0.03247377,0.030093368,-0.010339808,0.0044912435,-0.023497436,0.029679572,-0.03513227,0.033712134,0.006268339,-0.04928159,0.024821555,0.043520078,0.05396702,-0.0009984851,-0.05175578,-0.03773292,0.024309121,0.032902967,0.022390895,-0.0076661105,0.075201765,0.01836068,-0.049490802,0.034000836,-0.089195974,0.018800702,0.0094509,0.020461014,0.0492538,-0.066823885,0.007902507,-0.029198466,0.011980258,0.022483792,-0.0027212985,-0.077908084,-0.054889016,0.0033632796,0.035684157,0.013063332,-0.002897432,-0.002084236,0.0060491916,-0.017635789,0.024129443,0.004619891,0.003789438,0.025354058,0.01024683,0.028736465,0.0106262565,0.046463575,0.02836607,0.019147221,-0.0055362526,0.03214498,0.07841179,100,344
-0.028745707,0.0012647007,0.10772056,-0.08341615,0.036694884,0.03770604,0.029635757,0.010230448,0.05798897,0.056625552,0.0117792655,0.005729036,-0.058593284,-0.059245877,-0.06339547,-0.04064211,0.02450398,-0.03906329,0.02690782,0.026126299,-0.00074833515,0.060196795,0.05036415,-0.023780245,0.017524866,-0.05856578,-0.056485876,-0.04025596,0.03579673,0.02274338,0.004402021,-0.035171587,-0.0075795893,0.025735598,0.10105744,0.046282224,0.059880443,0.032253563,0.01639659,-0.051431246,0.0057490915,-0.021547992,-0.021070013,0.002053325,-0.011412626,0.03850833,-0.038819842,0.05734072,0.020543996,0.00791673,0.08703994,0.0077206977,-0.05505225,-0.044466943,0.04281258,0.007664034,0.04667636,-0.086550996,0.048927836,0.011493361,0.045648947,0.019210499,-0.03710427,0.051568095,-0.086169854,-0.018586028,0.03671947,0.01389844,-0.04861845,0.015966674,-0.042569272,-0.048563622,0.01250004,0.020102166,-0.028231742,-0.008074577,0.00947149,-0.016472835,-0.01485324,0.0025266758,-0.035400603,0.0020478014,0.006455833,-0.009159506,0.038567815,-0.030585283,0.024292652,0.024753105,-0.056344867,0.073121294,100,345
0.008652654,0.01802633,-0.00021671131,-0.022684801,0.01874412,0.03264802,0.033297878,0.012401542,-0.035144374,-0.0106704915,-0.044957966,-0.0001402169,-0.03648789,-0.01749416,-0.042114284,-0.006713144,-0.00017836783,0.036300484,0.019494722,0.040960055,-0.0073007895,0.053037614,0.011452116,0.015225459,0.020339353,0.019225646,-0.05094499,0.05121158,0.025180731,0.043886945,0.011023713,-0.073822156,-0.03842499,-0.00053325656,-0.010769233,-0.056202654,0.012526972,-0.0045222566,0.011961083,0.04525677,0.08877997,0.021660171,-0.061726984,0.058364503,0.043141954,0.05330034,0.029462487,-0.008169888,0.00090005394,-0.025888648,0.03406578,0.032527283,-0.00052207895,0.050680857,0.0043750945,-0.032371003,0.094657175,0.012232326,0.07671659,-0.0664693,-0.0541877,-0.025071315,-0.048091706,-0.033805072,-0.013474227,-0.00080270506,0.02333532,-0.03115988,-0.028264433,-0.029903214,0.025958788,-0.002508549,0.035807393,-0.025076833,-0.03258027,-0.010550822,0.0130740525,0.020730939,0.012045691,0.012354577,0.04134211,0.034184545,-0.009487398,0.027249841,-0.003570443,-0.031524897,0.040723667,0.0074962494,-0.0081628105,0.023504838,112,346
-0.05202236,-0.03496231,0.050473955,-0.03849425,0.005650238,0.046685077,0.025236549,-0.032706022,0.014965137,0.0063754953,0.015564075,-0.028868925,-0.04422066,-0.082345225,-0.0009929948,0.00019832514,-0.0038186004,0.058882877,-0.0072003705,0.046537485,-0.013171213,0.032257646,0.008824784,-0.024024615,0.041551072,0.033633113,-2.3669563e-05,-0.03502425,0.011756749,0.0283725,0.045688935,-0.04050783,-0.024511682,0.00938851,0.06706418,0.061880365,0.06041938,0.008547418,0.042897854,0.048837483,0.0012153722,0.046593647,-0.02407354,0.042671435,0.07109688,0.010248963,0.014591482,0.035680138,0.036716178,0.022327848,0.1006078,-0.024757262,-0.04636434,-0.024982622,0.0155732855,-0.0489388,0.06717523,-0.04065727,0.026579576,0.06440644,-0.017670885,0.049371347,-0.0043917373,-0.0013370011,0.06239139,-0.010509171,-0.009342302,-0.02226723,-0.072963655,0.02940737,0.06770347,0.004646063,0.040008903,-0.00813735,0.0035292665,0.0373166,-0.015019793,0.07535951,-0.0051056882,-0.046882097,0.03299442,0.009934704,0.041635036,-0.010222501,0.012989212,0.07516915,0.010545498,-0.019500874,-0.0017161919,-0.010019645,100,347
0.013954741,-0.03101175,0.070886984,-0.07097015,0.021968696,0.10213641,-0.0052511487,0.012714189,-0.013397785,0.011377882,0.035965327,-0.0383589,-0.030200927,-0.08819567,0.0020376453,0.027277011,0.07442905,-0.016602812,0.046627775,0.048314415,-0.014872471,0.03655845,0.016374283,-0.009708393,0.06387482,0.014268029,0.029889688,-0.01174577,0.022778027,0.01995708,0.050173607,-0.061375882,-0.04404816,0.011321284,0.016244683,-0.07034915,-0.007230133,0.020968627,-0.0020002518,0.012298009,0.10760508,0.09187054,-0.08044711,-0.029117387,0.024407567,0.035123933,-0.0034248263,-0.0025668358,0.019172309,-0.002499462,0.0683491,0.01594947,-0.024566073,0.002209263,-0.0115993265,-0.026578102,0.11239393,-0.024191933,0.07441421,0.07386583,-0.0060894936,0.01656207,0.041664705,-0.030393884,0.00814359,0.020904213,-0.049441762,0.012640089,-0.011603964,-0.040579684,-0.002089437,0.029932166,0.023853116,0.015962234,-0.03686085,-0.007505639,0.028019952,-0.006741857,-0.024454538,-0.016268423,-0.014773358,0.028279584,0.043337993,0.044037797,0.02422609,0.063649386,0.05008175,0.05494418,0.02946164,0.0016852692,101,348
-0.0015946487,0.042752005,0.03674072,-0.08220608,-0.035121333,0.02670923,-0.044675484,0.0032262648,0.020853497,-0.071580626,0.013624796,0.04596532,-0.05036494,-0.07148978,-0.035870787,-0.037979,0.04748524,0.026738122,0.04393232,-0.09215653,-0.0061228275,0.0025363732,0.017509695,-0.04880259,0.01495876,0.05554896,0.009072577,0.003978627,0.07006225,0.05596751,0.024404172,-0.059019428,-0.03971342,0.06717651,0.08603774,0.011101949,0.03993483,-0.0014058258,-0.04942665,-0.013569489,0.06507384,0.06468639,-0.033387255,0.059262834,0.03037255,0.09133847,0.047097325,0.001737129,-0.017746592,-0.006465759,0.028742332,0.020289471,0.040504646,0.09412687,-0.0014984221,-0.047214463,0.082798146,0.05337939,0.039910045,0.048441455,-0.04783731,-0.00419275,-0.037066486,0.007938144,-0.05513186,-0.045438968,0.039399363,-0.003983099,0.00072180294,0.08287056,0.011446596,0.03894315,0.062204383,-0.059836593,-0.032207675,-0.0023327798,-0.006026864,0.013781957,-0.015624207,-0.0036757912,0.012326451,0.023930743,0.036692616,0.006445715,0.013513312,0.010409916,0.034896776,-0.010763169,0.0031646239,0.02202696,101,349
0.017765626,-0.0057330984,0.02889101,-0.02230549,-0.00014515966,-0.020837117,-0.025338164,0.04284381,0.009972439,-0.034443706,0.043507557,0.027814772,-0.016226463,-0.020924209,-0.04867116,-0.045675095,-0.011039235,-0.0338313,0.035820622,-0.02720688,0.044646144,0.049576454,0.021655563,-0.009094927,0.025247587,0.06490197,0.032327715,0.049560133,0.022100167,0.036989868,-0.009963995,-0.028266914,-0.022507368,-0.049496032,0.029285997,0.06775808,0.022256898,0.0012891032,0.039181687,-0.020331983,0.011336289,0.073133975,-0.037384536,0.037022144,0.0003914889,0.15529528,-0.02386574,0.026209243,-0.026650375,-0.025411587,0.101423874,0.01654682,0.0058214897,0.017647674,-0.03565999,-0.04666449,0.060133733,-0.080388665,-0.016310852,0.06365022,0.005716609,0.039858587,0.023165759,-0.021975765,-0.064279646,-0.050898932,0.02197914,-0.098753795,0.0053395033,0.051811844,-0.010734908,0.037185032,0.03247296,0.05369353,0.031498887,-0.068702154,0.020689808,-0.024862342,-0.042420644,-0.04741834,-0.017271914,0.024327844,0.08930828,-0.027813358,0.044340484,0.03444226,0.03213201,-0.03989288,-0.007866699,0.0374116,110,350
-0.0014437297,0.034973152,0.08173052,-0.033996895,0.005788524,0.040947225,-0.031953566,0.0132399425,0.022055162,-0.030559618,-0.010410728,0.015094984,-0.017767826,-0.022547375,-0.052926406,0.0014609857,-0.045469075,-0.0066716745,-0.024305873,-0.01733228,0.012695503,0.08884757,0.01827511,-0.02447614,0.05186638,0.071769364,-0.0136853205,0.010571299,0.025375657,0.05701037,0.05343467,-0.019049916,-0.0047184024,0.019614732,0.042900648,-0.013774557,0.0397222,0.07943843,-0.008927746,-0.011744894,0.030122595,0.110574275,-0.05655285,0.013375788,0.03314576,0.058274016,-0.021897769,-0.047300607,-0.032128893,-0.059359886,0.104376,-0.0004347628,0.020689413,-0.021618342,-0.026175503,-0.016920116,0.052682273,-0.050458256,0.029089807,0.04696581,-0.040550087,-0.019861527,0.0059437114,-0.021507971,0.03840419,-0.054559432,0.07957737,-0.0065363552,0.07861138,0.063495934,0.036878712,-0.042423286,0.033031184,0.02645218,-0.034843568,0.05868115,0.009994578,0.027491212,0.03566815,-0.027103165,0.078986086,0.030756978,0.009991268,0.030628214,0.0026183948,0.052986786,0.042705268,0.062025193,0.0016217965,0.08312903,106,351
-0.016336907,0.027787935,0.019162865,-0.037810456,0.07327234,0.035697225,0.0065767714,-0.0050482336,0.010242348,-0.034222424,0.0058927177,0.04011009,-0.018692948,-0.030606337,-0.07286461,-0.08764435,0.012603383,0.056225806,-0.013479537,0.06633755,0.045893535,0.05335547,-0.0031337608,-0.07669796,0.03081764,0.007881319,0.024843303,-0.0060222456,-0.005919205,0.013786782,0.024834117,0.025160983,-0.0798844,-0.006666752,-0.025032088,0.020959191,0.03675817,0.025705498,0.037496254,0.10089999,0.04553552,0.029757623,-0.012577907,0.012168273,0.04928612,-0.024873447,-0.022351729,0.0022148103,-0.018051539,-0.0049816277,0.023592446,-0.005382925,-0.012351928,0.0028957017,-0.013618261,-0.036215372,0.03798441,0.022982877,0.046938203,0.031499367,-0.005705525,0.0055188984,-0.02330732,-0.028790457,-0.01390894,-0.12946616,-0.011143036,0.017562415,-0.018302185,0.01541348,0.017369442,0.0013563249,0.010509361,-0.01217896,0.007415162,-0.0016362616,0.010749244,-0.05830457,-0.016486565,-0.016649403,0.033456244,0.039624456,0.019403953,0.02052897,0.0035174806,0.03280296,0.05501864,-0.052787323,-0.043808866,0.0579844,103,352
-0.045269303,-0.023443135,0.024733616,-0.022215193,0.04766557,0.041076872,-0.026822729,0.00037231378,-0.04216356,-0.049573634,-0.031599555,0.022576086,-0.0124063715,-0.019958759,-0.031202646,-0.018289588,-0.04406486,0.002359678,-0.003042928,-0.0751326,-0.050814442,0.017548168,0.023784226,-0.032828033,0.06765375,0.016558615,0.012667685,0.044868845,-0.015276315,0.018317945,0.064305775,-0.053476058,0.01614632,-0.029775172,0.0105239935,0.024588859,-0.017646056,-0.015166342,0.0072838245,0.001822483,0.02277993,-0.0070750453,-0.006337054,0.060433984,0.029168287,-0.030781142,-0.058361273,0.022093046,-0.018430246,-0.0007065628,0.044613075,-0.05480509,-0.03664685,-0.040996566,0.00071129017,-0.014257172,0.09413966,-0.08844074,0.052771963,0.061777726,-0.02112526,0.043935187,-0.0075480277,-0.0030815834,0.011096934,-0.030448416,0.040382378,0.001088025,-0.020111913,0.032603838,0.01521266,-0.022249058,-0.014405018,-0.017670926,-0.04232998,0.022811532,-0.0018795636,0.03257397,-0.020776168,0.017258445,0.040443532,0.0034245877,0.0071063377,-0.012414854,0.005165602,0.024422942,0.057446375,-0.042595815,0.040994924,0.008582298,106,353
0.019212224,0.05799993,0.07079789,-0.004681647,0.033490755,0.114560544,-0.027390542,-0.06410437,0.076118656,-0.0539248,0.009254215,0.012871339,-0.044653177,-0.03708714,-0.03028512,0.0023190062,-0.028941436,0.014508037,0.01970179,-0.008548851,-0.023110807,0.07146912,0.023963803,-0.030944847,0.05648183,0.011061076,-0.04059518,0.037061393,-0.07967386,0.07559608,-0.028803084,-0.041229464,-0.13228002,0.010063398,0.0914866,0.0037057423,-0.026194751,-0.02295493,0.03778661,-0.06694454,0.045500364,0.058984138,0.00030724145,0.0638189,0.00077473,0.12873536,0.007101048,-0.020105097,-0.010674652,0.036004394,0.006289646,-0.01753135,-0.037772506,0.056552827,0.02105693,0.031261593,0.055836204,-0.05747169,0.04819067,-0.012500451,-0.0436991,0.066497564,-0.035625912,-0.0049947854,-0.013616854,-0.05325704,-0.0322236,-0.10688116,-0.011411393,-0.054723512,0.06227573,0.0032708386,0.010708183,-0.012214403,0.05956858,-0.06298351,0.017807802,0.04153195,-0.009013966,0.018319815,0.046116967,0.04033664,-0.017494543,-0.03430644,-0.011811594,0.030381508,0.008212443,0.06963225,-0.0074712327,0.015275722,108,354
0.016360622,0.006094161,0.056426264,0.0011519119,-0.0025276793,0.036867693,-0.021227267,-0.03980251,0.028253289,-0.02281958,0.0046014953,0.038650494,-0.019062275,-0.04819693,-0.097550556,-0.032135192,0.059752397,0.03353572,-0.02173742,0.012548371,0.0024873232,0.056544334,0.023079583,-0.016960131,0.034680117,0.035012826,0.0074135577,-0.03817679,0.018422287,-0.025435273,0.04643441,-0.0052290186,-0.06263437,-0.037929118,0.101636365,-0.011819277,0.06969647,0.032351945,0.00027047284,0.00026151072,0.03473554,0.058291987,-0.05566674,0.05624029,0.018794047,0.027875701,0.020216271,0.049916036,0.020456716,-0.043892026,0.028883344,-0.008914307,-0.02979244,0.029430574,-0.023782454,-0.033063084,0.0792163,0.002692297,-0.013758972,-0.03575057,-0.06454284,0.0077854814,-0.03510511,0.019724809,0.04720652,-0.05827094,-0.008146705,-0.022018924,-0.005427515,-0.0020455485,0.05228653,0.0048177177,0.010945508,0.044623896,0.0061439434,0.021199204,0.017876564,3.2372773e-06,-0.013639088,-0.02829824,-0.0021070158,0.012721507,-0.0064636413,-0.002759236,0.035625733,0.020135349,-0.021866262,0.039103042,0.016235912,0.051421262,113,355
-0.07241554,-0.0025927993,0.056737535,-0.038061757,-0.0075673023,0.04403429,-0.008091154,-0.017053869,-0.030372964,0.03498972,-0.02247353,-0.0076828655,0.009351108,-0.049886387,0.030141361,0.00811773,0.11554293,0.028320573,0.02160014,-0.005962532,0.044476368,0.01259152,0.025966655,-0.056212824,0.08480555,0.034317087,0.0052405596,0.021030162,0.06899296,0.03394211,0.0055869017,-0.028147515,-0.009163191,0.04752218,0.052786566,-0.008775143,0.0022635758,-0.0065278336,0.028093733,-0.0017087213,0.028932536,0.08457154,-0.06771004,0.022403166,0.044590734,0.07750032,-0.018112442,-0.019819574,-0.032926533,-0.030257607,0.08652258,0.0605058,0.011137955,-0.043735035,-0.011790749,-0.00634915,0.04946512,-0.054954454,0.015469548,0.061484773,0.006510254,0.03464348,0.003913236,0.02870011,-0.03739392,0.003847696,0.04962469,-0.056406815,0.000984028,0.0093810605,-0.0042151026,-0.083092935,0.05021459,0.0034127077,0.006855431,-0.017176084,0.036208645,0.032873105,-0.014151461,-0.05141195,0.061710324,0.049274344,0.035021637,0.00030121766,-0.017533598,0.040630203,0.042275034,0.12853758,-0.03596929,0.04283239,109,356
-0.030859038,0.00039469916,0.033019133,-0.025213195,0.028444681,-0.0061380863,-0.066786245,0.019612242,0.021597624,-0.052500997,0.03298458,-0.025589205,-0.05020422,-0.0028290153,0.045387693,-0.03338467,0.048147786,0.03854064,-0.05375915,0.028652985,-0.037755653,0.055790808,0.030685045,-0.061335605,0.050375596,0.018587064,-0.015527647,-0.010445961,0.07859588,-0.009359818,0.017928699,-0.029561853,-0.02071024,0.019587524,0.07905038,0.09486968,0.06929569,0.011033441,0.05608473,-0.008689443,0.09199256,0.009820947,0.045512415,0.03524329,0.046424408,0.07019336,-0.022653013,0.013290687,-0.016982242,0.011856093,-0.00256712,0.031035276,0.033810172,0.0416392,0.037802637,0.009403795,0.06444385,-0.0007584281,0.052444763,-0.015057781,0.009451898,-0.01779294,0.0021354202,0.008820813,0.009374619,-0.030088186,0.038310595,0.03433488,0.03433188,0.016752139,-0.027865343,-0.040356435,-0.010350265,0.014422145,0.025430132,-0.017955981,0.0178633,0.03820263,0.027704116,-0.006317049,0.014917133,0.016483963,0.058666058,-0.032754034,0.05687274,-0.031124765,-0.008779194,-0.051191613,0.0046527334,0.043768957,103,357
0.006473993,0.09139071,0.064110145,-0.067483574,-0.015455585,0.024785712,-0.032928318,0.005488889,-0.012803422,0.03905801,-0.011696147,-0.0098717995,-0.05308772,-0.014522765,-0.040885434,0.022237875,0.011090066,0.0051678456,0.02059003,-0.0024294571,-0.020302776,-0.031136736,0.019552398,-0.039542124,0.04063245,0.034529872,0.0279538,0.026784386,-0.03888359,-0.016795699,0.07109979,0.013000086,-0.0524131,-0.033417564,0.043379612,0.0032146648,0.06524219,0.08987762,-0.024188947,0.013097289,0.047485113,0.025890445,-0.041033227,0.013445849,0.022243053,0.047282938,-0.02094097,0.028634254,-0.000608976,-0.05995204,0.11277084,-0.04948716,-0.021675562,0.022429243,-0.0026347302,-0.0065125767,0.05498281,0.002544757,0.029279329,0.0072002197,-0.020232532,-0.010384323,-0.03545631,-0.011019861,0.033020414,0.009943537,0.01154842,-0.027327124,-0.0010781884,0.057101615,-0.023396268,0.041036163,0.00920899,0.00020171143,0.020375274,0.00012294203,-0.0135855805,0.052779153,0.04365924,-0.026185753,0.035963476,0.05318666,0.038360186,-0.0060595777,0.004961543,0.029726924,0.0811494,0.05955387,0.05462251,0.060597092,109,358
-0.0048809843,0.050235588,0.03623737,-0.0787218,0.02080539,0.0017871559,-0.010988915,0.020298295,0.0059216493,-0.028695904,-0.015152857,0.03049034,0.0037075132,-0.055857256,0.0048059365,-0.008896081,0.04747669,0.019045454,0.02532743,-0.002776042,0.01085831,0.021512454,-0.0014570728,-0.026128706,0.04890005,0.030478436,-0.047034077,0.019755948,-0.048714265,-0.025931064,0.051028978,-0.015740816,0.010627523,0.027548924,0.062909596,0.04540757,0.00010527298,-0.014796186,0.071167186,0.016525652,0.09740999,0.11497225,-0.024146378,-0.0071307793,0.018838963,0.043865073,-0.005787258,-0.012051078,-0.035648376,0.044387072,0.064179786,-0.005824168,-0.0075809173,0.028439155,-0.037447423,-0.052981198,0.0639589,-0.013575865,0.07382174,0.006773703,-0.016482396,0.007196241,0.03386331,-0.024740372,-0.050816454,-0.017898373,-0.004637055,0.01964422,0.00863871,-0.0029320577,-0.029106703,0.033730492,0.0015868274,0.019286117,-0.022488806,0.019204717,0.010913938,0.007504088,0.01775371,0.018469915,-0.016617253,-5.4769218e-05,0.070726395,0.019194629,0.0150374025,-0.0054838266,0.052426588,0.0023745243,0.0030902633,0.06827124,101,359
-0.059570614,-0.010051509,0.020684492,-0.06783226,0.046294075,0.049371112,0.015624089,0.0012297712,0.05772478,0.032848343,-0.020998929,-0.012791006,0.018833403,-0.10189773,-0.052321963,0.009498797,-0.028614022,0.018843064,0.0035512852,-0.06533933,-0.017476264,0.022836138,0.043964796,0.0077520944,0.07786209,0.042736024,0.008115978,0.05159526,0.028601963,-0.019765329,0.07093542,0.043759443,-0.00913917,-0.00586942,-0.0017093085,0.0042396486,0.004565507,0.04007277,-0.02261345,0.0035646996,0.09623723,-0.00903105,0.013155051,-0.007118173,0.06171728,0.07277812,-0.03581199,0.00137662,-0.024089776,0.017844006,0.08812092,0.011145847,-0.0025425311,0.035867106,0.018698957,-0.07192613,0.0628558,-0.019135928,-0.016255971,0.028808203,-0.022909395,-0.0042886836,-0.018974662,-0.017937047,0.0002912311,-0.058354516,-0.015270863,-0.036231115,-0.085942894,0.006391901,0.019576736,0.03396774,0.013054557,0.03274791,0.014393273,-0.028836478,0.0050189057,-0.048250422,-0.0019645905,-0.02340227,0.024426578,0.012768577,0.06285064,0.027469158,0.071894966,-0.024465593,0.008183289,0.0636082,-0.0058909375,0.021988736,112,360
-0.025301365,0.04200635,0.0438504,0.040139847,-0.01141618,0.020782897,-0.04204182,-0.015616831,0.01534194,-0.025581252,-0.040026933,0.023816723,0.016323112,-0.05750032,-0.022615595,-0.050823506,-0.045674197,0.0160158,0.029048536,0.022646278,-0.011280915,0.0911873,0.020833345,-0.031312786,0.04771092,0.012683477,-0.031473964,0.06837424,0.05187369,0.039675362,0.008069266,-0.04022047,-0.056633603,0.04165266,-0.06342818,0.008953548,-0.027887903,0.050545126,0.0412278,-0.0016391999,0.106024325,0.026070677,-0.013366322,-0.009568132,0.020649469,0.0609277,-0.022320427,0.041496426,-0.015748708,-0.014224023,0.058167603,0.049028777,-0.04246223,0.060924158,0.019719219,-0.06379464,0.0915413,-0.04416979,0.07659404,-0.0034445785,0.014243897,-0.025476918,0.02716862,0.015907513,0.041300904,-0.010066366,-0.0026036547,-0.017666921,-0.0500705,0.028404268,0.05446534,0.018034864,0.045384683,0.013225917,-0.022060927,0.052407023,0.020038797,0.032207794,-0.0128032435,-0.03792335,0.004207882,0.041658938,0.013472586,0.060070984,0.044027887,0.020990556,-0.06385004,0.06371591,0.014217489,0.020979587,104,361
-0.019240765,-0.0022062887,0.10796327,-0.027764188,-0.026569918,-0.016243856,-0.028678527,-0.02192936,-0.027997358,0.0656779,0.019257762,0.014646485,-0.03297588,-0.047406342,0.02505326,-0.050150592,0.028320726,0.0054987036,-0.040016327,-0.015455515,-0.07544707,0.035538547,0.019404957,-0.04676929,0.054507494,0.04281492,-0.019321222,-0.03909681,0.0038769078,0.003692042,-0.051868208,-0.031141205,-0.012123162,0.006010098,0.044673596,0.0020081364,0.090987206,0.04166171,-0.055057418,-0.064935744,0.049593072,0.009229055,-0.013362938,-0.0385222,0.0104518365,0.05997597,-0.03192584,-0.015304739,0.02741209,-0.030172804,-7.500872e-05,0.011758018,0.035975304,-0.025267264,0.01619257,-0.035946257,0.013279654,-0.0305073,0.0186768,-0.0127453,-0.029981954,-0.0029959008,0.051559873,-0.00973775,0.03732945,0.011726636,0.003726374,-0.06883557,0.013372246,0.044971958,0.038884036,-0.005091427,0.008404759,0.049207106,-0.059050366,0.046118565,0.030569006,-0.01573186,-0.032470275,0.02379259,-0.041682366,0.03892815,0.02526636,0.015749617,0.06449152,0.005465105,0.05676,-0.019193232,0.04730767,0.015634146,112,362
0.03497421,0.059050404,-0.0061276257,-0.054317415,-0.010840321,0.024845665,0.04066388,-0.00728162,0.013580771,-6.8928115e-05,-0.040668678,0.02730396,-0.050281093,-0.002388481,-0.011186866,0.012793802,0.04654142,0.009844115,-0.012833275,0.0259648,-0.043068647,0.048923135,-0.019745154,0.008596377,0.035878487,-0.016039042,-0.051948316,0.07154184,-0.031242596,-0.010889869,0.034925617,-0.03910668,-0.0496941,0.030270595,0.018993195,0.011033261,0.0973295,0.01666095,-0.030988917,-0.04339171,0.11420555,-0.004154682,0.023599133,-0.0045026606,0.037719905,0.024546383,-0.028449377,0.027797168,-0.03869249,-0.0049122893,0.024261773,-0.0009157881,0.05206912,0.031222804,0.053640462,-0.12574269,0.051588524,-0.027111165,0.018072661,0.01437499,-0.028624954,0.02042831,-0.0008518484,-0.024655562,0.04090215,0.014847957,0.01921166,-0.036045734,-0.036981978,0.034631185,0.017941248,-0.04117918,0.0350737,0.019290913,-0.044474736,0.008770179,0.0056605847,-0.009281747,-0.046421703,0.005679579,0.017658625,0.05830526,0.028503511,0.019949304,0.01892009,0.01652872,0.031584963,0.026505906,-0.036643263,0.016982,107,363
-0.027754191,-0.009770161,0.06624283,-0.030876733,-0.015999394,0.028211731,0.024914786,0.045191515,0.019080874,-0.06269115,0.00025399192,-0.03675778,-0.003252769,0.022366717,0.028994612,-0.037289258,-0.009816529,0.022514151,-0.032560002,-0.057022393,-0.037597865,0.015275431,0.032754436,-0.039934672,-0.020946875,0.02314177,-0.011817262,-0.039695647,0.05310928,-0.0072598476,0.00082586706,-0.011758201,0.030585423,0.008108264,-0.010855623,0.012767481,0.06686367,0.007845573,-0.022441752,-0.049169697,0.024471132,0.05526455,0.009510122,0.0032291282,0.02254406,0.033944868,-0.02231068,-0.020738937,-0.052941315,-0.040116422,0.08244781,-0.0145319905,0.0070823347,0.06010741,0.05734793,0.018832818,0.0036868267,0.032372337,0.036664817,0.024305701,0.02041374,0.051895604,0.039175157,-0.07977455,-0.107791826,-0.071083516,-0.014290169,0.020716362,0.062893726,-0.03136788,0.02595117,-0.0139476005,0.0192997,0.0046775397,0.037415706,0.017219175,0.050540276,0.10378803,-0.052913044,-0.0071104835,0.012969381,0.026139954,0.035547145,-0.03767082,0.030730775,0.03299518,0.054994438,0.04129105,-0.0019644853,0.039533876,113,364
-0.008061867,0.015626999,0.07857068,-0.07075258,-0.0050162678,0.082088456,-0.0076013617,0.031004224,-0.01389635,-0.0024103052,-0.010392013,-0.021916255,0.010241982,0.08276814,-0.034229912,0.024695922,0.05353141,0.0044752564,0.01902903,-0.017006665,0.03450925,0.036642227,0.03878751,-0.061437737,-0.025960986,0.019258196,-0.025598675,0.013234278,0.12005371,0.011525763,0.01554404,-0.02298757,-0.103938706,-0.0055300337,-0.0020791367,-0.051660713,0.083385214,-0.01878535,0.023949215,0.0051795254,0.020778824,0.0060062893,-0.054963198,0.040726304,0.045671158,0.02822312,-0.034180142,0.00010843761,-0.0414192,0.021565259,-0.0069786385,-0.008105841,-0.026568495,0.030541848,-0.019595187,-0.046634283,0.047744304,0.004541654,0.0081525855,-0.015506331,0.07050977,0.0016451213,0.038014177,-0.00023839157,-0.052808747,-0.015350702,0.014739787,-0.050204694,-0.055309623,0.011884054,0.05267946,0.010352902,0.016713982,0.03633092,-0.024562776,-0.003630619,0.062166266,0.023568502,-0.013571936,-0.023098452,-0.01810323,0.018269584,0.05359719,-0.016754773,0.04553815,0.026933989,0.023475852,-0.027185041,0.035749733,0.014106888,101,365
0.009868619,-0.013511265,0.07255259,-0.033270277,-0.047059104,0.05497366,-0.0793984,-0.015181173,-0.030307015,-0.011751985,0.023132052,0.00032136217,-0.008222804,-0.040697128,-0.045675475,-0.022867989,0.091456994,-0.007856196,0.0019119186,0.061393954,0.0034501487,0.012396827,0.014662892,0.0128794685,0.02500184,0.057419494,0.017449351,0.0051980345,-0.09258317,-0.03780668,0.03397719,-0.07276037,-0.00035893545,-0.0149678085,0.06385079,0.02347376,0.06076766,0.050589066,0.06772823,-0.053321686,0.067486666,0.020284755,-0.034605995,0.021646267,0.008202411,0.053555742,-0.039917056,0.004679684,0.056401648,-0.03126987,0.046422724,0.03222679,-0.09026993,-0.020855533,0.007842019,-0.09941442,0.039173707,-0.07340391,0.037723545,0.056272972,0.011318043,-0.0025735758,-0.019728705,-0.0040131565,-0.022401834,-0.07198358,0.07452232,0.0023030862,0.013259497,0.017750772,0.009026488,-0.040064372,-0.017906932,0.017559312,-0.041745633,-0.0279608,-0.01991873,0.024204986,-0.09171894,0.0070176907,-0.007792552,0.029015172,-0.020382045,-0.011989212,0.05450435,-0.03719584,0.056607224,-0.0011351369,-0.024981715,0.061833218,103,366
-0.0813126,0.04155931,-0.03641527,0.029569604,0.037034992,0.06869724,0.01089327,0.03428806,0.0031720893,-0.04058428,0.015473978,-0.015919667,-0.033704385,-0.044621926,-0.026309822,-0.017389607,0.033380046,0.037321962,0.042651016,0.043834195,0.006683102,-0.010227993,0.0046970537,-0.07672487,0.0061788894,0.030532792,-0.0008357819,-0.019936718,0.06601063,-0.034298617,0.09276725,-0.09697962,-0.021005876,-0.0454568,0.047280315,-0.02107012,0.03911054,0.060267743,0.025936207,0.057251412,0.08136112,0.06085819,-0.026948387,0.020495825,-0.04668644,0.08531003,-0.051750254,0.001014641,0.042693913,-0.021909475,0.08137408,0.032670476,-0.0025678538,0.037735447,-0.04224221,-0.051301457,0.085513026,-0.04502024,0.03387045,0.035639774,-0.03579165,0.012418707,0.0023532985,-0.035872858,-0.018521992,-0.016473476,0.012254486,0.0012301877,-0.054631814,-0.035527498,0.0022620223,0.07195938,0.03437996,0.0070758937,0.008364788,0.041000154,0.011734722,0.06913963,0.019717801,-0.036916632,-0.028240427,0.043025717,0.057287477,2.949033e-05,0.04288256,0.038581274,-0.0015298501,0.027826823,0.01243632,0.060755484,103,367
0.013780161,0.04633922,0.053426314,-0.024644021,-0.023360103,0.032805007,0.07117844,-0.010810228,-0.042488232,0.060573556,-0.08109094,-0.005955306,-0.061523333,-0.009020831,-0.09832365,-0.008210192,-0.016390333,0.050577357,-0.03140941,0.016180009,0.028368514,0.02499378,-0.009847861,-0.015646998,0.020227147,0.008137504,-0.030611321,-0.03689342,0.028898826,0.000696674,0.02713134,-0.0071783923,-0.004873501,0.023006875,0.0994934,-0.052151635,0.04726598,0.022340156,0.02894048,-0.017983906,0.05499646,0.0122040715,-0.025711918,-0.023812205,-0.0024252217,0.072907686,-0.037016593,-0.03021161,-0.046291344,0.034189556,0.044582725,-0.0055218544,0.0035743827,0.02186824,0.03421764,-0.014696426,0.07587085,-0.049514174,0.04783532,0.050425034,0.020907866,0.059121616,0.015801506,-0.015110169,-0.017152965,-0.037261814,-0.00079812855,0.039897617,0.024642892,0.02977746,0.025420787,0.02849621,-0.029693007,-0.0002984926,-0.054190237,0.043447282,0.00077448133,0.05957058,0.053439293,0.015976544,0.006116068,-0.0018118918,0.03594701,0.026872745,-0.0054191276,0.03864541,0.058809258,-0.027305376,0.012555615,0.02658061,105,368
0.010935554,0.055793934,0.010836735,-0.03733092,-0.003840221,0.026991542,0.027550623,0.06088414,-0.008463751,-0.02553275,0.023038192,0.0046891836,-0.0535461,-0.052821912,0.042142052,0.054619446,-0.00488647,0.044112504,0.013930151,-0.037820827,0.042881355,0.07804347,0.02955346,-0.030640764,0.02527603,0.04103796,-0.0020423415,-0.005410061,0.03977666,-0.050648708,-0.046860762,-0.0324405,-0.051534306,-0.008428752,0.10991755,-0.021213885,0.07217398,0.020138197,0.051313184,0.04355949,0.032356054,0.035566658,0.015486114,0.03011603,0.0017741714,0.083051056,-0.01195595,0.022344049,0.048198074,0.0070479633,0.072455645,0.008237539,0.02067847,0.017756946,0.018146275,-0.024490446,0.014536742,-0.032322347,-0.011846915,-0.048856523,0.0062320028,-0.0049499813,-0.012893241,-0.031197384,-0.0068912264,0.002948137,0.06527072,-0.017953325,-0.00067026913,0.04682851,0.033622563,0.009724007,0.030025527,-0.002307401,-0.047408912,0.025161207,0.047386967,0.04004865,-0.022215404,-0.021717384,-0.02188975,0.022044908,0.011637129,-0.027144572,0.053982213,0.0055324677,0.03152224,0.036292788,-0.02455008,0.04008443,114,369
-0.04014526,-0.005249629,-0.016513817,-0.026467372,0.021233656,0.065237254,-0.016330197,-0.041659314,0.012684045,0.07260021,-0.0074343067,0.0016790754,-0.0010913843,-0.00060738996,-0.092148095,-0.09131042,0.019115433,0.024708644,0.0053881137,0.020062022,-0.019602744,0.018055174,0.04385401,0.026035935,0.003984213,0.015050983,-0.011837004,0.08559321,0.043491784,0.019348357,-0.012594048,-0.062306188,-0.048701584,0.03382114,0.031316012,0.0007391758,0.00402778,0.08673105,0.06072096,-0.007614385,0.039300717,-0.061020102,-0.009592037,-0.03327346,0.029036483,0.09042986,-0.039055914,0.0080185635,-0.018067127,-0.041016437,0.030505974,0.009588547,0.03652716,0.036904596,0.057605535,-0.007316473,0.1253765,-0.09724507,0.10000878,-0.012907756,-0.035802215,0.06058511,-0.03744392,0.050474778,0.045846973,0.0048634373,-0.02716028,-0.014397721,0.009574257,-0.003453056,-0.021752771,-0.038502343,0.021349818,0.031334303,0.04363332,0.02123442,0.040789753,-0.028780922,0.0014662798,-0.01398767,0.019926718,0.02320198,0.044939093,-0.021816982,-0.018561533,-0.0070967022,0.033698797,-0.017302051,-0.015810218,0.026736353,107,370
-0.04931624,-0.014957668,0.05225997,-0.054255713,-0.00965249,0.074691355,-0.01340129,-0.016582754,-0.04737179,-0.043792624,-0.044672113,0.02841031,-0.039686486,-0.096354894,-0.03863605,-0.036855944,-0.08252954,0.0010077422,0.016343243,-0.011350666,0.0789854,-0.0104379915,0.0047204234,-0.10938175,0.043090828,-0.019051598,-0.051803105,-0.026694126,0.027919725,0.008993547,-0.04615357,-0.038772922,0.0028458852,0.023741748,0.08287779,-0.006318489,0.020892216,0.03602777,-0.015769456,-0.031282954,0.092006296,0.026313305,-0.056488313,0.023298252,0.010400895,0.057427842,-0.022282414,0.04175611,-0.024099354,0.0070225326,0.104857184,-0.022220923,0.0065473607,-0.006132921,-0.010982204,-0.11993407,0.0133856125,-0.11222777,0.010613866,-0.011902853,-0.030219076,0.05830034,-0.018422522,-0.0422822,-0.011123359,-0.08339229,0.0033001807,0.0149014555,-0.031704236,0.025926141,-0.023999233,-0.030549422,0.0013168305,0.017076738,-0.028926328,-0.042127173,0.020676352,0.04197304,-0.0018905625,-0.010448689,0.02434988,0.017732523,0.019971512,0.0043841274,0.0120462235,0.028092662,0.029043544,-0.017772183,0.003041524,0.09378858,106,371
-0.031822216,-0.012054807,0.11021249,-0.065960966,0.020002188,0.045734145,0.013962112,-0.015135525,0.012061464,0.01895068,-0.047149844,0.05127852,-0.07997577,-0.018215667,-0.08849371,-0.009599112,0.0016553327,0.031678997,0.007508437,-0.0077537587,-0.038159065,-0.044461258,0.023051366,-0.0051182806,0.0462157,0.07420364,-0.0009176312,-0.022935376,0.016137064,0.0037152409,0.042181082,-0.05303859,-0.034549113,0.013692966,0.014543492,0.027449997,0.092392646,0.027454242,0.0052215178,-0.01558378,0.08185081,-0.00602255,-0.029232755,0.03697988,0.043483533,-0.023272306,-0.08953817,-0.019700622,-0.0017264269,-0.04911392,0.070705555,-0.041002452,0.012556111,0.006282581,0.029880028,-0.006318895,0.09772701,-0.04593904,0.035523407,0.023617314,0.019049225,0.044573322,0.052749224,-0.041771244,0.0034696609,0.00044653565,0.051956575,-0.0068206443,-0.07732724,0.0012202086,0.058779836,-0.010613289,0.026635572,0.00037393626,-0.012777599,0.022382464,0.02133427,-0.056677736,-0.015673796,0.063295014,0.023244703,0.049246877,0.029450346,-0.051250115,-0.0014892556,0.011227487,0.048254345,0.02753767,-0.0018908689,0.063141674,107,372
0.03618573,0.016773544,0.034666408,-0.018997185,-0.0067611244,0.108726025,-0.02193818,0.0048689093,0.0345686,0.0214254,-0.013198635,-0.041634444,-0.0069654565,-0.0005141534,0.06695585,0.038691994,-0.017210878,0.0065374877,-0.015582317,-0.05343797,-0.02615204,0.0724165,0.031258736,-0.04164996,0.09617977,0.008818927,0.007251599,-0.008067632,-0.00027982332,0.03399743,0.027502619,-0.04702615,-0.024679193,0.068234354,0.051936746,-0.027357161,-0.010664515,0.030962862,0.035821505,0.020611499,0.0020321682,0.03385511,-0.00398642,0.059453957,0.026300974,0.10016386,0.018715339,-0.027199319,-0.025531536,-0.016020486,0.020433515,0.028302899,-0.018977642,-0.0019374713,0.04087853,0.0073793493,0.066363476,-0.02058605,0.00029686466,-0.017712656,-0.018576456,-0.01041148,0.009449574,-0.037008196,-0.010103952,-0.048137285,0.03379861,-0.043353572,-0.014001551,-0.024209354,0.011526677,-0.0039410414,-0.028409006,-0.0024715401,-0.06479657,-0.011449851,0.016567506,0.039100707,-0.018180083,-0.020419365,-0.00040909462,0.0066072745,0.0025851494,0.037573613,0.042891614,0.06255757,0.019943932,0.0015297495,0.037230846,0.0020658635,112,373
0.005158794,0.027038462,0.08211237,-0.021241855,0.062846914,0.03716026,0.0005857004,0.019377586,0.070902914,-0.039091706,0.0024680141,-0.00043467805,-0.027678307,-0.0050328746,0.030267932,-0.06274314,-0.049268976,-0.06609843,-0.045845047,-0.020752188,0.040604927,0.07129058,0.05838097,-0.07751307,0.048376154,0.010668911,0.0055532465,0.011322118,0.061811082,0.023423607,0.00645601,-0.08259705,0.0039014556,-0.06122114,-0.018453985,0.046069395,-0.030411012,0.03355757,0.062233996,-0.027857695,0.07509884,0.043365445,-0.023663465,0.017486151,0.028795695,0.07438449,-0.061381325,0.008945487,-0.0292385,0.011548153,0.098614976,0.0036783707,-0.018698767,0.061068714,0.0138965,-0.034744915,-0.0010206997,-0.088834904,0.05393131,0.007165851,-0.039688695,0.058776654,0.05474611,0.015774705,0.00097402744,0.0073942915,0.0018032547,-0.042643804,-0.038745314,-0.0004386534,-0.0038668457,0.08042877,0.016282186,-0.026449498,-0.009947404,-0.010446197,0.042693295,0.062393397,-0.012989795,0.01764462,-0.0025778748,0.056473296,0.0254593,-0.01703317,0.019214371,-0.0049697924,0.013443587,0.063565776,0.034609523,0.110766575,102,374
-0.03701026,-0.025631068,0.050205067,-0.078647956,0.008570515,0.01894036,0.0330869,0.054863166,-0.024121273,0.011867626,0.0021954612,0.02574931,0.006669719,-0.019937653,0.05677445,-0.014838012,0.039572403,0.009538759,0.0068290806,0.009995465,0.01081972,0.010419285,-0.009869846,-0.02308571,0.07450888,-0.008714277,-0.053695913,-0.040868293,0.10822753,-0.013368804,0.018023143,-0.04867366,-0.0045577846,-0.014017079,0.04512357,0.017703677,0.06222993,0.052450974,0.036341876,-0.028564654,0.02375435,0.060808495,-0.019554988,0.036816165,0.020425877,0.06606992,-0.023538843,0.052822158,-0.023764972,-0.01658956,0.064215004,-0.0033823503,-0.036009498,0.036173392,-0.05575348,-0.002152551,0.034942947,-0.026107896,0.03564908,0.008520071,-0.059710227,0.020355007,-0.018292475,-0.024638565,-0.002705366,-0.08846101,-0.011170888,-0.026169946,-0.021618702,0.009350087,0.0058118813,-0.018041756,0.08898954,0.032140695,0.063822985,0.014067907,0.0756748,0.071288414,-0.070577815,-0.0024296183,0.017023135,0.041258372,-0.026519803,0.048104495,-0.00070427917,0.062176358,-0.025684927,-0.11367195,-0.0012254827,0.041256398,114,375
-0.0019758334,-0.033746243,0.03015335,-0.01650819,0.024125393,0.04448376,0.031296816,0.014620739,0.023738513,0.027521946,-0.032295235,-0.019265154,-0.008651088,-0.03686426,-0.03296219,0.032248355,-0.039548792,0.030888058,-0.01536337,0.05547552,0.0627032,-0.0043943115,-0.0059965868,0.00034302846,0.0073294863,0.051634222,-0.035455853,-0.021723889,0.046150792,-0.008510822,-0.01098611,-0.043208394,-0.0317176,0.005814026,0.105063125,-0.005562981,0.060673527,0.02167408,0.002982244,-0.020107852,0.010584995,0.12310177,0.004956238,0.07918544,0.038384456,0.0400225,0.050856195,-0.005920263,-0.032686874,0.020385839,0.031546604,0.0256669,0.045698456,-0.009063875,-0.013647925,-0.0938562,0.06840205,-0.021660851,0.0002303049,0.023896687,-0.06153377,0.040707167,0.024166387,0.0045743342,0.031903032,-0.024711732,-0.027247764,-0.04223761,-0.02674199,-0.0067359703,0.028549975,0.03895276,-0.0017885529,0.026776027,-0.012454402,0.0021623496,0.052393176,0.031927213,-0.006520783,-0.03339281,0.03324178,-0.013031522,0.021410089,-0.081734225,0.035324648,0.056730263,0.04380865,-0.030531518,-0.033133578,0.029945761,113,376
-0.057829864,-0.0015309332,0.026508521,0.011439599,0.025247784,0.0032696128,-0.010045182,-0.05110547,0.0426497,0.02536328,-0.021900866,0.02881604,-0.010191445,0.008598458,0.051980108,-0.000146823,0.030632012,-0.00026724488,0.02463431,0.03566749,-0.050752312,-0.0007817261,0.023461986,-0.025191633,0.02177654,0.0033281017,0.011040478,-0.02928698,-0.043585986,0.038874544,0.05738294,-0.0031640437,-0.009879074,-0.005479106,0.08216661,0.026942994,0.033315483,0.08761649,0.052860513,0.013546432,0.050329763,0.048510343,-0.006945232,0.069119826,0.023515277,-0.037436318,0.014742324,0.012155081,-0.0019823532,-0.023650106,0.06480775,-0.017204667,0.0044253,-0.016699908,0.022756036,-0.0065727765,-0.0311995,-0.05714568,0.002550112,-0.022761196,-0.09867123,-0.012598805,0.03793043,0.026476176,0.079065606,-0.0039370637,-0.008573132,-0.009290861,-0.04572817,0.021216761,0.038499016,0.014101814,0.026256362,0.012071688,-0.04271849,0.062783174,-0.037268035,0.02587947,0.008059632,-0.024988834,0.034699306,0.010730497,0.03883557,0.035505153,-0.0030982979,0.040337324,0.016373292,0.031069856,-0.028960977,0.057841666,105,377
-0.0028733416,-0.02967056,0.04808518,-0.018701937,-0.0014148578,0.0318579,0.033067036,0.044882808,-0.04774469,-0.016646843,0.015739085,0.008084196,-0.020850137,-0.005362671,0.016375653,0.019096145,-0.031153537,-0.000724826,0.008476755,-0.015524404,-0.04070238,0.06425917,0.025527157,-0.032716095,0.009259075,0.03220398,-0.0010319706,-0.06705953,0.062158898,0.078195006,0.060633823,-0.041155145,-0.019112878,0.023953695,0.10322028,-0.02052302,0.033328455,0.08938438,-0.048827138,-0.05124498,0.09146735,0.014340457,-0.07946736,0.020911722,0.047716424,0.05884711,0.024315689,-0.0479782,-0.049984798,-0.014206532,0.086913094,0.019188391,0.051015172,0.023870552,0.03301175,-0.08080807,0.061434828,-0.110474244,-0.0047550052,-0.018947665,-0.019406633,-0.0044786856,-0.009857891,0.017023785,0.037321232,0.038899884,0.031687375,-0.05856278,-0.06443328,-0.017435245,0.05056501,-0.02958522,0.06419653,0.041401662,-0.008749021,-0.011706331,0.011519643,0.03519756,-0.04942059,0.0013387592,0.060980354,0.016431645,0.0035336372,-0.0129393805,0.043140583,0.03282053,0.061963573,0.008193479,-0.023186583,0.07310318,114,378
-0.044848695,0.021802573,0.10120091,-0.075492844,-0.014640104,0.066603824,0.015301393,-0.0076859365,-0.015048893,-0.037950646,0.04504417,-0.0067993235,-0.01610952,-0.027508449,0.01601563,-0.06068568,0.09315606,-0.007875983,0.018156819,0.013691116,0.02083038,-0.03164586,0.031658255,0.011377215,0.047223058,0.05442547,0.00031501334,0.0005231709,0.08786074,0.028540462,0.02651788,-0.056186438,-0.031311516,-0.024386898,0.014444552,-0.033350192,0.08121382,0.033188,-0.0020720698,0.010832709,0.05550883,0.03144355,-0.006941067,0.021340372,0.06861216,0.03903936,0.0017952789,0.02768733,-0.016393386,-0.010468749,0.07144367,-0.04477777,-0.020128466,-0.04006532,-0.005179554,0.018361099,0.040990397,-0.022954127,-0.001915304,0.030769836,-0.05523341,-0.008330559,-0.0032990042,-0.04526222,0.061208937,0.0034276135,-0.0051687434,-0.033344854,0.013490424,0.039790284,0.03253207,0.025204416,0.026848275,-0.0355662,-0.0016635974,-0.018175729,-0.034985147,0.030839352,-0.045729592,0.016956734,-0.022609722,-0.0015669186,-0.021057216,-0.04439126,0.046881653,0.0678319,0.012548175,-0.01516636,0.011960648,0.061442573,107,379
-0.06815505,0.019005358,0.0030466355,-0.025806895,0.04098042,0.065115675,0.0019616415,0.04037824,-0.056604877,-0.045957148,0.016097188,-0.01361336,0.0038325805,-0.056021616,0.03575018,-0.0047699604,0.06671157,0.027735565,0.02339876,0.020019906,0.0075691957,0.05786544,-0.00014228746,-0.018755112,0.05753258,0.060338296,-0.016055154,-0.025546137,-0.03245946,-0.022745416,-0.030760676,0.00028746203,-0.076601714,-0.011550222,0.046372257,-0.016069962,0.044873096,0.024123397,0.006322885,-0.059255693,0.075096354,0.06903673,-0.058566794,-0.02760617,0.056510106,0.031767506,-0.04978578,0.0218919,0.022529544,-0.047264665,0.044044457,0.0346976,0.023047538,0.031239912,0.02179938,-0.01784842,0.055176113,-0.041050058,0.044588946,-0.008557173,-0.009356417,-0.0205005,0.05965614,-0.058555104,0.0029492676,-0.08655378,-0.011335082,-0.031515814,-0.034996312,-0.017999435,-0.009245388,0.016243313,-0.028360069,0.04491135,0.0007402268,0.024304792,0.015953897,0.07451706,-0.071528286,-0.0092328,-0.0076718526,0.06209564,0.010347167,-0.0014390089,0.066308096,0.023028396,0.0076215677,-0.019115813,0.0036751917,0.06516418,102,380
-0.002421259,0.0365832,0.013055943,-0.077634506,0.017950568,0.017252835,0.083839275,-0.016437504,-0.010778366,0.00525257,-0.013019076,0.009277739,-0.011314232,-0.032893233,-0.012792967,-0.021803724,0.044485986,0.085284024,0.07599426,0.010924976,-0.07071004,0.049805686,0.037716635,-0.008098267,0.05356539,-0.021744488,-0.007585193,0.06527979,0.10064124,-0.019649006,0.085006796,-0.01035247,0.013023257,-0.01700995,0.037297156,0.0023405994,0.0584885,0.025875974,0.036074053,-0.05445845,0.05619164,0.07028137,-0.010192644,0.035142943,0.06434075,0.08325431,-0.0059215655,0.0058524045,0.0214382,0.013951263,0.0689591,0.010367211,-0.02426252,0.025336001,0.034473527,-0.017950436,0.050487455,-0.0073422324,0.06440893,-0.029947985,0.0386625,0.03497922,0.08331412,-0.030246964,-0.0037400355,-0.041025728,0.016600728,-0.07350449,0.002492942,0.005694,0.015808787,-0.008619435,-0.021394325,0.0020538364,0.016736783,-0.018752009,0.01847735,-0.008311056,-0.037951626,-0.032689873,0.029254533,-0.01035396,0.05905155,-0.047214814,0.009464997,0.030890908,0.06491937,0.034526967,0.015388083,0.03892028,103,381
-0.007989586,-0.017923916,0.014450546,-0.010490423,0.041813806,0.0045085438,0.008738909,-0.0531172,-0.0052206777,-0.021198256,-0.012039287,-0.031836435,-0.094338164,-0.016338196,0.044617362,-0.06287093,0.058186106,0.020942504,0.009416173,-0.027093057,0.026620882,0.033605993,0.01303971,-0.095036305,0.032604672,-0.0069616344,-0.06468967,0.03147206,-0.02463209,0.008947525,-0.02758184,-0.066027865,-0.046690367,-0.03146217,0.09726082,-0.01963089,0.03928759,0.05779291,0.01928739,-0.01949583,0.00011205301,0.031109557,0.010841984,0.036215693,-0.0019605793,-0.008454736,0.045600124,0.005021689,-0.02761446,0.016834747,0.012893096,0.0071583237,0.03964184,0.0340385,0.03565552,-0.046717446,0.07392147,-0.06947523,0.035864532,-0.006731591,-0.04622972,-0.0019500796,0.06842882,-0.032588705,0.009151455,-0.032585196,-0.0041690078,-0.02952678,-0.062393304,0.027846958,0.009939448,-0.062197,0.012083996,0.027668532,0.0452013,0.022285782,0.018866906,0.05070253,-0.06819868,-0.032328464,0.0020285062,0.058281027,0.027747642,-0.03189622,0.017925804,0.05888354,-0.005931508,0.04438981,0.060651276,0.041972168,108,382
-0.0045484267,0.027023545,-0.016888179,-0.022670899,0.0317045,0.03182302,-0.0034272354,-0.0076514184,0.0028367569,0.035655364,0.035548277,-0.038954813,-0.03050257,-0.029457297,0.053410284,-0.057783924,-0.03814324,0.03662906,0.08325261,0.03592818,-0.058863938,0.05010517,0.040076844,0.0014712028,-0.0025119036,0.035409667,0.012747477,0.035499893,0.006361559,0.0034098001,0.0033174455,-0.055310972,-0.060107157,0.027028099,0.06388426,-0.006350615,0.036805883,0.10175468,0.035258804,-0.06439118,0.059611954,-0.0030004494,0.015773613,0.022621803,0.074897245,0.016169,-0.011596177,-0.047830693,0.060680658,-0.028365016,0.02659524,0.010993563,-0.0521614,0.03589753,-0.012076873,-0.05000653,0.07459614,-0.040992614,0.052552644,0.08145734,0.0088738445,-0.0106853265,-0.027371723,-0.04370019,0.028279915,-0.058413982,0.007050734,-0.0738725,-0.01176666,-0.016518295,0.07544857,0.0008597227,0.012256572,-0.002336366,-0.020282686,-0.001159244,0.010817224,0.049508505,0.0026484057,0.00086594885,0.051232435,0.07143998,0.04063667,0.020607064,0.04815149,0.041913517,0.045765363,-0.061876975,0.0583957,0.008911125,105,383
0.02689042,0.006240367,0.053697832,-0.007375423,-0.016130865,-0.0116487965,0.0025691073,0.049533688,-0.05753038,0.08122308,0.004640096,0.0039200275,-0.08946046,-0.03201405,-0.001388777,-0.04558357,0.07445098,0.055736385,0.035151552,-0.058487996,0.029576862,0.05506157,0.013585944,-0.014043179,0.034268588,0.004836276,-0.014502533,0.065065816,-0.01893012,0.011360789,0.09783664,-0.03548919,-0.04383373,-0.031441696,0.0887154,-0.049790986,0.0622904,0.00076637603,0.014564071,-0.014979705,0.0052909367,-0.0009265803,0.018409647,-0.025630709,0.022711376,0.04621421,-0.01218118,0.013774199,-0.023712369,-0.04028374,0.109082,-0.007529806,-0.01100455,0.07363505,-0.031047028,-0.0052978564,0.12096512,-0.020699155,0.06139697,-0.0024551488,-0.070992045,0.038519025,0.022406135,0.01078007,-0.0110185575,-0.0055228416,-0.01657965,-0.02978317,-0.062221047,0.025600191,0.010963744,-0.108382195,0.013674011,-0.008596127,-0.049395293,0.012024156,-0.03293162,0.06256013,-0.021942798,0.022235613,0.043154474,0.0330689,-0.014541766,-0.041235,-0.0014180411,0.002539212,0.0029562116,0.03262432,0.00087712845,0.06861889,103,384
-0.03288588,-0.0043542497,0.030799158,0.027685694,-0.012646152,0.03248982,-0.0010783607,0.019898962,0.013278637,0.0008078115,-0.0025791386,0.032520067,-0.03098293,-0.050797626,0.015131743,-0.001855176,0.041702855,0.025875175,-0.0015339274,-0.008109001,0.039880082,0.047293894,0.0009791534,-0.0152703915,0.047167674,0.08020768,-0.0019240114,0.072598115,0.003701916,0.0110876355,0.019289441,-0.08411427,-0.010775552,0.0055251652,0.115303926,-0.014474284,0.10291553,0.047229886,-0.006309826,-0.061215915,0.040496577,0.10541949,-0.02528708,0.080497384,-0.013709014,0.00090713054,-0.031374436,-0.008880168,0.010013619,-0.04864244,0.04023783,-0.04067926,0.0066588465,-0.042206705,0.07532881,-0.1078095,0.045004733,-0.09291427,0.029681806,-0.0359286,-0.017399658,0.005618824,-0.03346167,0.0076332977,-0.02590981,-0.05594602,0.0011086799,-0.069550514,-0.039991703,-0.008156921,-0.0038593952,0.047711566,0.021014266,0.009584234,0.014423351,-0.015851287,0.0008812491,0.062789544,0.010731008,0.0606813,0.009416572,0.0136718135,0.00053542666,0.012413785,0.0073508453,0.014265014,0.03639274,0.006975374,-0.04765152,0.044008195,101,385
-0.02144284,-0.02496166,0.021096682,-0.056022096,0.055405993,0.002922155,0.014020594,-0.028278872,-0.04332844,-0.048290003,-0.015385389,0.020838015,-0.09512526,-0.027758947,-0.053242028,-0.08568663,0.04930198,0.022455841,0.0065009124,0.022174135,-0.04983774,0.018205933,0.011665913,-0.009687146,0.028575655,-0.013325376,-0.022817526,-0.0141667565,-0.014642393,0.04209502,0.049971566,-0.06122973,-0.033082373,-0.06483605,0.12881696,0.039255023,0.02100414,-0.013934098,0.0056754006,0.018305741,0.07237644,0.022639422,0.0255724,0.065737285,0.05416339,0.06707913,-0.009731991,0.06412843,-0.005076598,-0.009501012,0.09805648,0.020121293,0.06611155,0.0068779215,0.040583022,-0.023153737,0.062276702,-0.033809178,0.028613934,-0.007999931,-0.00974907,0.00029157102,-0.048381686,0.024985109,-0.11108515,-0.04194711,-0.020528637,0.007235665,-0.036005218,0.014280231,0.021077715,0.0058491817,0.010670008,0.010060148,-0.006160495,-0.052811615,0.010056326,0.016878175,-0.009484746,-0.0530288,0.048544206,0.012948651,-0.06343496,0.0018707402,0.02918451,0.047125798,0.052951645,-0.019351419,-0.025145814,0.052864242,102,386
-0.044425376,0.011954441,0.07908319,0.02568356,0.025180906,0.09137656,0.012947984,-0.026668001,0.043030076,-0.03550247,-0.008431302,0.03759588,-0.039085086,-0.0070589017,-0.035652813,-0.081420735,0.108853064,0.028549206,-0.007972695,-0.002045175,-0.03743524,0.0463442,0.020713918,-0.04115341,0.026605632,-0.010264715,0.012310228,0.0043286146,0.030353192,-0.004685255,-0.010381874,-0.04373249,-0.07832876,-0.05198054,0.110366434,-0.008089669,0.022668181,0.071625836,0.01714964,-0.011428709,0.076443546,0.09923881,0.034078863,0.0055473223,0.050533243,-0.043253638,0.009253826,-0.055485018,-0.04836791,0.002393392,0.08723372,7.2935596e-05,0.03984469,0.062019877,0.055095382,-0.03775684,0.032170422,-0.03140775,0.011087313,0.00074555166,-0.026011873,-0.013149373,0.02874119,-0.024319164,0.012268443,-0.04231514,0.03996182,-0.05173899,-0.051302187,0.07462667,0.004973065,-0.02332075,0.00073483586,0.029262494,0.036630668,0.047314405,-0.02468616,0.08130054,-0.019081082,0.00072326,0.048422534,0.04487478,0.041127775,-0.02558966,-0.016764374,-0.03516352,0.07998133,0.0023356888,0.02843254,0.066083044,107,387
-0.030338805,-0.005948696,0.034150045,-0.039960403,0.034305576,0.08846715,0.010512192,-0.002916451,0.0011953909,0.01778722,0.0063790926,0.00014967751,0.019425478,-0.028657682,0.014031732,-0.08632064,-0.054010756,0.07617947,-0.008940127,-0.010625733,0.027922986,0.032877445,0.00945359,-0.034184344,0.032232556,0.0440873,0.0013721613,0.02409546,0.0110524045,0.050202396,0.005598911,0.011417627,-0.051846385,-0.06063587,0.011658784,-0.016665272,0.058989763,0.0082755275,-0.037132613,0.078700215,-0.010833636,0.028774085,-0.036890533,0.07734878,0.024011165,0.037436448,0.012791236,-0.015681548,0.011165274,-0.015236395,0.045347027,-0.055510066,0.031781293,0.02869541,0.054412223,-0.024320398,0.055995993,-0.050880678,0.051738914,0.012037158,-0.04095068,0.061879333,-0.00720632,-0.020808974,6.434787e-05,-0.07554731,0.021291249,-0.055508368,-0.023327064,-0.0038420223,0.04415641,0.008756486,0.013193101,0.007828659,0.020204265,0.017292656,0.016120411,0.040260788,-0.0062597087,0.004342089,0.009969238,0.06635773,-0.0056397747,-0.0032372854,0.06154643,-0.021673309,-0.0060643815,0.0024504405,-0.0048606507,0.017065087,110,388
-0.020022918,0.008601961,0.06824224,-0.03258579,-0.012850037,0.06342648,0.035411455,-0.047451485,0.027549058,-0.017736157,0.010169621,-0.023177985,-0.029182818,-0.055256754,-0.036071196,-0.04694001,0.07237479,-0.050223105,0.050936107,-0.022204783,0.018016737,0.036242057,0.012088593,-0.08844575,0.048228387,0.0302683,-0.051578946,0.0029392487,-0.007660335,0.020951593,0.08052945,-0.053208992,-0.023132108,0.02818208,0.112083,-0.022381222,0.025923433,-0.009764802,0.077107586,-0.010149081,0.048858285,-0.0033967085,-0.038815286,0.07470692,0.10153535,0.06765048,-0.013537037,0.013840433,0.04459975,-0.022411022,0.068327874,-0.0015490744,-0.02333599,0.006821906,0.04483933,-0.027129522,0.07867625,-0.04156091,0.052458156,-0.006542517,-0.04990281,0.0053417366,0.044981793,-0.018083526,-0.027425056,0.045321405,-0.012460183,-0.016353626,-0.037039876,0.052831583,0.013146485,0.023334455,-0.041961886,0.032607403,0.009498197,-0.020228676,0.0008408567,0.08319966,-0.05357724,0.004446782,0.04771595,0.039129086,-0.0066736713,-0.038706694,0.0116372565,0.06912577,0.09182806,-0.04772103,0.0032431434,0.07404304,102,389
-0.04437223,0.09786251,0.04531133,-0.08532085,0.022950757,0.058215834,-0.033865433,0.02735255,-0.021073641,-0.017222017,8.33692e-05,-0.019194584,-0.02093845,-0.050395906,0.016502753,-0.007000327,-0.07907209,-0.011173209,-0.02057536,0.024573445,-0.018536467,0.031203631,-0.0052695572,-0.036452655,0.022856858,0.03131216,0.0032446142,0.0064611956,0.012373677,0.030368458,0.058932953,-0.024596421,-0.04189669,0.01098505,0.111536786,-0.048400026,0.054218754,0.058297724,0.02843631,-0.06375824,0.05446391,0.04288078,-0.04129284,-0.047293335,0.022032287,0.066778876,0.0009535551,-0.003202429,0.048427977,-0.040784024,0.10284847,0.02088587,0.00027023302,0.038737107,0.0069789337,-0.037524395,0.05396802,-0.07478838,-0.013726205,-0.049823698,-0.037049897,-0.010842163,-0.013120146,-0.004329549,0.038395297,-0.02060358,-0.01778454,-0.11827494,0.043406814,-0.00083285733,0.027581936,0.014170239,0.03245174,0.0029264092,-0.054066427,-0.058805037,-0.01779153,0.020264355,0.036190767,0.0101101585,0.01695925,0.11177595,-0.011401789,0.0069998875,0.0028067287,0.07017967,-0.00028078258,-0.036364213,0.014099117,0.030134656,103,390
-0.050546546,0.00279829,0.017501265,-0.02433022,0.044276442,0.019846419,0.005469356,-0.04361768,0.019231685,0.0009486787,-0.055629212,0.018600348,0.0036348626,-0.009571554,-0.0067032618,-0.07127072,0.009597959,0.051468194,-0.01254564,0.04837479,-0.028704243,0.015040089,-0.006736826,-0.035586033,0.08589193,0.032847658,-0.04816953,-0.019748297,0.09178184,0.025628854,0.045850836,-0.0014022402,-0.046836406,0.005245065,0.10841094,0.021599133,0.055304132,0.03111583,0.015930261,0.02403463,0.03925053,0.032896057,0.043673724,0.04788785,0.002316147,0.056597896,0.009705465,-0.01431304,-0.014898872,-0.034349013,0.097501345,-0.012991747,0.028362045,0.045226917,0.02922697,-0.025532188,0.12983699,-0.053251553,-0.007782817,0.057909694,0.00063448586,-0.013950339,0.016252028,-0.02185968,-0.008043376,-0.069839105,-0.038518295,-0.021359626,-0.0535355,0.020045433,0.044937935,-0.05026927,0.045087177,0.0104922,-0.004567785,0.019716732,-0.015933085,0.09012846,-0.01092529,-0.00730421,0.008251524,0.032032374,0.06465164,-0.03695851,0.039762024,0.044799075,0.042455252,-0.023269884,0.0044027525,0.059470832,113,391
-0.027085189,0.0073585445,0.040935766,0.018713664,-0.04146206,0.08461074,-0.032744944,-0.009176035,0.037532084,-0.0106985215,0.03328283,0.016977314,-0.04609453,-0.10945753,0.04940644,-0.040774345,-0.034547076,-0.006759735,0.013978669,0.016971529,-0.023497362,0.06472675,0.054025337,0.009951379,0.09296915,0.00030945055,-0.0518487,-0.041252688,0.063788824,0.031214423,0.083551444,-0.018262405,0.034230173,-0.057682127,0.061053984,-0.040213633,0.08820923,0.06410293,-0.011148354,0.0065890197,0.034096852,0.040993463,-0.0057451203,0.10138747,-0.0010687057,0.033533853,0.030625552,0.0147775,0.0014280534,-0.0034661256,0.026680686,-0.054864958,0.03330951,0.008093348,0.021491341,-0.010742728,0.09332146,0.0051281415,0.06933507,0.053210106,-0.04752049,-0.013256364,0.021300249,-0.013748191,-0.048341915,0.0059818886,-0.017193485,-0.015192535,0.054072753,-0.041897234,0.05558054,0.044580903,0.05240483,-0.035532318,-0.023474663,-0.03331257,0.033909753,-0.01301128,-0.06787965,0.09081978,-0.020237219,-0.020158127,0.002219135,0.015323294,0.024129346,-0.028500995,-0.029825974,0.024384264,0.04901618,0.04466787,112,392
-0.050326217,0.047449753,0.06748178,-0.081396446,0.020408995,0.022574008,0.05723017,0.01600803,-0.0015524868,-0.037028767,0.05780775,0.07072824,-0.0768535,-0.013845855,0.0066224197,-0.08095004,0.013019735,0.018710569,0.022800304,-0.029474262,-0.040189773,-0.021376561,0.01936394,-0.08235717,0.027518395,0.0037855096,-0.042667255,0.041920613,-0.04359185,-0.0310895,0.015443964,-0.03878565,-0.042615425,0.011468468,0.0844343,0.0048526744,0.0680965,-0.0022163894,0.08596811,-0.028631039,-0.025497288,0.09577853,0.009836126,0.0058033234,-0.00555324,0.034598902,0.025649521,0.025553169,-0.009879122,-0.0009372155,0.08042419,-0.005145636,0.0026724548,0.023199312,0.026249614,-0.013347074,0.01866417,-0.042670537,0.09692942,-0.02734908,0.0054904204,0.059101444,0.01792213,-0.004968361,0.033461474,-0.05903027,0.03135346,-0.07218409,-0.002196718,0.015659243,0.062033515,-0.0049054697,0.019241394,-0.022373524,-0.052380994,0.026871387,0.03798318,0.02970136,-0.048035454,-0.048015207,0.03534625,0.084021375,0.016336061,-0.06370233,0.08167084,-0.022673873,0.010638658,-0.012662881,0.0042477567,0.053444326,103,393
-0.012647071,0.02661395,0.09447383,-0.03867913,0.029248128,0.044235706,0.01817448,-0.08483901,0.00363237,-0.04397823,0.03923895,0.02877135,-0.003679771,-0.019040624,-0.046366896,-0.01700534,-0.016069569,-0.00063273124,0.05896587,0.017923957,-0.017888615,0.04874856,0.0004537655,-0.01568013,0.003954854,0.05380732,-0.05669448,0.025707718,0.05351931,0.007375667,0.036454313,-0.01942886,0.009763006,0.020672921,0.11567867,-0.0122463135,0.031337537,-0.011715889,0.022435755,0.021927346,0.040275224,-0.00082255155,-0.0060367137,0.017257992,0.0011859201,0.023716014,-0.02938865,-0.038518496,-0.022617305,0.022719603,0.07634358,-0.016267326,0.006741273,0.07938342,0.0012003537,-0.106910676,0.12375623,-0.050455533,0.04210016,0.026262894,0.019830832,0.030338326,0.028950699,-0.010584806,-0.031530883,-0.051225983,-0.047920857,-0.058774743,-0.0013829619,0.015737511,-0.027028516,0.0073658964,-0.036561083,0.034879833,-0.020656485,0.05768117,0.032751337,0.059788555,-0.06696825,-0.007246885,0.05608856,0.03875009,0.0093796365,-0.021514118,-0.014894696,0.02277923,0.028958077,0.037571143,-0.03753904,0.06531052,102,394
0.038394384,0.0125984885,0.021791738,-0.03765644,0.06422363,0.042339593,0.044993777,-0.007832773,-0.024602732,-0.05436981,-0.07918091,-0.02009209,-0.11296439,-0.08683464,0.018020738,0.0046709413,0.06900696,0.012402752,-0.050858602,-0.004324176,0.022203349,0.018614005,-0.011470748,-0.003281435,0.008083526,0.03696911,0.028511297,-0.010857952,-0.013704414,0.0680523,-0.014705112,-0.017949473,-0.010002011,-0.02479241,0.0036276653,-0.011364454,0.049236424,0.024882047,0.04924706,0.020979252,0.057094425,-0.03663021,0.001748519,0.01979533,0.051269967,0.057097208,-0.007621632,-0.038818836,0.03362739,-0.054354202,0.056428906,0.0062749367,0.0014854819,0.0889259,-0.04014801,-0.010097481,0.06859544,-0.010479098,0.037143208,0.03872279,-0.05574736,0.014910974,0.020671137,-0.037360486,0.00390353,-0.014272234,-0.081784725,-0.05899593,-0.10800276,0.037339732,0.0072039505,-0.029803209,-0.01882595,0.009800869,0.028845008,0.017698605,0.04882469,-0.018059589,-0.009527592,0.00977445,0.04288885,-0.034430932,-0.030607106,0.01570049,0.03967648,-0.009583136,0.0629874,0.05182387,-0.008451963,0.0143385865,104,395
-0.037383717,0.01629217,0.08042206,-0.10770318,-0.047174256,0.042814665,0.077335,-0.008288342,0.06291321,-0.0091226455,-0.00420314,0.025859235,-0.017185315,-0.039173555,0.04731441,-0.014536109,-0.04193551,0.011523522,0.024053574,0.036817305,-0.020929622,0.039642733,0.021840572,-0.017157607,0.04311917,0.041848928,-0.033380974,0.06847933,0.01531741,-0.005040167,0.0041980296,-0.0076540057,-0.084603935,0.017357266,0.06168592,0.03060225,0.04492104,0.020045815,0.02560127,0.051975053,0.060035888,0.0058594607,-0.05667353,0.02745202,0.021709526,0.09535883,0.035151865,-0.033120334,0.021917569,-0.041305713,0.060484663,0.0047527454,-0.039018605,0.04212571,0.04371661,-0.048098087,0.12230321,-0.024610437,0.008950826,0.07446007,-0.06102848,0.050303876,0.03442859,-0.01173871,-0.027153697,0.0023256317,-0.015553972,-0.045099318,0.040749997,0.002242881,-0.017489098,0.0072219167,0.063082494,0.06513992,-0.093746856,-0.0040446576,0.0025024842,0.01051789,-0.08133803,-0.0090957945,0.039653096,0.021908637,0.03396243,0.030355567,0.032849144,0.0037763733,-0.013159573,-0.03504475,0.029846251,0.02491176,105,396
0.05032558,-0.035450526,0.064241424,-0.028561797,0.012990987,0.045589764,0.048732154,0.017169638,0.011093227,0.033331435,-0.0142388735,-0.01539083,-0.02657088,-0.036315136,-0.025142802,-0.005534232,-0.0014818748,0.0020594979,0.10710673,-0.066231295,-0.032799914,0.011709187,0.024043173,-0.0077952165,0.025108313,0.038506184,-0.012010053,-0.018756982,0.037821352,0.05776056,0.02414785,0.026646588,-0.05939513,0.0030066848,0.1267764,-0.03667338,0.03826111,-0.007071551,0.07829502,-0.0016152782,0.0686171,-0.010746501,-0.008335165,0.0018778536,0.08178723,0.0011449903,-0.026952656,0.065259464,-0.01434345,0.014307707,0.09594084,-0.004927,-0.020130754,-0.03148514,0.053468425,-0.022329621,0.05369682,-0.0056791175,-0.036657777,-0.03174121,0.04095944,0.04959069,-0.0011037979,-0.02227599,0.0006925231,-0.0069358684,0.037968107,-0.068130024,-0.042732555,-5.181879e-06,0.016405158,-0.041972775,0.04183681,-0.009054809,0.02758035,-0.007762693,-0.01656661,0.026376024,-0.03490765,-0.04411867,-0.049534254,0.0155883,0.07367494,-0.013652483,0.012723742,0.035256043,0.025300525,0.031787924,0.004254399,0.073629536,106,397
-0.02784742,0.0024912786,0.060838934,-0.0132153,0.03076375,0.054492563,0.053119086,0.022045784,-0.00904786,-0.04182553,0.0081414245,0.003626681,0.009345047,-0.05337279,0.017440077,0.047797915,-0.016503084,0.040685028,0.011040689,0.021734528,0.03948649,0.0023718458,0.017257694,-0.020826593,0.032513224,0.013156614,-0.00833875,0.03859523,-0.037148014,0.027696779,0.020198,-0.010731293,-0.044090874,-0.021227596,0.08624748,0.018092778,0.062175542,-0.004906073,0.030183986,-0.03900859,0.051104024,0.08607952,-0.005323328,0.03606012,0.0008514784,0.01929859,-0.042290244,-0.021133415,0.008050038,0.035925157,0.0732349,-0.0016973177,0.04371403,0.031497102,0.041580364,-0.053716376,0.059181135,-0.05893971,-0.01461878,-0.013651649,-0.00338637,0.023491856,0.021694971,-0.023345193,0.10160962,0.023776464,0.010460721,-0.029078485,-0.012441431,-0.03667649,0.054352846,0.01665658,0.030898653,-0.023301799,-0.031286113,-0.017855832,0.031655557,0.048770845,0.022782452,0.035152175,0.0094221,-0.0036137328,0.013594631,-0.0030300692,0.07357763,0.09840288,0.009101605,0.07609537,-0.0013338849,0.053654656,109,398
0.022518747,0.0151922535,0.0959643,-0.087643534,-0.046890114,0.0005454384,0.038001876,0.005816886,0.068353474,0.014754914,-0.021020528,0.07829742,-0.030331876,-0.06447395,-0.050442234,-0.0073140045,-0.09377723,0.03230567,-0.0005524547,0.008602839,-0.055183664,0.0060182437,0.029998537,0.03504722,0.055152815,0.017693155,0.009480975,-0.01794488,0.061729975,0.0057029473,0.027102223,0.0067098923,-0.021241734,-0.015495919,0.111009896,-0.089178175,0.05285356,0.022472179,0.052463934,-0.06472657,0.04697568,0.0016698707,-0.014642482,0.00013588555,-0.013434907,0.04925148,0.0065278057,0.024039676,0.030565226,0.0025419788,0.021622978,0.01688642,0.036415286,0.023451645,0.008551713,-0.047595702,0.027022295,-0.047870196,-0.0043335967,0.05762874,-0.08567552,0.0029828362,0.066409715,-0.064607605,0.014851155,-0.024991425,-0.006615849,-0.057446387,-0.027002532,0.0129085,0.0026364988,0.02570084,0.0107607,0.034074895,0.0016523004,-0.059811097,0.010099405,0.08918733,-0.029496588,-0.004489373,0.10110309,0.051550563,0.06925524,0.039882854,-0.04673525,0.014930067,0.09928653,-0.060598888,0.043147396,0.0027299263,111,399
-0.03668262,-0.03127164,0.029244415,-0.05035426,0.02590047,0.06577275,0.058311902,0.042900812,0.03667362,-0.008506956,-0.025599854,-0.02680301,-0.017837692,-0.04626632,-0.0016105259,-0.0055034934,-0.0023646085,0.0030583274,0.016014934,0.052928388,-0.019848961,0.013572428,0.01713032,-0.024839949,0.05417983,0.037466735,0.00526971,-0.08135521,0.026330179,0.030264735,-0.011879945,-0.031589035,-0.022073852,-0.038119156,0.048346568,-0.00035349373,-0.029074408,-0.008317206,0.009481311,0.0077380836,0.07671969,0.023616392,-0.031869005,-0.01897281,-0.0068315025,0.02687366,0.043356914,0.0025928104,0.008197629,0.014449597,0.07396009,-0.031874955,-0.0033965707,0.04510659,-0.012221269,-0.034174003,0.029093683,-0.046579085,0.023854468,0.07128146,-0.048937105,-0.009410499,0.061758347,-0.025448762,0.044346917,-0.055130735,-0.04397706,0.044706803,-0.02956539,0.029159317,-0.015921663,0.0045867423,-0.009651206,0.05883002,-0.0036706934,-0.0046288897,0.03420721,-0.042807736,0.00036812574,0.0055024256,-0.025525559,-0.015580665,0.055572838,0.051792316,-0.0011857338,0.056747165,0.015927704,-0.02258502,0.024861418,0.013087863,101,400
0.042785417,0.0010889685,0.09681131,-0.10537489,0.015280994,0.018880088,-0.016217668,0.0003145449,0.007569792,-0.022099698,-0.005877736,0.014108278,-0.059356768,-0.024977816,0.033538796,0.004537043,0.060057,0.05626028,0.018749898,0.012545746,-0.009819079,0.0348214,0.025970224,-0.09544588,-0.00021355227,0.05755038,-0.018896252,0.06957377,-0.00050922856,-0.02377979,0.010182168,-0.035136502,-0.038063988,0.0015283965,0.045999788,0.020764321,0.0954615,0.03494393,-0.026917595,-0.0017580949,0.026139427,0.07442328,-0.014814321,0.04770629,0.045743898,0.07419559,0.005346938,0.009287159,0.012014765,-0.015098544,0.007033229,0.027761148,-0.03331181,0.0421204,0.003045763,-0.1070091,0.022530254,-0.029008176,0.039170776,0.048989743,-0.016437888,0.011620311,0.0060426043,-0.0336793,0.096627116,-0.049978487,-0.012539972,-0.037083447,0.03069238,-0.011723369,0.022546036,0.0063219676,0.05158881,0.061721563,0.02707077,0.07139797,0.013969574,0.0200119,-0.015037578,-0.033016022,0.043258775,0.026824836,0.09314548,0.034694318,0.018015902,0.024689605,-0.024062362,-0.073460035,0.022811618,0.037005585,110,401
-0.021239491,0.07855602,0.08552277,-0.053080942,-0.03312904,0.054224342,-0.031186836,0.0064281123,0.05547388,0.011859415,0.06831199,-0.01897416,0.024676688,-0.08313247,-0.020759055,-0.02660202,0.07129408,0.021152267,0.011481019,0.013917737,-0.046014242,0.0690081,-0.025823215,0.031153366,0.060704585,0.0071249977,-0.015081824,0.046130475,0.067566626,-0.007950913,0.032420386,-0.022539819,-0.04376476,-0.0063734273,0.023709675,0.00071761105,0.04816556,0.02340035,0.08378439,-0.021886908,0.06078958,0.01024789,-0.026990917,0.06283126,-0.0032416414,0.042627044,0.02315423,-0.016971923,-0.00718096,-0.0111210905,0.02278867,0.011134623,0.008047331,0.0007683784,-0.0012724753,-0.049217653,0.08923879,0.012332898,0.022919897,-0.013079158,-0.047530927,-0.022837669,-0.028697148,0.02396938,0.024314439,-0.017275017,0.016087025,-0.022535697,-0.023717823,-0.018112455,0.0067818034,0.011936275,0.032356218,0.095236674,-0.03663446,-0.052513137,-0.023368156,0.02496551,-0.008714189,-0.0081526665,0.06528793,-0.017481305,-0.010725634,0.012540191,0.045818474,0.054842316,0.043874033,-0.013571558,-0.054083485,0.14273101,100,402
0.024671216,0.03627511,-0.031475462,-0.030348659,0.019541493,0.04889023,0.05266457,0.0018187219,-0.012493907,-0.01787068,0.029558672,0.016215127,-0.0108257625,-0.06943737,0.026480451,-0.002662694,-0.0055016987,0.05107235,0.008214688,0.043688197,0.030770386,0.013497679,0.015544241,-0.008431103,0.06560342,-0.0034745298,-0.027613107,-0.10371927,-0.009195102,0.09650852,0.015280861,-0.06266427,-0.017841619,0.023530183,0.07448556,-0.035285365,0.053246677,0.041814692,0.017049467,-0.03448208,0.068225,0.012075299,0.018377721,0.021077266,0.070084564,0.11590442,-0.06915212,-0.00044631958,-0.028805902,-0.022067463,0.07521148,0.00051521184,0.025192883,0.03679409,0.02987991,-0.021123141,0.059777647,-0.07363379,0.0058082175,0.06358231,-0.03404204,0.012112428,0.010978924,-0.020103486,0.048125137,-0.011871925,0.020767763,0.011639502,-0.08739325,-0.031712208,-0.018530492,-0.015797116,0.0021744315,0.021271784,-0.016215237,0.018661305,0.0866056,0.0056366213,-0.03083394,-0.0047709257,-0.0027099513,-0.008473562,0.023508735,-0.007824786,0.024929976,0.06322329,0.011583529,-0.030972395,0.0064642355,0.064493254,105,403
-0.11716072,0.009499687,-0.038668633,-0.0039259456,0.022080587,0.024828807,-0.047836497,0.030237574,-0.020262776,-0.06073795,0.03675102,0.08126248,-0.038131036,-0.043464124,-0.026096946,0.031310525,0.055740003,0.005252229,-0.025915243,0.019319672,0.01856666,0.036381662,0.04645489,-0.03282838,0.06483644,0.0014898274,0.033657964,-0.00023269374,0.06260746,-0.060926083,0.029362794,-0.02903578,-0.053294025,-0.047693856,0.08512366,-0.08200574,0.037623785,0.009081744,0.06713444,0.0026804795,0.051046833,0.060437787,-0.03713234,0.063078985,0.021411095,0.043733902,-0.025909139,0.002384069,-0.031590708,-0.014507645,0.06088087,-0.04833135,-0.017714672,0.034493115,0.026118767,-0.07781221,0.06520058,-0.052554563,-0.028145391,0.035303365,-0.012304612,-0.00559875,0.011910468,0.0039205304,0.014348313,-0.042459697,-0.038169038,-0.07264235,-0.062098615,0.014179929,-0.007763371,0.008354006,0.027952123,0.05868942,-0.048351347,-0.00017101108,-0.021901345,0.0071305186,-0.024362644,0.03187016,-0.017019503,0.00038938038,-0.018225444,0.06626271,0.029079271,0.029330892,0.03915821,-0.015895236,0.025769904,0.02180478,104,404
-0.023871833,0.039932907,0.029567173,-0.00730093,0.016119484,0.06287107,0.0012857406,0.011867077,0.007515572,-0.04436483,-0.016614333,0.07913998,-0.04812654,-0.03671155,-0.011496539,-0.06443429,0.024497805,0.015883848,0.050164133,-0.00022115745,0.04274538,0.031204773,0.028185239,-0.075680315,0.017907813,0.029773157,-0.016900765,-0.0063668676,-0.023578575,-0.0018636184,0.043989953,-0.048144415,-0.026827205,-0.07387181,0.025182571,-0.0070313676,0.0054838583,0.009832952,0.0042049196,-0.0042103366,0.072081596,0.0036260448,-0.044272833,0.03729364,0.058332726,0.08850412,-0.009616464,-0.030462893,-0.09735534,-0.021278035,0.046628386,0.026245123,-0.049579207,0.030720755,0.04884688,-0.046743996,0.07383443,0.017374538,0.013127318,-0.057976685,0.018886002,-0.011707583,0.0006538667,0.01978442,0.09877585,-0.03888195,0.0025537591,-0.019229868,-0.089877784,-0.02755081,0.033591412,-0.009727243,0.036078624,-0.05579442,-0.020833656,-0.022203695,0.011561275,0.095595434,-0.04000236,-0.013198866,0.004302377,0.045314483,0.016382154,-0.036582783,0.037035994,0.057125732,0.029916162,0.025336899,-0.020093404,0.11965883,107,405
-0.036136903,0.04358253,0.03665129,-0.04150028,-0.0074202567,0.03635543,0.028212164,0.017563764,-0.016397675,0.013430966,0.0010776022,0.01095327,-0.020951424,-0.07118438,0.022969909,-0.010596212,0.05345548,0.046613738,0.043975092,0.0052982243,0.009670155,-0.021568079,0.032414965,-0.07201166,0.041172646,0.08540794,-0.03471586,-0.011148018,0.039890155,0.072098784,0.016399262,-0.043634646,-0.11636959,-0.0040653613,0.06272147,-0.00030709384,0.05342719,0.045129906,0.06795283,0.017026696,0.029697547,0.045751564,-0.052980248,0.010357095,-0.0014627632,-0.06865351,-0.025424913,-0.00019440241,0.0038599712,0.025481414,0.06999418,0.023116516,0.04199953,0.06879237,0.0037280042,0.025759645,0.06858791,-0.04826248,-0.005063109,0.073570184,-0.006513687,0.0368595,0.02357674,0.01929662,-0.0041367663,-0.018589552,0.005773373,-0.0025072265,-0.05064242,-0.0207159,0.051397473,-0.02825139,0.0034242962,0.022905484,-0.013449354,0.037976872,0.01752121,0.04922414,-0.00059842505,0.015073976,0.00083500333,0.012945773,-0.050961748,0.0010577403,-0.009035042,0.0594396,0.022095038,-0.06357987,-0.005302866,0.07719735,108,406
-0.012764705,0.041815422,0.03302089,-0.06464488,-0.022580013,0.007261563,-0.0147157945,0.005591377,0.022220552,0.0016683852,0.0067784553,-0.0006378861,0.004691826,-0.065821774,-0.046246074,-0.056330945,0.07527742,-0.013117252,-0.008881444,-0.019473244,0.026840556,0.053549565,0.015725523,-0.02957897,0.029350968,0.017336057,-0.081326894,0.058045473,-0.017826112,0.014329866,0.0079662865,-0.056297407,0.001331035,0.049136993,0.02704372,-0.021261647,0.03366754,0.010914741,0.06701183,0.026648274,0.02486605,0.010329332,-0.028344212,0.044038683,0.08128061,0.08036333,0.0076319724,0.08861754,0.0022952217,0.02059606,0.041311737,0.044117734,0.07076278,0.09712794,0.023444742,-0.09631713,0.0846165,-0.017117068,0.011285778,0.0113574155,-0.028850235,0.027767567,0.00011113379,-0.0145793855,0.03929175,-0.042956825,0.040878296,-0.021318972,-0.035045143,0.01854034,-0.003126461,0.028543273,0.04065855,-0.02249965,-0.013178457,0.06272526,0.030726377,0.026575688,-0.037876014,0.018071031,0.029918432,0.0083093,0.078330405,0.015570619,0.053603105,0.020622544,0.036054242,0.03255833,0.07324206,0.013663918,111,407
-0.00969244,0.03186308,0.044144567,-0.0063032843,0.0519803,0.051841967,-0.024200218,-0.007911719,-0.024339823,-0.03012076,-0.025673188,-0.05405169,-0.050340682,-0.026779486,-0.06279322,0.001109248,0.05090475,0.051094905,-0.026560798,0.011363403,-0.008634863,0.041661862,0.022954397,-0.016154207,0.06547717,-0.0074147023,-0.008009391,-0.029533248,0.017403407,0.014784796,0.045505185,-0.031652838,-0.009948144,-0.020516574,0.06393586,-0.05093922,0.047390774,0.0070298836,-0.015560929,0.010878899,0.070608824,0.078561,0.018513061,0.038865518,0.023010418,0.057914563,-0.009869637,0.0026713032,0.011239921,-0.030644964,0.07806466,0.0080279745,0.020003667,-0.0053072013,0.009892365,-0.05962991,0.06782212,-0.054444615,0.0046897046,0.010795787,-0.100362845,0.01516533,-0.031176202,-0.021489592,0.021205507,-0.03829226,0.0072481045,-0.029460074,0.027887736,-0.03866721,0.022819716,-0.022259632,-0.031127088,0.11410804,-0.016922858,0.0036302903,-0.0080613475,0.059759166,0.054212708,-0.014078997,-0.027384851,0.06516634,-0.01240514,-0.03928133,0.06004727,0.041623306,0.023450991,-0.0049821995,-0.014213796,0.081236854,105,408
0.011448046,0.056886658,0.028093481,-0.0021649376,-0.006399505,-0.003212411,0.036464732,0.05701802,0.03356518,-0.021203067,0.0516536,-0.0125765195,-0.029106827,0.058054592,-0.07287763,0.009268612,0.005048374,-0.0072734933,0.0049435096,0.027124275,-0.068879925,-0.014431406,0.05197417,-0.06665675,0.05794279,0.026213553,-0.032154262,-0.0023109107,0.026489682,0.07266134,0.015106929,-0.0078006424,-0.06559836,-0.026804201,0.09135628,-0.05490465,0.052932847,0.023345765,0.06019182,0.030908879,0.05701576,0.03831419,-0.05721589,0.04841854,0.012486905,0.08586482,-0.014423144,-0.07109475,-0.0237968,-0.0342831,0.062219772,-0.014993345,-0.0061007505,0.037020303,0.008718055,0.01323545,0.10074226,-0.06645405,-0.0074453913,0.022368748,-0.026921257,0.040808026,0.03844008,-0.0011343579,0.059505034,-0.105030395,0.0020691762,0.0010084491,-0.051325154,-0.077725284,0.049679324,0.046606485,0.0499935,-0.007691428,-0.014639381,0.015454868,-0.009169029,0.016491205,-0.052919418,0.01274333,0.02352671,0.054846596,0.08174707,-0.0142426025,0.036648087,0.016988734,0.02774798,0.012544756,0.03419225,0.0072380677,112,409
-0.0024810242,0.019771423,-0.017573405,-0.074598804,-0.0074616093,0.062211882,0.014533168,0.021257788,0.024780381,0.052609466,0.02497908,0.0010487661,0.0366465,-0.045415387,0.032236584,-0.037444834,0.023792978,-0.073989496,0.0013602112,-0.035890743,0.0024949845,0.044092774,0.031003064,0.02078604,0.057481788,0.045505993,-0.03908348,0.024690982,0.06808369,-0.004055053,-0.018590996,-0.0074959565,-0.022304293,0.0483608,0.14474647,-0.011373311,0.060215876,0.054439418,0.05422311,-0.04050983,0.0799243,0.090456516,-0.028645657,0.03363601,0.036298238,0.07956046,0.025069475,-0.035594277,0.006966438,0.035928693,0.03849683,0.0045478125,0.016975095,0.0599275,0.020952046,-0.100048766,0.061489835,-0.04357004,-0.01315083,0.06571395,-0.052391253,-0.011592604,0.020316923,-0.01796796,-0.0451639,-0.023397734,0.05879295,-0.022425635,0.016545154,0.035480686,-0.012164401,0.00081128685,-0.008375518,0.038194757,0.0041422555,0.022332165,0.028541712,0.03660358,-0.06382423,0.012113411,0.036261927,0.00642439,0.03868571,-0.018869316,0.028201483,0.0072499737,0.020224944,0.03436572,0.031315554,0.056356564,114,410
-0.021421818,-0.025061654,-0.0067099705,-0.030112311,0.024860747,0.07150845,0.017146189,-0.014535523,0.007381734,-0.034966577,0.018702328,-0.039806925,-0.021822887,-0.03680616,0.0026147568,-0.007143843,-0.034585092,-0.02935216,-0.028952029,0.019008012,0.0077208034,0.023988096,-0.0019010343,-0.011183689,-0.0100274645,0.027928688,0.078182556,0.020048391,0.09757209,0.044901337,-0.0027427822,-0.017206414,0.013461333,-0.08824088,0.12207771,-0.045493715,0.058244087,0.0059755184,-0.044715915,-0.026523765,0.023140036,0.03639944,-0.061783753,0.106901124,0.053420767,0.070880115,0.017117223,-0.041538425,0.016518138,-0.039203998,0.10204196,-0.03392353,-0.019139826,0.050280035,-0.003997442,-0.055943333,0.07199361,0.021785565,0.02561944,0.039881498,-0.008827837,0.051881567,0.0021344284,0.023055185,-0.027216047,-0.08405419,0.017400112,-0.05288829,0.031589966,0.0011105174,0.01792939,-0.025104892,0.039926477,0.013977582,0.032642838,-0.077282585,0.026617428,-0.0026791878,-0.006856699,-0.03622087,-0.030815247,0.01719165,0.0059515107,0.05969794,0.014220918,0.012927541,-0.021606881,-0.03036477,-0.0064746784,-0.016337693,101,411
0.0054528276,-0.06844426,0.021404713,-0.03616942,0.06315237,0.049162973,0.006722923,-0.017826073,-0.0097451,0.018992063,0.022339696,0.052307203,0.035274833,0.010989465,0.051850427,-0.03797712,0.14687672,0.016853135,0.032662105,0.01135906,0.023038492,0.010437608,0.025012966,0.012026399,-0.051929038,0.03125171,0.051805694,-0.0155839855,0.016917717,0.040580828,-0.025015512,-0.058683917,-0.0094375815,0.019430138,0.03918264,-0.0595149,0.024957659,0.035308547,0.047383092,0.016805965,0.0055351295,0.0011942908,-0.085712284,0.048643515,0.020610914,0.0375758,-0.029634118,0.002473787,0.03244993,-0.0020544357,0.04348236,-0.044145253,-0.049887918,0.026780922,0.034944788,-0.06111337,0.089498565,0.00072979927,0.019483063,0.032723147,-0.10520296,0.045115553,0.014919824,-0.0085894475,0.05906487,0.014718626,-0.012415281,-0.037817292,-0.008706236,0.031621315,-0.0037989244,-0.021532997,0.05689702,-0.016632535,-0.02917216,0.043054722,-0.0025297906,0.013239893,0.006838247,-0.014483077,-0.014822354,0.038706113,0.022061951,-0.023795083,0.052774377,0.064010955,-0.006312061,0.046630718,0.0186933,0.031754486,113,412
0.00906234,0.07079049,0.046391413,-0.08194643,-0.0010132631,0.064865775,0.04275594,0.013752894,-0.08406996,-0.04891026,0.05791062,0.012143356,-0.019160785,-0.084602416,-0.051529963,0.01471754,0.004440046,0.046937913,0.012645177,0.059545517,-0.02091311,0.03205503,0.037071366,0.0038401298,0.051376205,0.031320073,0.014190859,0.085452564,0.041046705,0.013120686,0.04197534,-0.038259827,-0.015508973,-0.019759832,0.057502653,-0.014244817,0.053615265,0.08805301,0.046237513,0.017590445,0.018324038,0.051797092,-0.04059059,0.05488368,0.0045204684,0.047927666,-0.016069377,-0.06574488,-0.03786739,-0.02300562,0.056443557,-0.029067205,-0.036463812,-0.050161988,0.042281635,0.021154314,0.026982486,-0.118358985,0.03161044,0.032755002,-0.062144347,0.019382408,0.020204032,-0.016112115,0.036810093,-0.011164157,0.02978127,-0.056032315,0.0059620813,0.01312283,0.009154934,-0.035376582,0.062219024,0.022607833,-0.053582966,-0.010258771,0.0055741584,0.053483486,-0.0016075615,-0.012424152,-0.0064586373,-0.014367459,0.03943116,0.050917126,0.036545075,0.050662674,0.05507254,-0.018201996,-0.0069524087,0.029915672,106,413
-0.011735066,0.0058329077,0.07067698,-0.034969606,0.0642473,-0.00081769004,0.016028265,-0.0059601404,0.028388964,-0.0461516,0.047590405,0.06557617,-0.055677243,-0.05256985,0.009352133,0.06103585,-0.00069373194,0.00553195,0.054019686,0.051616408,0.0028824145,0.0069502294,0.017411156,0.0025266148,0.00028993562,0.02245453,0.030481137,0.042211764,-0.027146528,0.027204972,0.053385675,-0.04828666,-0.079555444,-0.0036365255,-0.0041004345,-0.017426739,0.04419198,0.05018629,0.07767667,0.055722255,0.08030963,-0.054640066,-0.049932137,0.0034145918,0.0852673,0.08156197,-0.050361104,-0.033826068,-0.012269876,-0.01817855,0.08566717,-0.0447239,-0.033001136,0.010041123,0.0028438442,-0.028402163,0.08066611,-0.018527977,0.03224002,-0.03354262,0.012836844,0.026440846,0.06798827,0.0020552604,-0.041794717,-0.0383751,0.029780367,0.00736627,-0.040792808,0.0044849887,0.037388504,0.034495544,0.00041616336,0.08052538,-0.01698387,-0.049478337,0.008283446,0.025231266,-0.002559838,-0.026859492,0.016636588,0.015671749,-0.014223447,0.022057638,-0.023350732,0.028103124,0.026486736,0.007343602,-0.010172849,0.029673185,101,414
0.052291177,0.024330739,0.10084331,-0.0670459,0.022513848,0.05753814,0.014487377,-0.0015757589,-0.0011771796,0.012992438,-0.0035239244,-0.021318791,-0.06493974,-0.031764135,0.06610621,-0.022895584,-0.00032904372,0.054904215,-0.043495182,0.02070402,0.029889185,0.05281923,0.031628415,-0.04753611,0.022825092,0.02810293,-0.0037981784,-0.014140387,0.03497495,-0.020666908,0.038370363,-0.031274617,-0.019228207,0.029150514,0.08854963,0.022492008,0.0036477186,0.007943008,-0.010025896,2.3767352e-05,0.057868183,0.0056455303,-0.0474207,0.032833513,0.014106764,0.098239705,0.040971566,-0.013716036,0.023846384,-0.03703832,0.066515036,0.011011131,-0.015873952,0.036716565,0.046403836,0.025080372,0.0683443,-0.03994238,0.035244513,0.024718992,-0.07793359,0.060863525,0.043739013,-0.017035192,-0.07783626,0.0066697,0.044913087,0.016188644,-0.040024683,0.029723372,-0.00072222017,-0.045205563,0.04209033,0.06258167,-0.040104046,-0.054301463,0.0071073994,-0.001202507,-0.0048770136,-0.008318585,-0.0006902255,0.03682137,-0.0005598143,-0.00780554,-0.008285878,0.03265248,0.06012673,-0.020190254,-0.007402282,0.055073574,105,415
0.00077196956,0.004688749,0.039761186,-0.05553003,0.06923015,0.008603435,-0.010647077,-0.0012993489,-0.00027222233,-0.044054113,0.047887366,0.010055276,-0.04445326,-0.022325175,0.022583976,-0.054698233,0.048461396,0.027766936,0.020504925,-0.033562005,0.042263605,0.06349415,0.021134742,-0.0051669814,0.048689462,0.044296548,0.044722795,0.06712321,0.027484536,0.05467306,0.034177408,-0.035326872,-0.044736452,0.0022347614,0.034151606,-0.036395233,0.06086849,0.006288614,0.015120715,-0.024383988,0.05306804,0.018468253,-0.013381263,0.04186622,0.03523985,0.07335091,0.013765421,0.010236093,-0.0047119344,-0.032281086,0.078033365,-0.019119103,-0.0066599585,0.061167993,-0.005636485,-0.0018408969,0.07667858,0.019458916,0.024269832,-0.04113981,-0.05405634,0.032084692,-0.031647228,-0.03742684,-0.004777803,-0.02203574,-0.025325358,-0.002039142,-0.002167819,-0.023265863,0.11141838,-0.027602911,0.04480575,-0.017949384,0.024800532,-0.07610122,0.015997136,0.021674901,0.024044536,0.0037311357,0.04590282,0.059319556,0.011742069,0.0018377118,-0.042870693,0.012041504,0.06976153,0.010214526,-0.025938004,0.075676024,101,416
-0.030017,0.012704579,0.009207346,-0.06984468,-0.03116072,-0.004467178,-0.0032675015,0.063806884,0.0022425388,0.01715435,0.02042586,0.00042637996,-0.038480144,-0.012130544,0.08610079,-0.017603042,0.028387832,-0.0058865827,-0.062368136,-0.018692924,-0.0146127865,0.0360275,0.013945906,0.0060506687,0.103181675,0.040250733,-0.0037476607,0.01764892,0.037110645,0.0415413,0.005340576,0.038145952,-0.033945892,0.036535125,0.04068694,-0.07835343,0.020745559,0.029576909,-0.032944776,-0.005973777,0.09371472,0.0398596,-0.04526926,0.05188334,0.020989679,0.06474994,-0.002035252,0.015102502,0.08839623,-0.03018916,0.06317698,-0.0013292842,-0.01488238,0.018878939,-0.005072098,0.043790985,0.11226225,-0.029859373,0.05054494,-0.012336043,-0.04219047,0.0103936605,0.086090915,-0.0427552,-0.0032835198,0.020039756,0.03599167,0.015522085,-0.052954122,-0.0128411185,0.018459227,-0.05286472,-0.013079422,0.006417649,0.011879038,0.0014902225,0.012504358,0.09558882,-0.011601184,-0.019837163,0.0021107867,0.016420966,0.063173085,0.021462042,0.0008955728,0.051819596,0.013936832,0.024065234,0.019227326,-0.011937093,110,417
-0.044426538,0.01811403,0.10206947,-0.024933543,-0.013710089,0.017616054,-0.024127444,0.0027547153,0.011925788,-0.041700315,-0.016608084,0.029524796,-0.050321437,-0.06320496,0.0070525026,0.03556086,-0.02867363,0.026722092,0.045819383,0.0007770362,-0.034966543,0.08002886,0.024404995,0.0044937693,0.036409877,-0.0011774004,0.0082546305,0.025861256,0.08996426,0.02284805,-0.0345925,-0.035616405,-0.05490029,0.0020892317,0.09783587,-0.027275335,0.05108404,-0.004198771,0.03242504,0.055822965,0.12679043,0.002545284,-0.055420753,0.03696881,0.031428445,0.13628396,-0.012873439,0.033312723,-0.0010531398,-0.032861438,0.09803206,0.04760842,0.018721547,-0.0029492155,-0.0068692286,-0.0329429,0.086281665,-0.026669763,0.012379365,0.020694515,0.023031207,-0.0073948484,0.06055491,-0.009639812,-0.0835405,0.010517228,0.010264553,-0.037829094,-0.036703907,-0.023667552,0.017762627,-0.03283264,0.016601548,0.045189112,-0.06679743,0.06618913,0.0034446027,-0.036767576,0.006815927,-0.029633762,0.029741086,0.0108817015,0.025789572,0.029509416,0.019281985,-0.025943113,0.08041173,-0.05723495,-0.0027060788,-0.002929572,111,418
0.00410349,0.01549688,0.039317008,-0.012010461,-0.022448516,0.036176033,-0.00406266,0.023374736,0.0012325388,0.0028798864,-0.017284282,0.03071337,-0.0003285911,-0.07883369,-3.8859434e-05,-0.018523712,-0.038779523,0.024849989,7.467531e-05,0.030173972,-0.03890063,0.057207983,0.04695254,-0.03862512,0.059366774,-0.0131324995,0.008994077,-0.04283798,0.019547738,-0.0007384755,0.043075696,-0.032236416,-0.0074326284,-0.008666184,0.002183374,-0.005005976,0.009429421,0.08097778,0.023027405,-0.021356631,0.06613243,0.0779614,-0.07099727,0.029170427,0.0104740765,-9.331852e-06,-0.03820132,-0.010242378,-0.07839739,0.012216183,0.069790676,0.021242158,0.031955615,0.024666728,0.04476577,-0.0058782883,0.029265694,-0.03158438,0.0032761153,0.003510897,0.023790376,0.0053204233,0.053718347,0.011062925,0.031676274,-0.03242687,-0.011941198,-0.08727729,-0.036255896,0.015589761,0.030449703,0.02270727,-8.428469e-06,0.021586327,0.054159835,-0.06769973,-0.0013087932,0.013430893,-0.06642485,-0.00059888884,0.009221165,0.013780197,0.041061867,0.017532099,0.014364829,0.038992226,-0.013941456,0.023504332,0.021442087,0.04548199,101,419
-0.0026141796,0.040875174,0.055541236,-0.063298166,-0.008048426,0.01719093,0.017940328,0.0054385755,-0.011919817,0.040279813,0.035713807,0.007029513,-0.0034092795,-0.013318466,0.0564256,-0.054469734,-0.06314197,0.053167135,-0.0020500734,0.04824295,0.020408886,0.010772025,-0.010386212,-0.04922338,0.009655066,0.01980878,-0.015067332,-0.01398375,0.09992981,-0.02160247,-0.03069651,-0.047450982,0.06601071,-0.046817403,0.077950254,0.026092745,0.009749822,0.046158165,0.068663135,-0.009221026,0.109337926,0.027410824,-0.017759157,0.03263832,0.0113785565,0.060107626,0.029871032,-0.004343615,-0.0047201193,0.023061052,0.0067395866,-0.017391467,-0.0033883662,0.0038162135,0.026703764,-0.08841865,0.0012422688,-0.03958796,0.024654008,-0.009757587,-0.0058390563,0.009848863,0.016230432,0.01574947,0.019781971,-0.018149624,0.0029469002,0.018904857,-0.10034105,0.03799819,-0.0036607292,-0.027480002,0.0046517802,-0.009287667,0.0074838987,0.043586213,-0.011551058,0.01830937,-0.0066173454,-0.01537581,0.11757721,-0.019984934,0.0489723,0.042365067,-0.01683578,0.014428252,0.011687772,0.034901705,-0.023276236,0.017722629,100,420
0.004177988,-0.0043211575,0.034827277,-0.04662647,-0.028964546,0.015439263,0.014877401,0.018941917,0.06303254,-0.00026596244,0.047758527,-0.049083047,-0.00096793845,-0.036333583,0.0071043335,0.0062210504,0.06658397,0.0047216117,0.030016743,0.044463836,-0.05094152,0.049494393,0.018976852,-0.05744064,0.03179039,0.022859622,-0.03975238,-0.0104938,-0.0116679575,0.00042657368,-0.009367181,-0.015934395,-0.038145192,0.007157316,0.08655958,-0.022945773,0.014017692,0.046214707,-0.033449423,0.006351091,0.037705537,0.05903051,0.0072779246,0.035493493,0.031455137,-0.010902673,0.0445128,-0.026122319,-0.052568227,-0.054855097,0.09547037,-0.058717147,0.0009903705,-0.0022448506,-0.01685033,-0.024011753,0.07044797,-0.10027796,0.0054335613,0.04439654,-0.020637501,0.01211889,0.014464162,-0.037090763,0.006114454,-0.036679097,-0.009735445,-0.005002355,0.056524016,0.03146784,0.012383782,-0.030935138,0.021665275,0.00093849376,0.008982728,0.037445087,-0.0047949795,0.042696506,-0.0039081965,-0.004849982,0.028268047,0.056022447,-0.008667266,0.006431517,0.0321523,0.0594106,0.0010051746,0.005701828,0.03533107,0.008576889,112,421
-0.041231714,0.02506473,0.09245705,-0.023107333,0.04523725,0.029385913,-0.054041393,-0.027308315,-0.026455095,-0.012337658,-0.017739894,0.028008362,-0.013312833,-0.040167026,-0.02054845,-0.052990638,0.029015966,0.02922682,-0.055581853,0.016948938,0.020314742,0.0369462,0.07834582,-0.042167082,0.0016260799,0.048455074,-0.0459648,0.006854307,0.03148037,0.033381466,-0.0149011575,-0.0493216,-0.03349796,0.0005792114,0.057075366,0.012393856,0.090164214,-0.030678388,0.028084215,-0.03828782,0.03843857,-0.016206741,0.024278935,0.001213897,0.010370595,0.013427246,0.008223537,0.059481688,-0.031313207,-0.05433368,0.015472341,0.022788113,-0.086475946,-0.01094565,0.047182806,-0.0090818945,0.14650369,-0.034078255,0.03694806,0.023854405,0.01093054,0.023809355,0.008325948,0.019249633,-0.053651962,-0.08911085,0.015815971,0.011118934,-0.13311371,-0.015467403,0.07355267,-0.01685439,-0.018035112,-0.0064915577,-0.050478157,-0.030362513,0.010503077,0.028031847,-0.02376505,0.021738794,-0.024797626,0.08384898,-0.012055347,-0.025654513,-0.007419504,0.03271016,0.02538167,-0.015184936,0.025221836,0.02276656,108,422
0.0025947164,0.08933035,-0.0055759028,0.014030326,0.008783563,0.09618084,0.032621372,-0.0014117304,-0.025792615,-0.020759478,0.014740728,0.031751156,0.019193817,-0.0010620803,-0.075634815,-0.0071894284,0.057686463,-0.037887722,-0.024691876,-0.03332268,-0.0013523016,0.00059242174,0.017807517,-0.027735667,0.03234659,0.052567597,0.058297466,-0.0011943132,0.059129514,0.06450422,0.022858243,-0.061559297,-0.004363492,-0.014035802,0.011419985,0.018844161,0.047982235,0.012748625,-0.022410128,0.029787611,0.07521227,0.07478823,-0.02114634,0.02918685,0.041052297,0.055259068,-0.057289254,-0.028162828,0.04068231,0.013905534,0.06879823,0.016968437,0.016863704,0.124905996,0.0016483665,-0.07024044,0.039824903,-0.016740154,0.03990436,0.07168204,-0.022908084,-0.012751792,0.041139938,0.023150213,-0.009216868,-0.006691886,0.010048805,-0.017901259,-0.08511699,-0.031002762,0.016750272,-0.036763128,0.025130134,-0.042655546,-0.00442662,-0.01621994,0.020905059,0.06348381,-0.03502033,0.053256895,0.0044246814,-0.011296585,0.034139436,-0.060327806,0.05761645,0.0770686,0.035526372,0.041674186,0.010740161,0.06731185,108,423
0.028206661,0.038041048,0.06627053,-0.06521824,0.041276142,-0.0008055419,0.01845125,0.029043261,0.012331628,0.0668843,-0.03777072,0.030031975,-0.06306602,-0.088851556,-0.00288396,-0.0074832905,0.054751422,-0.030556174,0.0058923755,-0.018193556,0.0053608157,0.011568971,0.05043398,-0.06232219,0.023383453,0.013612803,-0.009738566,0.01921713,0.035524283,0.015228631,0.054687664,-0.094870634,-0.010653093,-0.054416385,0.046964917,0.024551772,0.0034598745,0.034816124,0.024366666,-0.010977855,0.0043645315,0.10269503,-0.04439858,-0.013303991,0.041006025,0.049158018,-0.006704789,0.016447838,-0.07975751,0.0131585365,0.041750237,-0.0031550822,-0.018007206,-0.0059755687,-0.030737173,-0.03670136,0.13172404,-0.08596502,0.0047410186,0.057364497,-0.03575169,0.023797436,-0.032756902,0.02874151,0.030011903,0.076676786,0.021425275,0.026616402,-0.061380386,0.049524058,-0.0060364697,0.012085747,-0.013625478,0.040407464,0.007657743,0.012133636,0.077338934,0.054831065,-0.015703376,-0.009398071,0.03335642,0.032654136,-0.022586176,-0.028408458,0.037571494,0.008644272,0.015785372,0.020644136,0.045244925,0.059499826,114,424
0.0009508049,0.04629305,0.035803374,0.015352793,0.032384254,0.06205466,0.006413158,0.0009073671,-0.021433292,-0.03560143,-0.039511636,0.035155926,-0.025288127,-0.0976532,-0.032400098,0.009817351,0.03471916,0.045842107,-0.0034718625,0.010219136,0.06606654,0.07880291,-0.06507911,-0.07099957,-0.022392716,0.011667063,-0.04030699,0.025799826,0.017231276,0.015044528,0.008693652,0.0073813796,-0.08003776,-0.0076458133,0.051029626,0.036209952,-0.0013342723,0.013253066,0.00077051483,0.01339398,0.05852657,0.06722866,0.03295251,-0.0023913179,0.03853957,0.04398135,-0.060124606,0.030936735,0.008838353,0.040971566,0.08817689,0.007821811,-0.0069652074,0.033378933,-0.0100610405,0.019071683,0.07461617,-0.0004748553,0.0838277,-0.007505332,-0.071948916,0.0183397,0.035735693,0.01246382,0.0072900895,-0.0015819818,0.0025062803,-0.038203884,-0.018834852,-0.034349665,0.038678564,0.028926238,0.015704062,0.009089034,0.021045592,-0.029840775,0.03114564,0.0023038965,0.0035217395,0.005720061,0.019217491,0.011626538,0.023951417,-0.016899168,0.059414543,0.0623245,0.045928758,-0.01667349,0.0061003007,-0.003263913,102,425
-0.020385357,0.014170179,0.06193095,-0.045279793,0.06344571,0.028440103,0.047775842,0.050597377,0.0029513417,0.03584059,0.015860206,-0.037471,-0.020328727,-0.024351016,0.078142606,0.002153662,0.0471562,-0.0049137995,0.021559466,-0.007988714,0.047253214,0.014676934,0.0051447432,0.036265016,0.08851108,0.068558365,0.023928363,-0.011240204,-0.029153196,-0.039766725,0.016708186,-0.05426058,-0.056779623,-0.011278583,0.020346288,-0.016641375,0.040870756,0.013051091,0.011683002,-0.041007295,0.008051783,0.025142465,-0.0054233316,0.057464585,0.053786084,0.07411406,-0.025007593,0.029292243,0.020465545,0.0097234845,0.048833173,0.002159208,0.02983069,-0.023692379,0.008550373,0.010908917,0.081163295,-0.039906785,0.05060098,0.033326715,0.03591489,0.039000086,0.0006210357,-0.008557053,0.012776516,-0.017834958,0.045281194,-0.042946134,0.009469498,-0.029784001,0.05327816,0.053718522,0.023724958,0.049576767,-0.045716375,0.03384116,-0.014608799,-0.035025183,-0.021587312,-0.024098324,0.020674277,0.060403656,0.058765598,-0.03621245,-0.021476457,-0.010705525,-0.003772445,0.04720554,-0.04166545,0.07006484,112,426
-0.012632654,0.013121977,0.11114121,-0.07266283,-0.010639492,0.032839645,0.0024572033,0.016931754,0.022614809,-0.012029486,-0.011654705,-0.007635532,-0.019173726,-0.068200506,0.0715041,-0.009762959,-0.022121929,0.0028135572,-0.007349517,-0.030494817,-0.028450018,0.022313217,0.022496775,-0.049127605,0.05872916,0.014331106,0.011290259,0.005220444,0.058396645,0.00713812,0.030403107,-0.077973336,-0.03238246,0.031765014,0.065197945,0.04111602,0.07055959,0.036218233,-0.028049286,-0.03267954,0.007325571,0.06061905,-0.013804916,0.041215792,0.04329236,0.10598248,-0.037809562,0.060023613,0.004479967,0.0053183595,0.061498277,0.03985033,0.022770938,0.066434294,-0.022767426,-0.07519831,0.07966705,-0.024741177,-0.0042479374,0.052945245,-0.0027773883,0.032929406,0.06873546,0.017720293,-0.044492085,-0.0034187343,0.016781516,-0.011441708,-0.02645761,0.04935366,-0.004289519,0.008482431,-0.031079112,0.06998688,-0.0044107568,0.01941391,-0.018241009,0.011044601,-0.010633574,-0.015061472,0.028016625,-0.03230519,0.07247095,0.020435471,0.00989426,0.010699043,-0.016075812,-0.024456315,-0.007775358,-0.008585922,101,427
0.03693985,0.029128795,0.020852096,-0.046164528,-0.02224774,0.027804643,0.033173244,-0.0037655057,0.0049492205,-0.015766682,-0.004115805,0.019240746,-0.025700936,-0.09051092,-0.0013128851,-0.0061199833,0.09673987,-0.00059203804,0.025193397,0.00399557,0.008688647,-0.02448649,0.0042281933,-0.08229339,0.0509695,-0.024579229,-0.08122146,-0.011409928,-0.03207674,0.049502805,0.011279228,-0.053443335,0.004910579,-0.015599662,0.15756536,0.018191878,0.030520689,0.0007671993,-0.022780132,0.0139555065,0.11506734,0.055885833,0.025163893,0.06350975,0.08221591,0.009397231,-0.042439748,0.03052951,-0.0040475256,-0.021055043,-0.010386579,-0.027615935,0.0059638945,0.04587804,-0.04291459,-0.06992599,0.11550074,-0.016460242,-0.011963699,-0.006519826,0.019201288,-0.013713244,-0.026313242,-0.032498732,-0.055093016,-0.026761169,0.04076244,0.027451131,-0.11769984,-0.03936028,0.0770036,-0.01704144,-0.058549084,0.02195653,0.0096260095,-0.022245862,0.0068785935,0.018257126,-0.08549224,0.014126543,0.0040418664,-0.0043972805,0.04810042,-0.012255313,0.014015326,0.10162831,0.018490471,0.057654493,-0.051769953,0.07546143,112,428
0.0018495484,0.033005513,0.04472773,-0.085683286,-0.03948059,0.017665586,0.01171126,-0.0073217656,0.00976141,0.014344465,0.023254413,0.033100426,-0.012392418,-0.052911825,0.09828462,-0.06651084,0.013925027,-0.0015959349,-0.014275094,0.049649402,0.06478695,0.048004374,-0.016775837,-0.050342433,0.0029403605,0.03875704,-0.048146117,0.026047915,-0.010731665,0.0882045,0.02573361,-0.028685454,-0.04478238,0.015048439,0.06115255,0.044169597,0.039595935,0.028507218,0.048048057,-0.002717237,0.13857645,-0.034728628,-0.034338642,-0.00196472,0.017776944,0.04493185,-0.053545706,-0.053824604,-0.06862627,0.025735136,0.02914254,0.031949233,0.004228148,0.067541264,-0.010103967,-0.027890455,0.07914394,-0.038175944,-0.05301821,-0.023485065,0.021918537,-0.015334185,-0.029325478,-0.029716708,0.008676358,0.011625804,0.028612036,-0.0070844004,-0.05781021,-0.006880955,-0.006639745,-0.037030824,0.028119758,0.067674264,-0.036446806,-0.006104145,0.023673676,-0.011109833,-0.025078293,-0.027811898,-0.03443341,0.025305819,0.020064937,-0.022203855,0.07660263,-0.006688835,-0.008431565,0.0652794,-0.043893848,0.07953453,108,429
-0.038508385,-0.045376375,0.04137896,-0.07439718,0.039882287,0.024207411,-0.003496678,0.03860519,0.048315577,-0.05185826,-0.0051069157,-0.0070478097,0.00976304,-0.04632628,0.030148344,-0.006403964,0.029080499,0.028055795,0.019793874,-0.021389943,0.014537042,0.013092481,0.051695786,0.026520051,0.036142007,-0.012700053,-0.023864508,-0.021394394,0.05965104,0.0061013363,0.03401793,-0.04841886,-0.090696126,-0.0053211553,-0.008249402,0.027381547,-0.006822329,-0.04197942,0.023608856,-0.055295702,0.118826605,0.029337527,-0.05889546,0.052107506,0.019658234,0.043262213,0.035791613,-0.0022340687,-0.0033394338,-0.0638032,0.11936788,-0.049927942,0.028223589,-0.006402526,0.04068744,-0.09465228,0.07149737,-0.018621543,0.035443302,-0.013880968,0.015780954,0.04794335,-0.016141102,-0.0086349165,0.002381965,-0.053211384,0.002223839,-0.0344331,-0.07338211,0.013703466,-0.0025681555,-0.011307478,0.03505367,0.027300345,-0.007299605,0.010265499,0.029754285,0.0071914103,-0.01093661,-0.0037726997,0.06335175,0.030065145,0.032747738,0.052414306,0.02306605,-0.006725913,0.0023848861,0.036849115,0.014240118,0.046466663,112,430
-0.024496604,0.027617903,0.016334455,-0.04874197,-0.020846406,0.06558374,0.014377497,0.016483922,0.0126437675,0.04991498,0.011591529,0.007841274,-0.08947846,-0.0824928,-0.011897411,-0.028455893,0.0428209,0.020988202,0.047425725,-0.024453405,0.0030191364,-0.022743654,0.009583568,-0.019058218,-0.024256628,0.026870217,-0.0004201508,0.012092071,0.0034454484,0.012765226,0.039562248,0.026057236,0.015895057,0.018007064,0.12756254,-0.007767547,0.073384285,0.031237226,-0.008744575,0.02615007,0.0027141199,-0.03466149,-0.051424406,0.050359964,0.09584713,0.10900246,-0.034443427,-0.029364454,0.010488081,-0.006758536,0.11535744,-0.025400357,0.0004362967,-0.012399897,-0.025770314,-0.03526211,0.10371408,-0.008684184,0.014548864,-0.019405857,0.043483637,0.04210302,-0.039623503,0.013352956,-0.015548366,-0.02598361,0.028711425,-0.078071654,-0.045563713,0.040326513,0.0039057285,-0.017622665,0.03238171,0.046471473,-0.00892734,-0.009140288,0.0012912191,0.065913975,-0.017906863,-0.057344697,0.024947558,0.027666204,0.012475276,0.04075952,-0.031780846,0.03495676,0.02761281,-0.011893014,0.012165291,0.025035335,101,431
-0.02052534,-0.021540808,0.053844586,-0.08622414,0.059443664,0.0028935336,0.008534711,0.021226838,0.007888891,-0.066587925,0.0057737487,-0.01358741,-0.012903185,-0.060190227,0.047642227,-0.027298508,-0.022024084,0.02908913,0.016822994,0.008516207,0.031460285,0.0112256855,-0.026994234,-0.027069194,0.035913877,-0.042005233,0.0077749863,-0.02460694,-0.023577074,-0.014898978,0.04035116,-0.04173307,-0.0187108,0.00023446942,0.030699361,-0.010738654,0.002455067,0.010446692,-0.006914828,-0.032659184,0.093657926,0.04243725,-0.022504207,0.035546627,0.015630953,-0.004809022,0.00094857067,-0.0245566,0.01126747,-0.022219859,0.027304906,-0.075135425,0.0004795203,0.039385743,-0.04105246,0.01341382,0.08294283,-0.00037339702,0.061660185,-0.00076567195,-0.015238418,0.016663149,-0.034975883,0.008555362,0.053767875,-0.09780065,0.08183348,-0.030875593,0.012533873,-0.036460225,0.019633291,0.012435599,-0.026695313,0.005938421,-0.01367029,0.037942942,0.09614815,0.06944689,0.061811212,0.036229547,-0.061915703,0.015739728,0.0034965184,-0.02883907,0.03427396,0.025890695,0.0064518917,-0.02081424,-0.002829683,0.0054324865,103,432
-0.02259072,0.034675658,0.07034397,-0.03862489,-0.039499287,0.037635416,-0.017705588,0.0018597955,0.011455484,0.024712373,0.0018393521,-0.018263133,0.00011617504,-0.07355978,-0.0007089847,0.023690635,0.061687864,-0.02166908,-0.04151159,-0.01778251,0.018418955,0.010142472,-0.0069039725,-0.0074691176,0.036687806,-0.0092501845,-0.023135122,0.00019487645,0.03630455,-0.019146588,0.06855773,-0.021008935,0.0491795,0.0021452412,0.065082654,-0.08371981,0.057259496,0.031054933,0.06816725,-0.021376967,0.010332476,0.005507307,-0.015625786,-0.008497376,0.08737319,0.0549297,0.04948495,-0.0399715,0.02670676,-0.028215665,0.054690577,-0.040643834,-0.03923059,0.085423134,0.016925838,-0.04136256,0.05277303,-0.04220003,0.10646698,0.013814972,0.008731617,-0.0029885694,-0.0048413863,0.034468036,0.012688084,-0.07551193,-0.010776052,-0.043692805,0.015868407,-0.046886817,0.060121622,0.054566562,-0.0075663757,0.046839513,-0.005861396,-0.018597692,0.056109287,-0.0012619346,-0.0105813425,0.010277625,-0.0035308702,-0.012224246,-0.0068495534,-0.0325317,0.058278553,0.012548594,0.029841911,0.038632877,0.04265921,0.03421106,106,433
-0.02195746,0.0020823418,0.044557888,-0.037396353,0.057890657,0.02651061,-0.036854133,-0.038548797,-0.022480823,0.05341794,-0.0075623747,-5.1885843e-05,0.02259051,-0.04506074,-0.059153173,-0.017194092,0.0576683,0.022824995,-0.059061904,0.035763234,0.001847974,0.03358243,-0.025518673,0.03462927,0.10381043,-0.019732004,-0.0144716995,-0.020288114,-0.0038283486,0.03986091,0.048752986,-0.03391997,-0.031282637,-0.018104104,-0.03279487,-0.020765804,0.026270626,0.03809179,-0.0038143676,0.02785882,0.03835279,0.093802005,-0.07500324,0.037053417,0.03844399,-0.0068570636,0.030800864,0.03640417,-0.09018175,-0.03194035,0.08216458,-0.016503673,-0.04388847,0.009165468,0.030697087,0.021467857,0.05958869,-0.028983865,0.06422201,-0.061438147,-0.030478839,0.0160933,-0.010002307,0.009129866,-0.008350014,-0.06613465,-0.020222723,-0.01938169,0.029110465,-0.036877315,0.02905605,0.027408516,0.0019993167,-0.013959512,-0.019812502,-0.015478822,0.0040021986,0.06566946,-0.045619823,0.0772465,0.003286953,0.07096428,-0.020427214,-0.03775049,0.051485993,0.056886267,0.008742388,-0.03917613,0.08183872,0.040637948,110,434
-0.0109729,0.014658766,0.062448524,-0.062543556,-0.013254216,0.035170566,-0.002173609,-0.069852434,0.0054727327,-0.023862667,0.054036368,0.024563897,-0.002272958,-0.018813694,0.009329752,-0.019850053,0.011858301,-0.011447562,0.036376957,-0.017256875,-0.00697444,0.056182876,0.065058306,-0.027736725,0.07294935,0.045022212,-0.010369404,-0.008137897,0.030041821,-0.024357427,-0.017992105,-0.030154921,-0.050060943,0.012809826,0.03656654,-0.012050275,0.10273895,0.027421227,0.016682742,0.05129289,0.0527796,0.007928506,-0.027724156,0.07333885,0.085538514,0.054503515,0.019466402,0.046503603,-0.014686977,-0.00038253143,-0.034795143,-0.030672835,-0.004973173,0.020323107,0.045669183,-0.017610203,0.03526841,-0.07718083,0.0148775475,-0.03043358,-0.0060518477,0.08403689,0.019109147,0.014993175,-0.0037238556,-0.030199287,0.038967535,-0.039354585,-0.07958543,0.013385305,0.024234306,0.007723608,0.02550058,0.010740007,-0.032713518,-0.010015812,0.012653647,0.038329404,0.0150852315,-0.008288146,-0.040456142,-0.015986852,0.016832257,-0.014056912,0.05318533,0.04228062,-0.009641353,-0.058215693,0.043895602,0.05786962,110,435
-0.014791828,-0.0029827687,0.0070025027,-0.017624382,0.0041583665,0.015183959,0.007903562,-0.0070553585,0.017472327,0.023769459,0.008199964,-0.095752046,-0.031129537,-0.03387615,0.032846984,-0.0006627729,0.020918116,0.0457561,-0.0002714796,0.0066116666,-0.0027972814,0.056076743,0.03437772,-0.052814428,0.049995404,0.020549886,-0.054076374,-0.036775026,0.04417248,0.016600475,0.005143963,-0.058952603,-0.03360335,0.013902983,0.024577966,0.021289866,0.024721265,0.007516511,0.04016289,-0.016272634,0.11028509,0.03977674,-0.048506107,0.028079733,-0.023046201,0.085066885,0.040644325,0.021350384,-0.0052220654,-0.064189374,0.045629557,-0.06650912,0.030386366,0.016333152,-0.00436534,-0.024038931,0.07470847,-0.02327175,0.012948205,0.01753447,-0.008817874,0.02265359,0.064687565,-0.024825508,-0.0075914282,-0.0376513,0.018099967,-0.052345656,-0.13292524,-0.01980346,0.043791424,0.03429825,-0.009002648,0.02561789,0.0442406,0.03764855,-0.006618196,0.0056599546,-0.037938926,-0.049806394,0.061164998,0.026504533,0.0072808675,0.06295425,-0.009241896,0.0123556685,0.074473955,-0.046279017,0.017955514,0.03332317,104,436
-0.013097444,-0.014567912,-0.014124595,0.05564992,0.030542701,0.050154276,0.028930562,0.03629494,0.024222523,-0.0028427234,0.005971303,-0.001123027,-0.020215524,-0.06475337,-0.012760816,-0.016928181,0.00042378763,0.02438647,-0.020250808,0.044850994,0.045917206,0.0052734837,0.040031217,-0.061066955,0.058889255,0.018214345,0.013575078,0.029993135,0.059710786,0.052156128,0.035171296,-0.043349035,-0.04765093,-0.040064227,0.108223036,-0.004263956,0.062299956,0.0030690487,-0.015550565,-0.01203255,0.056576136,0.002429638,-0.0010567866,-0.012102053,0.053643793,0.06232088,-0.0040065693,-0.041315615,-0.0018481116,-0.064728305,0.04242777,0.0017146775,0.013632895,0.07185175,0.008949105,-0.021335803,0.08442965,-0.024153404,0.02283562,-0.031158965,-0.006539777,0.055996012,0.00913617,0.002057701,-0.0011268856,-0.055206344,0.01931873,0.013432682,-0.066351816,-0.0030729708,-0.009430829,0.0073384363,0.059320256,-0.022106212,-0.018251617,0.036807418,-0.0056704674,-0.01391473,-0.030848077,-0.06755565,-0.010925574,0.0058793426,0.002012577,0.04136208,-0.008213831,0.007944251,0.04988299,-0.044814352,0.002603164,-0.0043567494,112,437
-0.01225527,0.05103633,0.074228644,-0.04634703,0.008632656,0.08915152,0.020001316,-0.03176494,-0.0151546225,0.0062136003,0.05315066,0.025261138,-0.02335228,-0.09079288,0.03992729,-0.0038015503,-0.0009658346,0.08738762,0.02726249,0.041333873,0.001037101,0.038324695,0.051538795,-0.0438264,0.041951068,0.032041434,-0.040813867,-0.019884642,0.016529555,-0.026235413,0.023443978,-0.021745196,-0.06001556,0.0023846342,0.010285959,-0.03431802,0.055164117,0.016255338,0.08664848,-0.025942426,0.07986652,0.14589207,-0.016039561,0.02765703,0.07943127,0.016953837,-0.014312823,0.021206751,0.032582305,-0.037374027,0.09277512,-0.061878003,0.0028502415,0.079989664,0.01596109,-0.07708595,0.06907524,-0.028859226,0.020266384,0.049408007,-0.043104008,0.012751476,0.06493428,0.0073412363,0.0007405225,-0.01819446,-0.013205949,-0.016278548,-0.003209645,-0.029550724,0.047114402,-0.002016563,0.0113823265,0.007925355,0.014410346,-0.021964774,0.028460566,0.019196259,-0.06831774,0.03328119,0.051319245,-0.0032773167,0.080656044,0.015530251,0.040731743,-0.03421215,0.08370337,0.04398164,0.04931992,0.022104224,104,438
0.037503053,0.023400782,-0.0020986088,-0.030472323,0.035296544,0.0064890236,-0.000291402,-0.013110699,0.026723323,-0.047498174,0.0068880157,0.031902008,0.021166153,0.01854562,-0.04353158,0.037499852,0.008091432,-0.0031447709,-0.025301877,-0.020578966,0.019067852,0.03297781,0.0026238356,-0.035499837,0.06619016,0.07376962,0.03895472,0.024206866,0.048421904,0.06687381,0.025021704,-0.063294105,-0.05331884,0.05353543,0.007113762,0.029536486,0.06400349,0.005666347,-0.022298649,0.009728438,0.073475115,-0.042476397,-0.0052287467,0.010768014,0.055113852,0.040494975,-0.032587666,-0.010489264,0.048190124,0.046810884,0.019720774,-0.01939198,0.0308009,-0.028145043,0.00065200217,-0.070513755,0.006922584,-0.07050973,-0.017631322,0.0154642435,-0.036030754,0.02128684,-0.037102517,0.0051472792,-0.016019512,-0.030173127,0.041938398,0.022157535,-0.04373981,0.0680515,0.008123745,-0.015734935,-0.015863704,0.00363723,-0.035027117,0.022171814,0.0354644,0.024250641,0.026682582,-0.017715873,0.021520242,0.00451299,0.008128662,-0.0029432848,0.06260568,0.05138178,0.037876435,0.033756938,-0.006749347,0.028137356,107,439
-0.008904264,-0.0075567123,0.0054795854,-0.016029367,0.055639412,-0.000604555,-0.030288784,-0.017849449,0.01611459,0.03390506,0.027422946,0.012499726,-0.043405287,-0.008025646,0.011638502,-0.05615586,0.06516104,0.025843315,0.024296654,-0.0626063,-0.0015803697,0.08846981,0.013263843,-0.008360505,0.04696707,0.017780324,0.072698265,0.06139639,0.0030028876,0.026861962,-0.018300636,-0.07291792,-0.034344114,0.04856545,0.12078764,-0.019510785,0.0729665,0.057476148,0.015802767,-0.045331445,0.059064373,-0.00047370605,-0.020929923,0.018951688,0.024569998,0.033236492,-0.031210734,-0.028608507,0.0028588702,-0.040368434,0.03008476,0.04271677,0.018784875,-0.030648028,-0.014737204,0.0006455481,0.106753565,-0.035331618,0.06293065,0.010589344,-0.006084446,0.050837606,0.06776597,-0.00012727408,-0.07225928,-0.096975125,0.063977815,-0.044142194,0.05484371,0.029383468,0.03800842,0.0349308,0.019290581,-0.00029205158,-0.055421464,0.008688021,-0.011928285,-0.003928045,-0.0027702386,-0.014824202,-0.004060764,-0.0106878225,0.051017456,-0.007514041,0.016031776,0.022700991,0.022103027,0.017930526,0.022601193,-0.016453192,111,440
0.038103685,-0.035490446,0.07948608,-0.047930647,0.009139635,0.07998876,0.02097552,0.047560163,0.054202743,0.010771338,-0.02276045,-0.04040216,-0.04897746,-0.06216121,0.047293797,0.020044569,-0.069977514,0.047779284,0.06648739,0.052605696,0.0073087416,0.009527603,0.04585918,-0.016535457,0.06982981,0.01035237,0.022767223,-0.04099999,0.08162554,0.08402088,0.016738126,-0.09543389,-0.02125369,-0.048244793,0.09334026,-0.009487687,0.06208408,0.031672206,-0.019185685,-0.02441011,0.071188904,0.0025525875,-0.07063829,0.05035902,0.032957666,0.023079362,-0.034895223,0.032306112,0.024012607,-0.019573385,0.065202,0.014502857,0.008313323,0.028065426,0.04758624,-0.024704916,0.08169664,-0.00023512915,0.03368688,0.051484257,-0.007826941,0.040782996,0.041166775,-0.03520169,-0.08197844,-0.027575532,0.02595043,-0.037483055,-0.03611992,0.049812905,0.024939714,-0.015650013,-0.027987452,0.0015016366,-0.010728455,-0.023220789,0.0068659266,0.018416386,0.031134665,-0.05131701,-0.0008918699,-0.016460184,-0.07117976,-0.0035008024,0.04595325,0.011682403,0.022616534,-0.011138671,0.0445981,0.041372716,112,441
0.0034760511,0.020144928,0.06472798,-0.094131425,0.017402222,0.01797205,-0.061956465,-0.01643398,0.012350204,-0.018292086,-0.029984698,0.0341058,0.016925067,-0.024594262,0.018364467,-0.008223085,0.09722285,0.047272712,-0.022943974,0.011073011,0.01889067,-0.054923557,-0.007761581,-0.013625916,0.05044924,0.057822935,0.015644576,-0.01828283,0.016165253,0.047856245,0.09402481,-0.058594834,-0.10653261,0.012085702,0.021291092,0.00089328084,0.09877977,0.0379261,0.080167174,-0.029870767,0.06421929,0.0657838,-0.059673484,0.035293385,0.009390913,0.06816864,-0.005326853,0.03233336,0.00018791226,0.049244676,0.046622515,0.028730309,0.0028857703,-0.0176879,0.00027589314,0.00961335,0.088319704,-0.019389143,0.0058781244,0.022645459,-0.004444482,-0.005145073,-0.04069985,0.010758082,-0.007647136,0.0063055456,0.03434533,0.04504245,-0.003410725,-0.07003525,0.084779344,-0.0036786385,0.053044178,0.01169622,-0.017785989,0.064586,0.026461223,0.05740132,-0.059191477,0.05061988,0.019964032,0.033167027,0.039144345,-0.05147004,0.008299118,-0.014486929,0.058076486,0.02366409,0.05440538,0.125316,108,442
-0.02753926,-0.005878091,0.020816317,-0.060701683,0.00435161,0.06435447,0.004988419,0.010549759,0.018311802,0.029281229,-0.04217758,0.0069125583,0.016859725,-0.012494901,-0.07063067,-0.026757114,0.060694158,-0.016154597,0.055501323,0.073628426,-0.009120923,0.01860321,0.007786184,-0.011478802,0.057681337,0.008765057,0.03288038,-0.0032457802,-0.027606083,0.023785207,-0.019145383,-0.040224627,0.012619004,0.056817617,0.04721588,0.029500414,0.04426179,0.03464124,0.0094666695,-0.034357216,0.067122966,-0.011243615,-0.01735865,0.014576763,-0.0026177038,0.097556144,0.008685844,0.030834692,-0.053870976,-0.0012277351,0.03522737,-0.0012095489,0.049720317,0.017530512,-0.017792344,-0.006825283,0.08063042,0.0199105,0.0896348,-0.018111788,-0.017943844,0.018210385,-0.010626047,-0.003875426,0.008452229,-0.09247878,-0.03853069,0.0018775072,-0.033189513,0.0524889,0.021170663,0.026929284,0.023179596,0.0050273547,-0.027066834,0.017501328,-0.012864932,-0.009556264,-0.0009177197,-0.022632297,0.013669572,0.038334228,0.017298993,0.007095497,-0.00062095467,0.019698063,0.0028578807,0.018867187,-0.03142002,0.06210202,113,443
-0.009967373,0.04129556,0.0775632,-0.040509567,0.02377383,0.039627228,0.008527456,-0.09401502,0.0021957634,-0.023362001,-0.01707135,-0.033032652,-0.050358035,-0.09011851,-0.021793561,-0.08452294,0.016124304,1.4543533e-05,0.0022477447,-0.015305926,0.008080094,0.032504633,0.05850722,-0.008987118,0.03688541,0.020040061,0.015068443,-0.08265859,0.0077190455,0.019215409,0.0020874627,-0.013890939,-0.011047261,0.015226185,0.11724269,-0.015539191,0.042520043,0.023600053,-0.012906073,-0.019170757,0.103493765,0.029245611,-0.004847465,0.033196412,0.030725004,0.018359786,-0.018248934,0.069452696,-0.016135382,0.024075367,0.1080119,-0.016886275,0.016188242,0.002460951,0.029801287,-0.058536064,0.061362088,-0.04871039,0.029124537,0.033290748,-0.025613904,-0.009488443,-0.057368334,-0.041761566,-0.0017564564,-0.11505574,0.022817234,-0.0808415,-0.06432829,-0.017325154,0.052369162,-0.04887317,-0.008108256,0.066409916,-0.049157348,0.018074777,-0.036698,0.016695943,0.0069604646,0.0252044,-0.0025888216,0.003425233,0.058563158,0.0008459855,0.055776007,0.0049366597,0.051434577,0.030932017,-0.0033490928,0.06419767,104,444
-0.011898385,0.013730362,0.011618052,-0.09363347,0.028498843,0.033952374,-0.036921494,-0.013164404,0.017317448,-0.05513982,0.04190437,0.040180888,-0.04705418,-0.014769901,0.019588433,-0.049569182,-0.035939198,0.0003768131,0.020570196,-0.009640568,-0.010965134,0.06130721,-0.012939585,0.014195994,0.051248714,0.04427962,0.019727599,-0.004042805,0.014990708,0.007560903,-0.031267293,-0.033241805,-0.10125986,-0.036023013,-0.007934656,-0.02982204,0.058538813,0.070538744,0.008826141,-0.0053346325,0.09951023,0.02877551,-0.049459614,-0.004507972,0.03510291,0.015249312,0.0029775724,0.00998574,0.033025123,-0.01413743,0.114504024,0.0037816428,0.06632473,0.03890371,0.025193539,-0.056517765,0.09402059,-0.07054562,0.05397918,-0.02002158,-0.04449447,0.014823738,-0.016408388,0.0013182433,-0.016465891,-0.014421465,0.027159765,-0.030027242,-0.0419318,0.06019896,0.014442902,0.047850065,-0.008535854,-0.0125942165,-0.046986498,0.047383927,0.032507792,0.044619847,-0.009732186,-0.0153568145,0.029001433,0.036286317,-0.0047254115,-0.009829289,0.018611148,0.0086477455,0.021349011,0.048510924,0.0095367525,0.04884902,102,445
-0.035472,0.06193696,-0.014914095,-0.028396541,0.022117741,0.0006145388,-0.02626747,-0.034861308,0.025424203,-0.06619605,0.034773253,-0.017567718,-0.05731495,-0.033544272,0.0039266143,-0.029900353,0.0007046666,0.025686173,-0.008961792,0.021397833,0.01203203,0.043391027,-0.030387765,-0.012672538,0.00027145632,0.07785418,-0.026752274,-0.0142213935,0.038814016,0.010006023,0.018972514,-0.01703024,-0.026626794,0.036395825,0.055136126,0.022987299,-0.015793048,0.026698325,0.021909585,-0.042736217,0.04048275,-0.042439338,-0.01101617,-0.008618021,0.03975155,0.049985617,-0.037890222,0.044809297,-0.011194132,0.064456716,0.07937462,0.008643812,0.010778842,0.0076895077,0.029498193,0.0031123683,0.06517952,-0.034051377,0.00028079934,0.026453726,-0.037220605,0.047682468,-0.03663975,-0.039278135,-0.06392245,0.0060894303,0.020225972,-0.045803037,-0.02319611,0.043294396,0.034946665,0.03941482,0.01604515,0.0061577903,0.01499445,-0.09025823,-0.022287367,0.0041081905,-0.051938463,0.020791572,0.036218993,0.023830108,0.038180687,0.017355474,0.017079335,0.044157438,0.021429472,-0.014545132,0.013661812,-0.030696593,113,446
-0.050825123,0.018724803,0.09286094,-0.113798566,0.05738182,0.06994064,-0.037267014,0.010837898,0.027295811,0.046608847,0.013473754,0.012841815,-0.015559273,-0.07521695,-0.00036790164,-0.07196161,0.029026046,-0.02653108,0.018269334,0.012578073,-0.021113401,-0.03195729,0.017919786,-0.04546895,0.039613843,-0.005941633,0.0031407904,-0.011061008,-0.025058372,0.052464813,0.04000157,-0.099180445,-0.05194343,0.013363382,0.054056887,-0.0015060427,0.03583746,0.05646848,0.028303828,-0.00020250818,0.043963995,0.008941377,-0.024978079,-0.033413433,-0.0028428454,0.02751115,-0.0136294775,-0.0100498125,-0.023293674,-0.03643611,0.012922853,0.006431453,-0.013138801,-0.04534679,0.038507313,-0.04594902,0.08332857,-0.099596635,0.028849278,-0.007106686,0.018525427,0.028937297,0.03289199,0.010961102,-0.040894236,-0.05532198,0.020227494,-0.09217487,-0.015039456,-0.009359115,0.023022363,0.053953867,0.026496287,-0.0054747947,-0.017301263,0.031204239,0.014777632,0.002894884,-0.043559626,-0.006633662,0.0031191101,0.02797737,0.046775505,-0.016441992,-0.005453769,0.0022947937,0.08410471,0.02097198,-0.0108598815,0.006722208,104,447
-0.004698148,0.017437214,0.08435385,-0.054569125,0.0072547304,0.046814583,-0.054679208,-0.03522932,0.014068985,0.0012377603,-0.001997226,0.038476832,-0.051383488,-0.018345902,0.009654579,-0.039846733,-0.046503082,0.047610406,-0.011453501,-0.004028944,-0.0021654945,0.02550068,0.014281498,-0.06869429,0.096985444,0.007215107,-0.03804609,-0.033373486,-0.027016303,0.09444934,-0.035881396,-0.035344563,-0.03919354,-0.036168925,0.11925783,-0.0094761085,0.023550285,0.033421405,-0.0052149203,0.0008475599,0.06746784,0.072664164,-0.050497748,0.03488283,-5.643815e-07,0.08148512,0.018858021,0.009896801,-0.00066286186,-0.016783232,0.037945613,-0.0134569965,0.0046387077,0.024600785,0.02568967,-0.052300394,0.038742483,0.01599992,0.0034667961,-0.006075873,0.021189274,-0.006116437,0.053267505,-0.023627913,-0.015931174,-0.02615707,0.073345646,0.017320886,-0.054523133,0.03040252,0.042837672,0.0030606196,0.031813055,-0.0031459462,-0.010816672,-0.07258662,0.025272336,0.09218607,-0.010884377,0.006497896,0.039614767,-0.010380242,-0.05165109,0.009067318,0.016021688,0.068953656,0.010026077,0.011203326,0.02481784,0.051837035,110,448
0.0027100705,0.080612235,0.08396266,-0.05436998,0.013476563,0.024827449,-0.0297593,-0.012315148,-0.035485253,0.05148983,-0.02676044,0.013737969,-0.030305743,-0.030851383,0.03385964,-0.02553728,0.059984144,-0.028505126,0.011258709,-0.0017678151,-0.031987876,0.06971797,0.006558353,-0.028389698,0.055225454,0.022431076,-0.05443064,0.012586235,0.032352366,0.015422615,0.053627927,-0.047901873,-0.049940757,0.000813168,0.09359873,-0.016308144,0.036333475,0.043193944,0.054366644,-0.022287382,0.055216253,0.07085564,-0.025133766,0.043143667,-0.027709873,0.08125776,-0.013886499,0.01906883,-0.020456618,-0.006134097,0.06820747,-0.036954924,0.05083473,0.10208612,0.03299283,0.040714856,0.09084536,0.02953301,0.05303209,-0.038593765,0.01061848,0.087494954,-0.049752206,0.004384735,-0.023752723,-0.041841663,-0.014508622,-0.04908617,-0.11863375,-0.017973894,0.08260926,0.02658881,-0.017647358,0.014795236,0.00054849265,-0.043763526,0.026270494,-0.008733386,-0.036459915,0.038258836,0.02691177,0.022482786,0.05404123,0.0035172477,-0.001033105,0.0603486,0.012144191,0.0017301096,-0.014784402,0.070854396,106,449
-0.004241968,0.06300231,-0.00989417,-0.011957496,0.031545818,0.055678383,0.022790892,-0.023579951,-0.013691435,-0.0150667345,0.043864008,0.0051766606,0.011274839,-0.022806626,-0.01738577,-0.033456348,0.0042902296,0.07084054,-0.099411845,-0.032747634,0.029992862,0.008230694,0.00340557,-0.012996456,0.0631423,0.038201578,-0.028372474,0.016971458,-0.028396046,-0.011758922,0.028625635,-0.035803273,-0.072432995,0.02176051,0.039692752,0.009668518,0.026756324,0.053386897,0.027318021,0.006931464,0.05527045,-0.06181265,-0.02354462,0.004162727,0.020662218,0.023326296,0.027113717,0.043184012,-0.027520807,0.018423777,0.06816446,-0.022156332,-0.025135173,-0.00021063536,-0.034079544,0.005448673,0.120222986,-0.03363319,0.05025883,0.038081925,-0.02302638,0.043655977,0.031333383,0.008048258,-0.00838933,-0.11168595,0.00904666,-0.018755816,-0.043224007,0.0066140243,0.062757015,-0.00747387,0.01635489,0.037069615,0.033006325,-0.042704925,-0.07633703,0.054459594,0.028303795,0.0219369,-0.037065044,-0.020230286,-0.0077200998,-0.073031075,0.0048058117,0.012498807,-0.016516373,0.040516775,-0.0007959977,0.049592234,107,450
0.009823172,0.024046611,0.075479575,-0.08308974,0.002777486,0.011782808,0.026413087,0.048200347,0.01819275,-0.038496397,0.014148298,-0.033711486,-0.07762919,-0.04863579,-0.029937575,0.032391567,0.0098637715,0.02797329,-0.019117594,0.028061293,-0.010439819,0.032640588,0.05007495,-0.065716684,-0.02548061,-0.025644349,0.010805699,0.0295696,0.025315998,0.116234556,0.034990795,-0.037045144,0.0069236197,0.024485508,0.01585956,0.02164393,0.062432624,0.03704223,0.06901324,-0.021508398,0.05633521,0.017306015,-0.03588885,-0.021183886,0.010814867,0.08682334,-0.010934097,0.003623832,0.0038004383,-0.02304755,0.04389561,-0.013533383,0.0032934635,0.06382486,0.03693077,-0.060579576,0.030652493,-0.06283966,0.07248546,0.0027866326,-0.07337222,-0.023059282,-0.026429389,0.007343438,-0.039343774,-0.011651157,-0.022376206,0.036957603,-0.06912483,-0.0058540627,-0.0052913167,0.05927594,0.061991543,-0.017998945,0.039161753,0.0068100016,-0.021153586,0.014009379,-0.008524874,-0.013319146,0.0042796833,0.013954375,0.024139818,0.0090979,0.0002975054,-0.035256386,0.015677579,0.035175085,0.029837888,0.018965906,111,451
0.013238016,0.025460828,0.052775197,-0.03490968,0.03517151,-0.03289194,-0.008931508,-0.0826903,0.018576784,0.03752236,-0.034991167,-0.05128371,0.0054883678,-0.06831424,0.03506208,-0.029478326,0.014005295,0.04555431,-0.00774311,0.006553584,-0.04962127,0.075825244,0.014038952,-0.008535845,0.0509592,0.04887583,-0.073001385,-0.09336021,-0.048457257,0.07902929,0.038966987,-0.0014348254,0.012287948,-0.025628036,0.09461415,0.07515248,0.07190988,0.027082939,0.044577084,0.02017786,0.074342005,0.095268175,-0.039991543,0.043888748,0.013921636,0.06854679,-0.020742042,0.050592467,-0.03807585,-0.0117432205,0.076430276,0.012733474,0.0038046301,0.03673165,0.012061082,-0.09721233,0.057790726,-0.02508666,0.052008726,0.05295241,-0.023187416,0.03768912,-0.012998278,-0.1052118,-0.0131494645,-0.07860179,-0.0052682497,-0.04111497,0.06773109,-0.039570097,0.0051240325,0.0024777977,0.0039687566,0.056571268,-0.01992282,0.030140739,0.03282297,-0.0016862117,-0.037453294,0.019740205,-0.00548104,0.024521627,-0.0067684203,-0.043000944,0.008972036,0.056214474,0.02084712,-0.031273853,0.046352513,0.063738264,102,452
-0.0057798577,-0.0025343113,0.02826768,-0.0711811,0.0116135515,-0.004009668,-0.024800008,0.0012316722,0.030694013,-0.09636343,-0.0055958685,-0.045532737,-0.04848337,-0.026616516,0.048264213,0.021026392,0.010999987,0.009207641,-0.014477837,-0.0025945953,0.004944887,0.01532876,0.017909024,-0.01279929,0.021566302,0.021499068,-0.033006098,-0.045854304,-0.018187175,0.025745872,0.023869773,-0.019229524,-0.053898882,-0.01205717,0.024576958,0.0074219587,0.0019746423,0.048532303,-0.010218713,-0.051936768,0.09928457,-0.019272242,-0.016055858,0.009438925,-9.968877e-05,0.07406835,0.015560342,0.050984353,0.0075868005,0.030414019,0.056228124,0.064378664,0.011555534,0.033542912,0.052489035,-0.089567885,0.059907567,-0.05360583,-0.010020737,0.003908013,-0.021936968,0.01966099,0.016489873,-0.042426392,-0.018243866,-0.014990289,-0.0041241404,-0.052353732,-0.064002916,-0.014758221,0.0077766757,-0.043705918,-0.008460304,-0.0024675764,-0.03208992,-0.0535569,0.016068377,0.02721988,0.0012184158,-0.010416985,-0.04985752,-0.0035848338,0.009366963,-0.027656775,0.025469229,-0.022501351,-0.017571017,-0.029958636,-0.0023656036,0.018819917,108,453
-0.028306238,0.06844099,0.031981878,-0.09598207,0.028593913,-0.02339505,0.039891507,0.00048974744,0.06074015,-0.030416727,0.05910059,-0.049679324,-0.07622217,-0.05849971,0.062046904,0.028450679,0.13148722,-0.042098634,-0.006016494,-0.030594517,0.044768713,0.06653844,0.022195484,-0.029309606,0.083398476,0.032039374,-0.01354789,0.022636801,-0.020397311,0.03400665,-0.033150017,-0.083791606,-0.016973497,0.027395867,0.036021452,0.038520526,0.032741737,0.025168812,0.05617764,0.06257505,0.052710652,-0.0049322993,-0.051812187,0.03637769,0.035873074,0.07712642,-0.004976742,0.0059086075,0.019411344,-0.02113615,0.09985184,-0.01717491,0.02706421,0.02052691,-0.016483594,0.0057257637,0.10860461,-0.048079062,0.021301607,-0.014482647,0.036026992,0.027434051,-0.00072864257,0.041708276,-0.041308064,-0.061491616,-0.024470288,-0.05149825,-0.1365054,-0.010306762,-0.0022641923,-0.012336651,0.02167301,-0.012484293,-0.0174619,0.063361846,0.01641265,0.10317152,-0.04625602,-0.037452146,0.0023227306,-0.04613803,-0.017848728,-0.010279849,-0.037379652,0.020794695,0.030307066,0.10318636,0.040870674,-0.011450011,104,454
-0.017806292,0.037050836,0.087112986,-0.07094379,0.0017616432,0.018532531,-0.0473366,-0.0043131066,0.06561861,0.002101298,-0.013304536,-0.022067634,-0.032111917,-0.055999573,0.078481294,0.057165258,0.02073427,-0.0509604,0.045519873,-0.051929753,-0.020890899,-0.025771726,0.008908646,-0.002795443,0.024320414,0.009131908,0.023115143,0.04496763,0.034641057,-0.060555425,0.0010263715,-0.020685297,-0.044763833,0.0021368102,0.06905265,0.021637512,0.072187796,0.0012627319,0.017204337,-0.021605216,0.07829817,0.050338864,0.018566318,0.039294157,-0.030179223,0.09721871,-0.021124134,0.04698818,-0.03814122,-0.0038137073,0.09573078,-0.030585121,-0.013534673,0.011471388,0.0128169535,-0.0034334362,0.068388745,-0.01875013,0.06567318,-0.007784361,-0.078323446,0.018919071,0.037176553,0.007465525,-0.06671448,-0.022269156,0.007953828,-0.07490005,-0.06515773,0.028404145,0.0047644274,0.015687546,-0.05602639,-0.021819964,0.013668084,-0.017520092,0.057642795,-0.011005305,-0.023703314,0.024893286,-0.003747115,0.002487802,-0.029104015,0.018153496,0.014345585,0.036933094,0.02341793,0.027973268,0.011869202,0.06930075,111,455
-0.04842359,0.010199852,0.057383854,-0.061517313,0.060823854,0.023627868,0.017857874,-0.016207311,-0.040952742,0.020663453,-0.045908924,-0.006419678,-0.02290548,-0.036805168,-0.007837371,-0.03746522,0.08065473,0.043973245,0.053961664,-0.044441376,0.032668196,-0.013877377,0.026589274,0.031642348,0.029596902,0.019669991,-0.042537704,0.08585801,0.012707959,-0.0030096527,-0.012967754,-0.08361082,0.014481373,0.004249268,0.08816145,0.0128337145,0.050212912,0.0013967585,0.008472455,0.04925563,0.07196699,0.071311414,-0.02914015,0.06469359,0.0792144,0.097261384,-0.01879875,0.02722776,0.05901207,0.024526022,0.14098883,0.05482775,0.0041420306,-0.012790138,0.061128438,-0.018880494,0.046499174,-0.07159208,0.028435376,-0.015321297,-0.033926584,-0.003377255,-0.05558267,0.0110925045,-0.09000085,0.020491716,0.041454643,-0.066689946,-0.08397443,0.0009419862,0.029797986,0.060337678,0.00087417103,0.0051547075,-0.049797855,0.0033114874,-0.0024539828,0.015441679,0.017503938,-0.0049372884,-0.0057528736,0.03061112,0.055000775,0.04908675,0.023943909,-0.022455782,0.0054549985,0.09578207,0.0083528925,0.09619014,106,456
-0.0116960555,0.012485098,0.017777056,-0.097713575,0.0055649113,0.046057027,0.015496524,0.016558766,0.010384397,-0.06926343,-0.024909776,0.033083797,0.0022815596,-0.023931764,0.043191098,-0.0028211698,0.021176934,0.030279908,0.0022866698,0.0020652195,0.00830104,0.09883636,-0.005017018,-0.04305768,0.037285622,0.016426152,-0.008301719,0.0039668153,-0.009094378,-0.012504138,0.04170135,-0.041978072,-0.049870025,0.04499717,0.078729585,0.032132234,0.013744861,0.053002857,-0.04263881,0.024094947,0.03667776,0.03167256,-0.0007154122,-0.006113142,0.040342025,0.098434955,-0.04986409,0.03897745,0.032768443,0.011759134,0.13691877,0.018264888,-0.000115153845,0.013164809,0.059670307,-0.025045725,0.07611475,-0.044696145,0.047735013,0.019956574,-0.02237314,0.011661201,-0.012029895,-0.016212534,0.014145941,-0.039142087,-0.05277506,-0.006885863,-0.043416113,-0.024170421,0.010039782,0.022495637,0.058332466,-0.010860658,-0.0094298115,-0.0043281745,0.039509866,0.0349925,-0.024464656,-0.028194083,0.028889816,0.009723343,0.0063754395,-0.02977008,0.005495107,0.037063733,-0.013079584,0.041268114,-0.045444638,0.06934943,108,457
-0.015379303,0.034927234,-0.015941706,-0.03085262,0.002274884,0.01795171,-0.020765657,-0.046657346,-0.0013882993,-0.03895352,0.045801155,-0.03800086,-0.08548501,-0.05600839,-0.0026724893,-0.014508303,0.048278518,0.035594612,-0.05151488,0.029073339,0.010254376,0.0032072999,-0.013535399,-0.08017409,-0.020072013,0.013244262,-0.034395684,0.014975521,0.052289777,-0.0280734,0.062065184,-0.024238762,-0.030281428,0.0040852297,0.08028792,-0.015399419,0.034453716,0.00053551234,0.051329304,-0.005566894,0.018396534,0.09438098,-0.013915326,0.037229896,0.039762367,0.066037215,-0.01864037,-0.011968546,-0.026707292,-0.013190786,0.040319465,0.036278427,-0.0039749704,-0.027549507,0.06378674,-0.00956944,0.11090243,-0.08081123,0.04210836,-0.04704977,-0.014816996,-0.00839402,0.04406529,-0.04319855,-0.028366348,-0.044404622,5.2282587e-05,-0.03567864,-0.07509826,-0.018855661,-0.028518595,0.025639625,-0.03903328,0.008618281,0.013632346,-0.034960467,-0.014953451,0.0018156134,-0.02138517,0.019227013,0.017710937,-0.041346304,0.033970412,0.002816368,-0.029718043,0.04910675,0.014055423,-0.05030296,0.09446987,0.079331726,107,458
-0.020471048,-0.032309875,0.09078108,-0.07302668,-0.022518493,0.02332909,-0.0054721287,0.018352576,0.06206193,0.007590119,0.044351343,0.029577069,-0.016983168,-0.04080855,0.029911771,0.039189365,0.05098825,0.039880637,0.01452741,0.0011381195,-0.0509928,0.021871679,-0.0049552955,-0.043533333,0.0202833,0.053415705,-0.08265673,0.040684633,3.514625e-05,-0.005556913,0.05480151,-0.034992836,-0.02022902,0.026595265,0.04886487,-0.013550907,0.0112490915,-5.0632283e-05,0.038657412,0.030605283,0.12760651,-0.007862579,-0.03984686,-0.03908521,0.007959262,0.03433577,0.028062511,0.021294735,0.057584606,0.03463541,0.007816225,0.046387907,-0.020118974,0.020723308,0.034903873,-0.033561483,0.027810503,-0.0340962,-0.007013697,0.044752397,-0.06550021,0.009982331,0.032307573,0.023501016,-0.103797466,-0.027419394,0.05410111,-0.003925748,-0.07138586,-0.030319743,0.017803727,0.034907542,-0.03232951,0.004566934,-0.030926475,-0.06632991,0.032877438,0.043050252,-0.014676871,0.012321368,-0.025048882,0.017419443,-0.016432336,-0.024348766,0.018244332,0.044531297,0.014592692,0.00021357602,0.03904471,0.060662437,102,459
-0.06062658,-0.0063316803,0.038535606,-0.025639802,-0.025560085,0.046751272,-0.010994842,-0.00046754838,0.013478776,0.043962967,-0.008912245,0.049585458,0.03590427,-0.123531625,-0.02093752,0.0020294837,0.027057583,0.018718306,-0.02683641,0.0038793217,-0.018007107,0.06619314,0.03199573,0.027085416,0.02258242,-0.012262156,0.0057377294,0.03591798,0.1073986,0.061268445,0.042368844,0.010417502,0.0521992,0.08353342,0.11269346,-0.097582415,0.036013342,0.027843397,0.082387894,-0.043118693,0.052349567,0.06511488,-0.045266323,0.017345134,0.016384734,0.04142967,-0.077745765,-0.04433386,0.031039061,-0.073944725,0.050235696,-0.011436321,0.024404623,0.05507607,0.020456087,-0.073257774,0.07557178,0.012874957,0.03250794,0.035353046,-0.002997579,0.011735741,-0.025258306,-0.020115608,-0.034017958,-0.035494246,-0.041520383,-0.042198922,-0.031712886,0.039269164,0.06038717,-0.007487851,0.01235275,0.019482607,0.018693144,0.015002091,-0.010414952,-0.018662635,0.0011634612,0.003044046,0.044503435,0.07296285,0.07533889,-0.023355054,0.045238573,-0.031526174,-0.029754955,-0.00346696,-0.003170163,0.009285845,106,460
0.012556897,0.029286092,0.0026114546,-0.010641322,-0.028346002,0.057385437,0.0067463955,-0.029374894,0.049188495,-0.018550659,-0.040842272,-0.002110877,-0.050438147,-0.016327947,0.01693131,-0.02446414,0.007977234,0.020808153,0.0068878215,0.06041996,-0.040535763,0.0048946626,-0.02654544,-0.04878421,0.08313362,0.01370985,-0.02924605,0.054699775,0.054352075,0.08316852,0.031838905,-0.10872224,-0.015291234,0.012213723,0.03740978,0.01995378,0.012513036,0.010937286,0.06836729,0.013999593,0.037734114,0.023906985,-0.04568416,-0.0035725422,0.036823433,0.054094225,-0.0026015604,-0.021388894,0.009880016,0.021570772,0.08742486,0.0067937206,0.05264693,0.038289122,0.06136622,-0.043725014,0.057911716,-0.036623582,0.0717948,0.017989611,0.009101549,0.013809893,0.002155724,-0.029204827,0.027969029,-0.070098445,0.011572539,-0.024128983,-0.08673604,-0.0037094261,0.064658076,0.0098554855,-0.008493185,-0.016533889,-0.032095645,-0.009891793,-0.024913432,0.035912357,-0.032579467,-0.015025785,0.027105821,-0.0005902257,-0.02702357,0.012013371,0.0674592,-0.026859792,0.017300496,0.025009517,-0.0050780317,0.057294793,101,461
0.042236153,0.03581272,0.022008244,-0.039829966,0.014067169,0.049123194,0.005644036,-0.056460906,0.01121279,-0.07754339,0.020906322,0.031392775,-0.018494086,-0.030226566,0.042343725,-0.01585038,0.04712147,-0.017083088,-0.012390514,0.007922112,0.006571654,-0.010437887,0.012540737,-0.03853251,0.0082448125,0.08405812,0.030826211,-0.07131783,0.04842919,0.021141523,0.030433664,0.001273185,0.013221931,-0.0019810926,0.03835733,0.046450503,0.014771476,0.06830828,0.0027175453,0.004933282,-0.014150903,0.056557707,-0.036111295,-0.016430344,0.08478671,0.095268086,-0.006727974,-0.0125952475,-0.030591821,0.006012612,0.058311738,0.01487093,-0.011216905,0.026731508,0.0616879,-0.024312742,0.08742797,0.032252852,0.05450079,-0.02906644,0.032586195,-0.0151614435,0.060478058,-0.022370368,-0.012749472,-0.036719337,0.030447675,-0.011076329,-0.03998541,0.031022176,-0.030718472,0.034274388,-0.015777295,-0.012779222,0.017364182,-0.0055274917,0.08647058,-0.04503537,-0.00021684729,-0.012755999,0.06681028,0.041161835,0.03532785,-0.03314483,0.07065539,0.031945247,0.02957596,-0.02467027,-0.008290648,0.036143646,100,462
-0.046376865,0.009381468,-0.028234482,-0.017190147,0.05351517,0.01281004,-0.003293838,-0.029190656,-0.015680145,-0.03162404,-0.00059536565,-0.019239789,-0.014258942,-0.06681734,-0.030117985,-0.0097779,0.049195968,0.010638354,0.011548936,0.024295572,0.03966137,0.034173694,-0.013723047,-0.001937123,0.020895949,0.05761791,-0.0077717975,0.01348428,-0.011703735,0.0037052357,0.023253143,-0.048472278,-0.055896565,0.00033235364,-0.013037533,-0.023313718,0.089006856,0.06826714,0.03228983,-0.027211968,0.040812604,-0.03791942,-0.009582258,0.010742329,0.056229234,0.031425714,-0.02768655,-0.094382346,-0.042921863,0.0038770894,0.04100713,0.018101692,0.025154103,0.07302769,0.03124854,-0.013015456,0.04677337,-0.06555793,0.019571202,0.04102858,-0.05233422,-0.00041903183,-0.0070780404,-0.01115784,-0.006293342,0.003231436,0.050706215,0.031574164,0.0479832,0.011109065,0.025326855,-0.04963282,0.031101292,0.04949366,-0.05013074,-0.009189555,-0.008604651,-0.010759711,-0.0203954,-0.056447823,-0.03138811,0.028503794,0.036316514,-0.014770711,0.04898508,-0.013288209,0.041784994,0.0436296,0.047119927,0.041150607,107,463
-0.00734466,0.02586801,-0.0034199208,-0.011005331,-0.014544789,0.048922226,-0.006862831,0.008908042,0.0070082997,0.024280258,0.027772991,-0.023276135,-0.07302139,-0.058380306,-0.04694692,0.008449389,0.011179119,-0.0027398728,0.017153978,-0.010477802,0.051950015,0.053642202,0.009094434,-0.067659825,0.08737105,0.0382251,-0.01835952,-0.011386729,0.038471833,-0.009073257,0.03631959,-0.03287438,-0.055394016,-0.0876286,0.11319333,-0.07121557,0.05138872,-0.023105346,0.009204384,-0.03473153,0.03547311,0.04783121,-0.04802847,0.02423907,-0.04090187,0.051458012,-0.0030815522,-0.0020963112,-0.031004077,0.0026532486,0.01916236,0.0039422396,0.053216532,0.04906652,0.028141597,-0.017530998,0.068744734,-0.096437804,0.036576577,0.014217548,0.02307841,-0.012432706,-0.021444213,0.055638526,-0.06269932,-0.013990792,0.06468581,0.020628374,-0.055943713,0.025312975,0.034672894,-0.021487676,0.036340903,0.026996762,-0.028945185,0.06230297,-0.021659309,0.11327821,-0.020448688,0.035368226,-0.043845028,0.009710952,0.038323276,-0.0016051689,0.05633066,0.11643603,0.03092901,-0.014441843,-0.035512228,0.000849206,114,464
-0.078076184,-0.004510846,-0.0042932816,-0.03343715,0.020577304,0.027084263,0.013256272,-0.00046802964,-0.02275663,0.018266428,-0.044007596,0.0047581056,0.01279211,-0.02364996,0.06443098,-0.05872311,0.07069757,0.030359428,-0.06971809,-0.008701838,0.0075833728,0.010958541,0.026357826,0.001941951,-0.015478235,0.04096469,-0.04993157,0.03736725,0.05949478,0.004147294,0.04611013,0.013783913,0.0018117651,-0.0053335945,0.048488103,0.001879516,0.0363872,0.029419504,0.037603013,0.0013396814,0.07975165,0.06379417,-0.055232454,0.02613953,0.090445556,0.04204369,0.025721237,-0.011477619,0.02129567,0.025503535,0.067213066,-0.010122575,-0.03361163,0.045078248,0.02626641,-0.06502129,0.080941826,-0.0064869057,0.045636192,0.013369257,0.008956015,0.0008861888,-0.021996487,-0.011237225,-0.05287761,-0.03039972,-0.02463172,0.01871498,0.039953932,0.03997815,0.039453108,0.0374298,0.07320526,0.016058687,0.002463812,-0.035906125,0.019231208,0.04170122,-0.003140865,0.01054341,0.051555224,0.0305067,-0.009823969,-0.008822533,0.06384214,0.00039430708,0.04729616,0.037275527,0.019339487,0.026516812,100,465
-0.019328127,-0.014707396,0.015732035,-0.05527616,-0.016767073,0.013397001,0.018380916,-0.0063628033,-0.021045702,-0.055448305,-0.028534226,0.008097294,0.015475921,-0.0641285,0.06589802,-0.037741974,0.08421034,-0.01168493,0.007842211,-0.018504076,0.075995415,0.02437459,0.0039220518,-0.028896503,0.06168451,0.050810874,0.006913175,-0.0028129471,0.055972084,0.025476454,0.030285332,0.033901524,-0.04523284,-0.010956831,0.07492119,-0.0017920858,0.03821645,0.050433684,0.056400016,-0.013618493,0.057794638,0.030507222,-0.03207599,0.025499662,-0.016516233,0.101363525,-0.04565387,-0.012005936,0.027335243,-0.012005891,0.027564824,0.005950675,-0.0048820954,0.018296488,0.06744182,-0.026323741,0.018221788,-0.04803643,0.050499886,0.055076614,0.021838272,-0.013001436,-0.00689792,0.0073764073,0.019316373,-0.017018009,0.01081386,0.015308559,0.0496322,-0.06163768,0.020810794,0.02708105,0.061215386,-0.005871203,-0.0031877698,0.011754548,-0.0042077973,0.03895562,-0.057707965,-0.02041241,0.0055336747,0.048297446,0.028769715,-0.0005347179,0.02931078,0.06452741,0.075694084,0.007888557,0.002765653,0.025603209,113,466
0.027413111,0.06834212,0.04527853,-0.01865387,0.0049691424,0.058349628,0.021530513,0.0108192535,0.02177558,-0.008222082,-0.032857385,0.0017570632,-0.066319905,-0.03823062,0.042778276,-0.009622015,0.042577755,0.057931483,0.007669955,-0.003218321,0.016403984,0.056701496,-0.008385023,0.0082142465,0.059699528,0.018933434,-0.0016814137,0.020727247,0.05842998,0.03629285,0.014181775,-0.024753425,-0.01734401,0.009526826,0.03407473,-0.041120876,0.04769165,0.03426774,0.04096841,0.0465629,0.06755222,0.011227079,-0.075474955,0.0067947954,0.009123005,0.003253404,-0.03509898,-0.015858607,-0.022512035,-0.08170871,0.08657712,-0.05744548,0.010259092,0.031901795,0.032513045,-0.03762481,0.0763771,-0.042145707,0.04514699,-0.008167928,-0.061084136,0.010755441,0.0189013,-0.0048842616,-0.06476154,-0.017982673,0.05325878,-0.04416736,-0.014470684,0.00094028143,0.01058229,0.021982234,0.049768567,-0.01964407,0.005793265,-0.053229485,-0.020352205,0.0066537373,-0.040882494,-0.010624599,0.036059484,0.0220651,0.03330946,0.023036022,-0.0005625859,0.05486232,0.062162668,-0.0053074667,-0.032882545,0.07968053,109,467
0.044314183,-0.042049933,0.037155416,-0.12571695,-0.014680466,0.108988225,0.011846434,0.009674772,-0.051621668,-0.020711279,0.0015260025,0.018782064,-0.014419566,-0.07586745,-0.020626493,-0.0395523,-0.07383528,0.02824879,-0.011432332,0.0048634596,0.031594474,-0.014443658,0.016172813,-0.0098686945,0.11400317,0.023763396,-0.017675836,-0.033770747,0.03744617,0.037487365,-0.018760523,-0.061664507,-0.011525377,-0.024908934,0.058925405,0.0031518945,0.025343135,0.0036424492,0.038857237,-0.051085997,0.068802,-0.001242267,0.019350793,0.027012043,0.0044801217,0.11971385,0.013554002,-0.023326462,0.01117324,0.00035941415,0.07670147,0.0048776725,-0.0488498,0.005032683,-0.03731574,-0.02586035,0.06278507,-0.02122414,0.01326321,0.046357512,-0.011535449,-0.037741564,-0.017906453,-0.028634243,0.039509244,0.045136414,0.0566777,0.025311884,-0.029952552,-0.02930139,0.021324478,0.017693967,0.02356322,-0.028851327,0.02141001,-0.0045024003,-0.013229931,-0.05968576,0.012392191,-0.016220504,0.034330413,0.0130844945,0.06522557,0.050394125,0.03292437,0.0006233007,0.06848173,-0.035973035,-0.004276123,0.04068019,104,468
-0.0063162213,0.009981197,0.03390573,-0.012567231,-0.020513479,0.08423796,-0.0075815385,-0.010749938,0.012303375,-0.024900094,0.00032874942,-0.028091222,-0.04626774,-0.06323068,-0.035384715,-0.07736741,-0.04344318,0.06257886,-0.01452944,0.0011395841,-0.0002467006,0.04963864,0.048715964,0.0035130344,0.0006615389,0.06562432,0.03631635,-0.0057928814,0.02203156,0.048246767,0.051266305,-0.05820982,-0.026687093,-0.018334795,0.10845627,0.035098903,0.026649812,0.038564436,0.058505084,0.02493323,0.06112907,-0.009436574,-0.04009514,-0.023942862,0.0010210183,0.06295617,-0.03236041,0.034688286,-0.0022669942,0.008570753,0.053915273,0.030698089,-0.040096886,0.054780506,0.031177072,-0.032203894,-0.012139682,-0.0025414042,0.020450901,0.05298846,-0.053155534,-0.021196935,0.009492156,-0.029497188,-0.02958569,-0.032791615,0.074607596,-0.01585298,-0.033258177,0.010757818,-0.015070304,-0.05499638,-0.041607805,0.017694095,-0.015530595,-0.023625202,0.0027804347,0.0132489,-0.0123913735,-0.00903278,0.024805587,0.012537766,-0.0155526195,0.014933867,0.0027985768,0.012595748,-0.0032649077,-0.09508234,0.0052424297,-0.040363796,108,469
-0.021934275,0.018678214,0.077517495,-0.03526731,0.020325327,0.0626768,0.043190032,0.01299345,-0.0027927896,0.04084502,0.011518529,0.005931549,0.019929383,-0.048886977,-0.008139063,-0.07363711,0.049451493,-0.022099381,0.066805154,-0.020247295,-0.023338169,-0.0013411213,0.016795294,-0.019502921,0.006151419,0.0020287633,0.0013149166,-0.012745698,-0.0026479922,0.027224999,0.0022778884,-0.03442571,-0.034478992,0.06690261,0.039327677,-0.013794236,0.04340575,0.07406618,0.0014933255,0.045639463,0.082430005,0.13881354,-0.03322419,0.044282906,0.028036578,0.035233766,0.018040314,0.007786568,-0.024090935,-0.013928073,0.053410288,0.010129869,0.011510739,0.045103546,0.07626791,-0.038121793,0.05155386,-0.050061822,0.02856625,-0.005482047,0.024921706,0.007249552,0.0352932,-0.036754914,-0.0022728778,-0.059607863,-0.0320494,0.009652549,0.0005083941,0.03041007,0.027302805,-0.027523698,-0.0017374735,-0.0145775,-0.037647568,-0.01930086,0.018367367,-0.039339863,0.02366642,-0.013461096,0.06971382,0.03714545,0.06344412,0.02598148,0.0407755,-0.006130835,0.03293115,0.014423868,0.024867479,0.0041885413,107,470
0.0626942,0.045925274,0.07892288,-0.07425128,0.041826747,0.058610573,0.02297373,0.0031407801,0.026106156,0.0028854832,-0.021021357,-0.036780857,-0.017690357,-0.057250343,-0.0496032,-0.06058551,-0.022319427,0.012658371,0.040413722,0.05727887,0.040681504,0.012445148,0.0019840878,-0.017376192,0.07377818,-0.012594892,-0.021717748,0.029960789,0.04103051,0.058139976,-0.010386918,-0.060061973,-0.021310704,0.0025379816,0.099244416,-0.050442696,0.024422856,0.07143533,0.056701064,-0.0037221275,0.09506537,0.035804387,-6.911531e-05,-0.01964511,0.04092777,0.051186312,-0.043591235,-0.0048585376,0.019373858,0.03894052,-0.018825717,0.038761348,0.005088157,0.098234795,0.015135978,0.061575647,0.11451207,-0.03807221,0.044720635,0.011350662,-0.03503556,-0.010454562,0.0058772136,-0.034571834,-0.057925668,-0.03864004,-0.010773314,0.003997436,0.016019914,0.03248593,0.040160384,0.04188039,0.051697806,0.029173866,-0.009325434,0.03414215,0.0013367236,0.03976979,0.009965157,-0.05792666,-0.019068956,0.026542332,0.07553436,-0.0058861375,0.013713609,-0.018041609,-0.0053955764,0.008818683,-0.023827769,0.03218767,108,471
-0.035581492,-0.04267642,0.005737897,-0.062202174,0.012440572,0.0342279,-0.025838008,0.05368033,-0.031633485,-0.04527474,-0.040353615,-0.03272676,-0.021216977,-0.055136807,-0.03692236,0.016875481,-0.0270757,0.011060568,-0.014646354,0.0059295716,-0.002725644,0.041526217,0.102829464,-0.074297324,0.019116089,0.0598168,0.003718675,0.0028298143,0.0609383,0.011239663,-0.0063432045,-0.024181182,-0.044311475,0.006451333,0.024307929,-0.021214992,-0.0050516464,-0.0125366,-0.00018323585,0.016499354,0.020230139,-0.0854153,-0.05259517,0.019902335,0.0073896796,0.040472925,-0.024142213,0.0070984606,-0.0047333324,-0.026907817,0.07867631,0.005825765,0.011758735,-0.009565098,-0.006076675,-0.027710536,0.054633576,-0.0010169,0.09899846,-0.023843393,-0.011686737,0.029621512,0.015136808,0.023352772,-0.01398498,-0.1162234,0.044971175,-0.03655143,-0.09719951,0.04734309,-0.004810823,0.0007827248,0.010309961,0.055237576,-0.038665365,-0.020919822,0.055216268,-0.0150780305,-0.051428188,0.041793484,0.06019616,-0.05870836,-0.0068411417,0.018839436,0.030199543,0.060477316,-0.0036527738,-0.018346284,0.055694383,0.065939516,114,472
-0.0530766,0.014530461,0.09740427,-0.09399866,0.020173596,0.045589652,0.019940771,0.03465412,0.083091125,-0.09664626,0.024518652,0.02129024,-0.063360564,-0.07667279,0.007303159,-0.036313627,0.030999318,0.021529099,-0.013285016,0.03975052,-0.006562692,0.03228935,0.037246745,-0.021949634,0.06674764,0.08026302,-0.040709525,0.009311733,0.028197607,0.019945338,0.008868236,-0.050146125,0.015063733,-0.031397868,0.05166309,0.018198013,0.03449988,0.06475512,0.040195793,-0.023570959,0.104416095,0.07081562,-0.0868091,0.03690495,0.012289032,0.09788589,-0.023746321,0.002106626,-0.03711444,0.0043602325,0.063237615,-0.034787208,-0.01514053,-0.044372857,-0.009869292,0.005547736,0.059986427,-0.063725874,0.0006530117,0.038881343,0.020678466,-0.0013682498,-0.021125179,-0.012536831,-0.0013946169,-0.010988522,0.061568297,0.037487496,0.034183335,0.011964688,0.015489335,-0.035503738,-0.029513752,0.030707933,0.009240483,-0.015885295,0.052751698,0.028511155,-0.01236713,0.04275413,0.02284791,0.065652,0.0054859407,-0.014689738,0.029949725,0.065340415,-0.008376662,-0.023418926,0.02288242,0.03393526,109,473
0.01192823,-0.009681104,0.028601315,-0.043933913,0.0048881928,0.09640272,-0.00027149636,-0.03156664,-0.05270403,0.000814626,0.02614552,0.01678443,0.018661395,-0.047329858,-0.012990996,-0.11310132,-0.044537157,0.030749172,0.037706543,-0.009238512,-0.028312456,0.06327765,0.0065193726,-0.05129014,-0.03151192,0.023209397,-0.061312992,-0.042920172,0.08123385,0.008122262,-0.020185132,-0.09152834,-0.03799176,0.02253,0.11710639,-0.002411512,0.028597206,-0.033654798,-0.038781848,0.016135857,0.08355216,-0.041633707,-0.016992234,-0.009787624,-0.030939559,0.0471301,-0.03194899,0.036717445,-0.02503842,-0.031084765,0.074494034,-0.02314346,0.0089000305,-0.00022049434,0.032719452,-0.07291624,0.051218588,-0.0007570088,0.015775997,0.018405778,-0.011918029,0.035444632,0.050033554,0.060660474,-0.082622096,-0.016808433,0.0025921762,0.0047892686,-0.109047435,0.017518604,0.045804214,0.0066698827,0.024018759,0.046157725,-0.007751112,-0.04277333,-0.06680659,-0.023931295,-0.014782858,-0.049142264,0.013114329,0.038389273,0.000172358,-0.004910405,0.011977671,-0.0046312343,0.03261481,-0.07161844,0.030426495,0.07517778,107,474
0.04245451,0.01868401,0.037383806,-0.014599014,0.024359588,0.022828178,0.05714663,0.021338366,-0.034288578,-0.023019176,-0.043545384,-0.002004202,-0.07420645,0.0012332574,0.048022985,-0.013523556,0.008464858,0.04533147,0.029246666,-0.063260786,0.005431894,0.029049242,0.025359895,-0.024343256,-0.0027256496,0.02939856,-0.013230005,0.038601786,0.028589312,0.052010838,-0.029334225,-0.020765908,-0.051637277,0.026133375,0.002552878,0.0065736407,0.048629772,0.11554554,0.0020221546,0.0061834166,0.026995407,0.08332845,-0.011633616,0.018487858,0.0017117187,0.10332785,-0.022197442,-0.015428642,0.045259833,0.04227872,0.031871334,-0.024612363,-0.065918244,0.037186302,-0.0031251134,-0.051016793,0.08912355,-0.049553066,0.065537184,-0.045491483,-0.03888742,-0.0024792375,-0.034537327,-0.0895515,-0.056334086,-0.026765477,-0.0153204035,-0.026476922,-0.0069471244,0.0035046805,-0.029727887,0.04788895,0.021641832,0.024059575,-0.043285795,-0.011745583,0.008961391,-0.017981548,-0.028189395,-0.015862636,0.02301133,-0.00069979765,-0.02811571,0.0158621,0.03248291,0.067400225,-0.011285804,0.015820092,0.025023129,0.0052223466,109,475
-0.05778788,0.005355878,0.037618723,-0.028434096,0.014162956,0.051209316,-0.002907355,-0.015187249,0.011769016,-0.024120621,0.055297874,-0.017584516,0.014722481,-0.07162659,0.021645276,-0.046222694,0.024411842,2.1629035e-05,0.023093523,-0.04966264,-0.034404144,0.040156487,-0.012482056,-0.02443188,0.039135158,0.033896375,0.064942285,0.02988211,0.0069753984,-0.026684232,-0.007911114,-0.04947303,-0.014659766,-0.04829165,0.035247386,0.03658215,0.050085895,0.062048554,0.06572954,-0.034213126,0.03715498,0.054080747,-0.032414775,0.01218262,0.043962218,0.067066446,0.019837001,-0.018560158,0.0028481567,0.007871587,0.038755476,-0.0063444683,0.029863296,0.032092594,0.0130400825,-0.03570693,0.018585194,-0.048972704,0.047958367,-0.012072144,0.02457838,-0.042639915,0.0045975344,0.015837342,0.05340786,-0.022849329,0.029200148,-0.045147,-0.049841523,-0.01068097,0.055368327,-0.026621213,0.025977895,0.014869684,0.07074761,-0.030429803,7.5316057e-06,0.07858698,-0.058152106,-0.03361613,-0.026960481,-0.044742912,0.04588479,-0.055768557,0.018461922,0.020901404,0.06208627,0.046159565,0.02758509,0.048381425,113,476
0.018505558,-0.006095017,0.037428334,-0.048987553,0.009140087,-0.0038308688,-0.0142631475,0.022492722,-0.042305805,-0.0067450656,-0.025768772,-0.012528207,-0.005956948,-0.0155932885,0.02671916,-0.008841116,0.0482426,0.03966795,0.0045369403,0.06967095,0.020344496,0.073312655,0.052852064,-0.045812033,0.058731265,0.011150945,-0.024120022,0.088178046,0.025772784,-0.02897888,-0.054026544,-0.007600121,-0.1044094,0.011017375,0.051944442,-0.02750457,0.06040463,0.041285902,-0.02575199,-0.021976646,0.026790584,-0.08648811,-0.09350315,-0.04100477,-0.013469754,0.01608947,0.056722995,0.0064301556,-0.03812039,0.016148716,0.027299,0.016398825,0.015669333,0.00090341084,0.035289574,-0.07125379,0.08944875,-0.027185386,0.031811934,0.03740473,-0.025129583,0.03658373,-0.019879282,0.033877973,-0.054769143,-0.015704859,0.042361528,-0.055340763,-0.09244266,0.027482502,0.0626625,0.056887683,0.01851102,0.041358795,0.009453606,-0.018900268,-0.015735561,0.027034372,0.025975626,0.03240522,0.024175756,-0.0012559108,0.060483612,-0.052343976,0.004184668,0.034338232,-0.0017961375,0.001004823,0.059420876,0.092963964,110,477
-0.0035382984,0.010866389,0.04933582,-0.016507698,0.012232633,0.083869904,0.041410368,0.007298081,0.011087669,-0.009639293,0.044366274,0.037518203,-0.03975509,-0.058304448,0.024108898,-0.008586625,0.03411761,-0.02840923,0.01913888,0.0103272945,0.021582497,0.020431936,0.012925223,0.013605621,0.020186756,0.01525296,0.032906044,0.025393091,0.06438982,-0.009783277,0.006816946,-0.084323674,-0.009817098,0.06618114,0.019341657,-0.004650433,0.063351944,-0.011701398,0.016186088,0.0125207035,0.032054015,0.00013051182,-0.0026749559,0.02869105,0.03590129,0.03909898,0.043130446,0.0432712,0.0059221396,-0.02883014,0.08569895,-0.04636841,-0.009295857,0.03418042,0.021446751,-0.058625918,0.08214971,0.014081415,0.0068590213,-0.012638682,0.0072192587,-0.008240482,0.025993187,-0.024656815,0.004867389,-0.020865496,-0.024618171,-0.027654514,-0.035465136,-0.042342927,0.0059545245,-0.011256053,0.024807021,0.028119396,-0.015630895,0.019438948,0.034203358,0.0067009665,-0.02334115,0.008217696,0.042807594,0.046635106,0.07351264,-0.077655375,-0.009767719,0.073548004,0.054845065,-0.011056537,-0.0036623636,0.042344622,105,478
0.038345348,0.015729193,-0.0005678013,-0.0309431,0.054132372,0.033395283,-0.013381524,-0.033120815,0.017965026,-0.016368704,-0.037338827,0.017582305,-0.023843817,-0.049537897,-0.037676934,-0.065550104,0.058587313,0.045923606,-0.016956456,0.06343286,-0.017357094,0.030554533,-0.017507086,-0.061578102,0.0560878,0.03668954,-0.0038430197,0.027162239,-0.02085389,-0.05479711,0.002629891,-0.043512017,-0.015623508,0.048630416,-0.019705586,-0.008910509,0.019850487,0.0484326,-0.008430509,-0.017133009,0.043022286,0.04947127,-0.027667193,0.042723253,0.00747505,0.0093704425,0.028215814,-0.045614228,-0.022402355,-0.012099361,0.015596632,0.019901207,-0.037545968,0.04084071,0.035972476,0.04210886,0.047415692,-0.036672406,-0.0062499344,0.046692662,-0.033241577,0.058831904,0.056076888,0.029835869,0.05809812,-0.008050565,-0.054239634,-0.027281702,-0.04468801,-0.016327187,0.031136377,0.012376102,0.03536803,0.05164245,0.0036269962,0.009864879,0.022772264,0.07345079,0.015385386,0.012618922,0.014038411,0.04501109,0.006627798,-0.027669376,0.022715557,0.09132295,0.076951504,-0.0075801583,-0.05912698,0.057331868,108,479
0.008143156,0.0033624405,0.020110985,-0.041196488,0.054516405,0.039888892,0.03438191,-0.010541951,-0.038541235,0.015449924,0.02541364,-0.00012416346,-0.041232675,-0.0633664,0.028121557,-0.033725157,0.037316393,0.027716406,0.054069705,0.019360676,-0.028642526,-0.008854918,-0.015843583,-0.03492637,0.07519412,-0.00809698,-0.018598393,0.017612781,0.061609305,0.022635339,0.037972886,0.022466581,0.054273672,-0.025812902,0.13205601,0.01981072,0.075845584,-0.023866892,-0.046796095,0.021251153,0.050463106,0.055336535,-0.041036025,-0.014272716,0.0043240357,0.06993455,-0.021883039,-0.017612308,0.047818445,-0.020451825,0.031033058,-0.03044484,0.028422069,-0.0070952997,0.054832984,-0.048536766,0.06197226,0.022408951,0.022345845,0.05243716,-0.034756407,0.0034245634,0.008949684,-0.0563709,-0.04425,-0.08395387,0.034701563,0.011807863,-0.0865227,-0.0057845116,-0.0045134705,-0.056432497,0.024589235,0.02203966,0.011711583,-0.022143535,-0.021403829,0.039273072,-0.03246001,-0.084651954,0.08881603,0.010263319,0.018886333,-0.043998122,0.008266035,-0.021203091,-0.032588143,0.099218406,0.021105234,0.06117475,105,480
0.016930874,-0.015187256,0.059019506,-0.047644377,0.068152644,0.043181792,-0.0039952304,0.00023333132,-0.021642037,0.0019610683,0.008301327,-0.015632575,0.026765093,-0.071443245,0.0061762957,0.029725421,-0.044823527,0.031390835,0.016928019,-0.0374587,-0.011122538,0.043350708,0.040350728,-0.03026525,0.022984,0.037037797,-0.02350688,0.037538465,-0.0031426847,0.059766807,0.01689893,0.015233513,0.043914147,0.008151885,-0.030113608,-0.0047512264,0.04230379,0.00956556,0.07022602,-0.0146356495,0.030041136,0.00084460527,-0.07644043,-0.027868208,0.009830734,-0.0025188252,-0.03638606,0.021495169,0.0022472534,0.0055990648,0.0640412,-0.015186555,-0.012802894,0.028963538,0.02092636,0.0645175,0.087087356,0.017052997,0.02908062,0.06127139,-0.08565693,0.07099707,-0.0011348175,-0.020868717,0.035375394,-0.029779572,0.018075505,-0.07201983,-0.026949026,0.06847049,0.060535572,-0.014554774,-0.04002765,0.013306225,-0.06869128,-0.0141155375,-0.003640568,0.07218024,-0.038371883,0.025975687,0.041733384,0.083027735,0.021233102,0.0104554575,0.004023443,-0.013741767,0.016596064,-0.033195138,-0.053117912,0.013830602,109,481
0.0144605385,0.05134441,0.05495999,-0.036415495,0.018893505,0.006226249,0.0046060276,0.05237918,0.0046174135,-0.01241787,-0.0136806695,0.035899233,-0.052749556,-0.012382936,-0.02804347,-0.029887106,0.047473032,0.05611465,-0.019033674,0.010094476,0.02087771,0.04680855,-0.020786153,-0.020293012,0.0120950565,0.036655597,-0.012724388,-0.010635733,0.06105583,0.05870383,0.023322947,-0.06608796,-0.042424995,0.025297457,0.019676197,-0.024304867,0.02940996,0.021534124,-0.005098289,-0.029598527,0.0741663,0.05596943,-0.08799693,-0.027259596,-0.058661453,0.013402402,0.011138799,0.067802384,-0.011048837,0.029634569,0.03770581,0.012593394,0.038028803,0.029290896,-0.005296491,-0.00887806,0.073425025,0.014119644,0.028818276,0.008138789,0.0007453393,-0.011041503,0.029783279,0.024693886,-0.00398296,-0.10674078,0.004543132,-0.037134938,-0.023196876,0.0055015837,-0.01681843,0.03601086,0.024934992,0.014502098,0.020445885,-0.034629375,0.009082083,-0.033909097,0.07292071,0.048127394,0.0076583032,0.046859715,0.05527945,0.015716702,0.0438901,-0.005316347,0.018524613,-0.03923331,0.06092479,0.026188483,106,482
-0.0012437422,-0.05430962,0.0031527616,-0.038806085,-0.0002341969,0.057513848,-0.022849204,0.011524953,0.017055081,0.018096885,-0.041849144,-0.021981673,0.026546277,-0.05859758,-0.0019675929,-0.01701536,-0.049929895,0.028584063,-0.0077753495,0.03641525,0.042599477,0.010343587,0.06320013,-0.045025364,-0.021585945,0.043752506,-0.023264984,0.01710887,0.03474739,0.061070856,-0.019567152,0.006301176,0.023575626,-0.02326284,0.10242179,-0.03465526,0.006717041,0.007345261,-0.0050729774,0.036627345,0.06762218,-0.02523512,0.0065579265,-0.01784885,0.032471865,0.1041891,-0.02618413,-0.024467481,-0.025031483,-0.029469535,0.029611114,-0.04733758,0.026941838,0.03412989,-0.05604558,-0.080529295,0.063006915,-0.06462721,-0.026639272,0.029492732,-0.039034776,0.044214293,0.0035209889,0.026735635,0.019509802,-0.0013637245,0.030899107,-0.021485584,-0.022093337,-0.008246262,-0.009282589,-0.010407865,-0.0053956583,-0.019958168,0.0077339765,0.020438336,0.055903398,0.03339876,0.014862018,-0.0030865602,-0.0064383475,0.009912236,-0.0160165,0.008904867,-0.04050763,0.03031613,0.08472228,-0.007354849,0.023645038,0.007674001,114,483
-0.05426381,0.008641078,0.0016763806,-0.06913832,-0.0008177161,0.03237188,-0.019208265,0.0018308102,-0.026330894,-0.061105497,0.03228022,-0.034296114,-0.01559687,-0.043724243,0.02659856,0.0033162571,-0.04410877,0.06130983,-0.021565435,0.03912481,0.037102517,0.042995565,0.009269538,-0.019550191,0.047126338,-0.026157422,-0.03169659,-0.016654335,-0.021542704,-0.005812954,0.036835834,-0.033593535,0.01952995,-0.03723622,0.082860105,-0.0032838862,0.08284346,-0.005363321,0.05291011,-0.018048964,0.029528588,0.04618189,-0.034171447,0.044754766,0.062905185,0.03779553,-0.006691237,-0.0014750734,-0.008302559,-0.04403656,0.07433247,0.005908242,0.056091566,-0.0028211959,0.020469189,0.0006043669,0.040279794,-0.049714684,0.053480126,0.059587397,-0.040749572,0.032832474,0.0027886732,-0.03729621,0.0073881615,-0.057354257,0.0068962704,-0.04388097,-0.04028754,-0.01569189,-0.0110129975,0.019729411,-0.0017865617,0.013353892,0.02223865,0.04511805,-0.0075943284,0.047685694,0.011728916,-0.012561295,0.029423773,0.006584704,-0.049577653,0.008641167,0.05863963,0.037652537,0.016144779,-0.023452926,0.058852006,0.02343304,113,484
0.014046708,0.035856597,0.026875852,-0.029182013,0.015707757,0.06683389,0.009884278,0.030537024,0.06531958,-0.002033925,0.014001434,0.03992002,-0.023761883,-0.07176222,0.025350178,0.044701178,0.0031470358,0.0038530566,-0.003978062,0.012568577,-0.017121803,0.03883263,0.045831025,0.023455177,0.08622893,0.073377736,-0.020670746,-0.063695,0.039098367,-0.025951434,0.04231403,-0.07353824,-0.06329815,-0.024054991,0.02668956,0.028917689,0.019763973,0.046531167,0.06500084,0.010653427,0.10137177,0.06771296,0.0053612944,-0.017926656,-0.001995368,0.02722786,0.013471814,-0.023646412,0.027046027,-0.077042006,0.028237794,0.007938741,0.059156414,-0.009193407,0.090583146,-0.032784514,0.026283,-0.07844411,0.059177447,0.006925602,-0.04473226,0.018960431,0.058377378,-0.040923968,-0.048157662,0.0140902065,-0.027410652,-0.027529296,0.086836904,-0.002575289,0.048086233,0.0015576533,0.034580715,-0.0030131554,-0.010033655,0.023466192,-0.03823562,0.008079862,-0.03365231,-0.051351115,-0.013824244,0.020986732,0.054692544,-0.00084497314,0.023156118,0.03354455,0.05405635,-0.004914374,0.009956761,0.05927679,114,485
-0.030729856,0.012203291,0.07855612,-0.0630654,0.027454993,0.04274784,0.03748284,0.035446648,0.004950882,0.025539428,-0.008454315,0.0105284965,-0.0140580265,-0.031489614,0.014732848,0.01222492,-0.10899942,0.03355994,0.052474003,0.03240895,-0.0061383676,0.024369605,-0.045638487,-0.05919013,0.023479111,0.016632944,0.019722577,-0.09668979,-0.045478992,-0.01796136,-0.0076136105,-0.03899007,-0.016659273,0.044261795,0.15534985,-0.06827366,0.030777784,-0.0053441916,0.019956158,-0.013204166,0.10524257,0.10331841,-0.016623199,0.009651225,0.03704807,0.10082905,0.02043293,0.04168739,-0.020118859,-0.0074043907,0.026207052,0.036445618,-0.03626652,0.0076415986,0.008082545,-0.00604965,0.011143923,-0.004719276,0.05224164,0.04772276,-0.0629071,-0.0110575855,0.044508155,-0.06656818,0.030754745,-0.048586443,0.03895033,-0.047867827,-0.09102343,-0.04321803,-0.02500112,0.035695624,0.00641863,-0.0051210625,-0.00565736,-0.022365775,0.061314464,0.079572484,0.002784213,0.027999014,0.0025936519,0.03669502,0.020096561,-0.0037381314,0.037687253,0.03390792,0.051028132,0.03464747,-0.004202536,0.04819059,102,486
-0.03421807,0.002644375,0.017402373,-0.0458002,-0.015198328,0.07582614,0.052507162,-0.022088125,0.032553844,0.028882146,0.016231678,-0.017893586,-0.102617905,-0.060575828,-0.09463392,-0.040607765,-0.026567793,0.022806138,-0.046717424,0.056946035,-0.04166709,0.023964804,0.049012676,-0.037222676,0.015314845,0.03898575,-0.013098557,-0.04339753,-0.01664544,0.007861335,0.030981947,-0.022034355,-0.09492372,0.08321571,0.05395362,-0.010901564,0.039902516,-0.01897239,0.032760505,-0.020629868,0.059978127,0.015643405,-0.00277658,0.022851672,-0.0022304151,0.058161266,0.06380528,-0.019933093,-0.0037488816,-0.025621608,0.042377394,0.0021088389,0.036133487,0.085523844,0.020295473,-0.025049007,0.09037338,0.004962366,0.025212234,0.008246019,0.03191629,-0.008525293,-0.004006535,-0.0035325126,-0.05428853,0.0054230466,0.0070989374,-0.057117365,-0.037463576,0.009015178,-0.0056163482,0.021214234,-0.029966181,-0.017788786,-0.03384336,0.06996458,0.07824797,-0.0073960647,-0.040008776,-0.0101782065,0.05819247,0.021218859,0.06045699,-0.0056166025,0.024151256,0.04533752,0.042269938,0.0012851199,0.009101262,0.049364135,113,487
-0.0070762676,0.027879957,0.09706168,-0.031173889,-0.045677613,0.018681541,-0.027061323,0.025778115,0.042772748,-0.0013108766,0.001523637,0.043381575,-0.03948094,-0.050731637,-0.091100976,-0.018738747,-0.058536336,0.0011051744,-0.002479299,-0.0153229395,0.04491885,0.05059399,-0.018380987,0.027423274,0.015980594,0.005956415,-0.038642257,-0.015917879,0.044534083,-0.064224154,0.02025063,-0.0762838,-0.021148484,-0.007278951,0.17019746,-0.047528375,0.059953123,0.036061063,-0.021050278,-0.03397615,0.09422912,0.06514674,-0.04182466,0.0011757128,0.033509366,0.037633702,-0.036283545,-0.01657613,-0.038223535,-0.050087508,0.056568146,0.041768875,-0.007488804,0.09462187,0.044013284,-0.0545083,0.061101843,-0.019571416,0.051160604,0.060791932,-0.017231155,0.011389274,0.0550095,-0.03850544,-0.06910434,-0.010281073,-0.016608134,-0.0109472405,-0.10058218,-0.0056846263,0.04234934,0.02365226,-0.038262814,0.040533513,0.010554371,0.052921288,0.03273565,0.01851876,-0.018204808,-0.007558512,-0.016106766,0.0025771102,-0.024544979,0.05359344,-0.03122734,-0.0337471,0.014403419,-0.0013501644,-0.012859897,0.06687293,113,488
0.06226062,0.014306366,0.07802542,-0.09098068,0.0665659,0.018653268,-0.013283191,0.0202473,-0.0016840007,0.033864647,-0.012897991,-0.002449046,-0.034234025,-0.03367655,-0.086015455,-0.039823983,-0.03567364,0.032230273,-0.036616664,-0.035047565,-0.00021681841,0.05381798,-0.0034145992,-0.052729696,0.0068051927,-0.0262456,0.0043466464,0.0044717393,-0.01035645,0.03813839,-0.051910363,-0.02867798,0.007911153,0.00096631143,0.100353494,0.009356079,0.07957766,0.06447998,0.051622488,0.040477637,0.10636023,0.021457594,-0.0413266,0.0044789296,0.04454396,0.06577696,0.018430298,0.016138725,0.044776082,-0.023108881,0.039284468,0.007434681,-0.021013254,0.05547686,0.030209705,-0.1205765,0.0350219,0.002094727,-0.012123015,0.024048729,0.045959815,-0.02154231,0.0405937,0.030736962,-0.01786511,-0.043519653,0.028762488,-0.032156207,-0.018051125,-0.036216006,-0.013544362,0.024240438,0.015981525,-0.0065067858,0.035007503,0.015515394,0.0050911196,-0.03639887,0.010625111,-0.026081596,-0.036074452,0.014229512,0.0060108863,-0.025796795,0.0024183374,0.024615113,-0.012442324,-0.010451074,0.0060476414,0.03938909,112,489
0.019067872,0.025825795,0.046773337,-0.046458952,-0.03211243,0.10426411,0.0081819175,0.015246768,-0.00076600304,0.070951514,-0.022082746,-0.0053402456,-0.02901966,-0.09721257,0.0950883,0.021951905,0.055517994,0.08722489,0.04025661,0.043550123,-0.046128586,0.059379596,0.10046267,0.009070154,0.09086509,0.03206468,0.028647054,-0.020658229,0.04555645,0.016884888,0.060229693,-0.03886738,-0.047485586,-0.0008535725,0.1331176,0.016840104,-0.014252543,-0.014224444,0.025347134,-0.013788874,0.113894574,-0.05823042,-0.006696362,0.01850788,0.08136913,0.0113223195,-0.0095523605,-0.026810536,0.009971938,-0.016387746,0.05148395,-0.014972388,-0.01873138,-0.0009783208,0.01534182,0.035775688,0.11701792,-0.10070935,0.02210382,0.09442082,-0.006405621,-0.0041325195,0.04957162,0.044094995,-0.04010439,-0.101127096,0.0009562252,-0.030995132,-0.028627861,0.011558535,-0.0008472018,0.016026784,0.026479315,-0.017414123,-0.044018675,-0.04611161,-0.04995276,0.04284303,-0.017392661,-0.031944003,0.020265061,0.023283537,-0.0068906695,-0.009342248,-0.002625933,0.0454005,0.043162663,0.001069013,0.017956069,0.09895863,109,490
0.006528822,0.021569084,0.073541395,-0.058238395,-0.009938834,0.034297664,0.025636218,-0.01502215,0.01912326,-0.023776717,0.09209354,0.011449307,-0.013301559,-0.041505758,0.026115287,-0.009403505,-0.015917433,0.016245045,0.0022678985,0.042391222,-0.04828503,0.03974482,0.024212338,-0.01431833,0.06154257,0.07453969,-0.025892317,0.044276554,0.07638531,-0.033361793,-0.010033043,-0.029426655,-0.057494447,0.04753249,0.01788053,0.0030793906,0.0052012242,0.000121206045,0.07005574,-0.008504357,0.051622696,0.016854474,-0.02015406,0.07044013,0.03191285,0.065856345,-0.024007836,0.02122476,0.0071257325,-0.012619553,-0.038930498,0.0094261225,0.011816459,-0.0250141,0.035405956,0.025925618,0.06433306,-0.06949929,0.006124558,0.07117921,-0.019939918,0.0677823,0.094273895,-0.032959174,-0.052084748,-0.049859263,-0.020349335,-0.004451329,-0.061974745,0.031478688,-0.014759872,-0.00094502466,0.026554722,0.027836211,-0.050736077,0.024771243,0.03317163,0.041321203,-0.023330122,-0.0179975,0.01721129,0.03369157,0.07642615,-0.0013048239,0.015733857,0.05593603,0.013382563,-0.040969048,0.01481243,0.09418583,113,491
-0.018122073,0.039737433,0.055297673,-0.03266102,-0.020450583,0.06854756,0.00797645,-0.035022143,-0.024523964,-0.003679708,0.019477732,0.02593915,-0.012390809,-0.03752006,-0.031296067,0.004061506,-0.02843306,-0.0036051609,-0.023839634,0.010089608,0.03829172,0.05703278,0.074167736,-0.014176259,0.0044722967,0.023828276,-0.017846778,0.041488133,0.032363,0.012433518,0.054335523,-0.063430764,-0.070729524,0.04154657,0.15695283,-0.036228057,0.086838126,0.028664323,0.08399658,0.028326344,0.065339014,0.045719326,-0.03455274,-0.017668664,0.01474883,0.08959943,-0.013996133,0.015395708,-0.004459669,0.035409927,0.08454121,0.0067393654,0.020523103,0.012695191,-0.0030417517,-0.06274759,0.05631437,0.010669615,0.030397417,0.018704914,0.0018072035,0.027972162,0.0349013,-0.01384248,-0.012350837,-0.023859039,0.066219166,-0.06483297,-0.061672065,0.022043074,0.016894171,0.026847653,-0.01428587,-0.020713106,-0.006075251,-0.030978866,0.047702335,0.01551244,-0.040438216,0.02431316,-0.027585853,0.029102381,0.10628801,0.02309952,0.023541484,0.022368275,0.053030476,-0.0069250558,-0.0039837216,0.040472407,110,492
-0.030292934,-0.048944514,0.06678142,-0.020604916,0.0045741415,0.081332676,0.04967718,0.029661644,0.053274587,-0.03785892,0.026038276,0.00011905318,-0.04964167,-0.05968606,-0.031349234,-0.06173959,-0.02992234,0.012567876,-0.03748096,0.029767811,-0.0017931999,0.04120057,0.067070715,-0.0043261386,0.0234456,-0.020177511,-0.01863486,-0.023132782,0.051798794,-0.057396885,0.013433767,-0.05445371,-0.060953658,-0.009348659,0.12441991,-0.01730242,0.0055106096,0.0038676914,-0.017207593,-0.016010799,0.09781182,0.03556402,-0.090080224,-0.015801609,0.038194574,0.08093007,0.027196025,-0.026101695,-0.06072586,-0.03055408,0.026209798,-0.05510749,-0.01910357,0.06219659,0.011348316,-0.09734632,0.097733594,0.00519035,0.011122663,0.037256546,-0.0004938254,0.040525783,0.019371333,0.012578104,0.02896234,-0.042017523,-0.009150749,-0.035657022,-0.04157554,-0.003798771,0.03965759,0.018794414,0.049988642,-0.027948916,0.022538897,0.043694414,0.044513695,0.02530204,-0.013746861,0.031108545,-0.0047200806,0.049813576,-0.0077295117,0.019185258,0.02375891,0.015424049,-0.013543289,0.04008634,0.041557424,0.026215829,112,493
0.014776622,0.0089640245,-0.05032777,-0.107131734,-0.02180349,0.0745225,0.02593204,0.012319514,0.031446725,0.009707533,-0.024149336,0.026095152,-0.066550985,-0.026550613,-0.03172348,-0.03845296,0.02713732,0.061118588,0.0033967118,-0.027072791,-0.004956823,0.0071328226,-0.0075358804,-0.0053483136,0.0022565387,0.02959074,-0.01721779,0.11228913,0.049252603,0.033439226,-0.019168533,-0.0664271,-0.0372528,0.031211387,0.0866343,0.030168336,-0.018995553,-0.014425017,0.036754414,0.0020077256,0.051058795,0.094151765,-0.056579977,0.051871426,0.03881711,-0.015748832,-0.027086245,-0.0022785924,0.00885274,0.027341176,0.07594319,-0.0458412,0.0151968375,-0.063088015,0.01778618,-0.013196613,0.05813231,-0.06273761,0.00990382,-0.00879369,0.048754804,-0.003364306,0.026525285,0.03572589,-0.001531435,0.022782143,0.023111816,-0.02839162,-0.01626606,0.012940225,0.0328974,-0.058811955,0.05769545,0.023470242,-0.03399399,0.03356586,0.05093807,-0.04816679,0.018519409,-0.009782933,0.04204059,0.05776181,-0.021689834,-0.04541576,0.007755596,0.022153806,0.032636072,0.032643817,0.028990004,0.034744546,103,494
-0.004534306,-0.0032353112,0.06974769,-0.06359767,0.010352252,0.038607914,-0.0030549606,0.041556537,0.019874923,-0.0037827627,-0.022719124,0.046758957,0.01959867,-0.10190278,0.021518178,0.012280431,0.01907897,0.04066292,0.031069752,0.09080067,0.019518781,0.057927296,0.02388031,-0.048746973,0.05134048,0.051948704,-0.015412843,-0.018771023,0.0006124936,0.07287261,0.008400504,-0.03737863,-0.019350983,-0.035601024,0.10321891,0.025448766,0.05383848,0.0379037,0.005392843,-0.017977025,0.052545756,0.04418401,-0.004949793,0.0021115541,0.042263772,0.06399304,0.0072723227,0.030918337,0.019936332,0.041633803,0.06994189,0.001576894,-0.02573862,0.029596176,0.011984903,-0.030007392,0.03867252,0.00088533014,0.034323066,0.054805323,0.032979548,0.022757579,-0.073343806,-0.033723768,0.017273512,-0.030288907,0.023017533,-0.00907735,-0.014155875,-0.020639915,0.091164835,-0.042507865,0.002070398,0.0385312,-0.02039498,-0.03377249,0.020494483,-0.008083049,-0.06431616,0.034415226,0.038526822,0.03005762,0.00085843727,0.0041343654,0.050984032,0.052734654,-0.017151069,0.0034785569,0.01711546,-0.009557694,109,495
-0.0018837741,-0.008816412,0.012808252,-0.061701752,-0.007637756,0.0885043,0.060265094,-0.072173394,0.037454285,0.008223664,-0.015879974,-0.010714328,-0.013893855,-0.018765502,0.044741757,-0.032397594,0.022337304,0.05645886,-0.002010256,-0.018494368,-0.024285948,0.022627193,-0.031737007,-0.048421763,0.04249522,0.019524023,0.009835971,-0.09465019,0.008361684,0.02105303,0.03157026,-0.013931328,-0.0051001795,-0.0066466066,0.0010983571,-0.008876912,0.004976526,-0.028560255,0.039496537,-0.0015298286,-0.008186653,0.054140612,-0.023467885,-0.005063014,-0.002218347,0.0132132545,-0.018301535,0.077635236,0.0023383508,0.005228608,0.07857251,0.0035549044,0.018162377,0.08337796,0.021356769,0.003587043,0.08544987,-0.048267394,0.036005806,-0.03291874,-0.032278184,0.04239318,0.0041702148,-0.017248264,-0.06399447,-0.0153338015,0.05299508,0.013642196,-0.03684211,-0.008036856,-0.007054463,-0.0021297166,0.047754414,-0.0010657078,-0.036370486,0.06839936,0.0010209298,0.022802228,0.0013625473,-0.030399373,-0.06537486,0.0020906348,-0.032776162,0.015347518,0.026064936,0.09037678,0.02037351,0.004418847,0.04795517,0.03000182,102,496
-0.002644728,0.04457761,0.069038965,-0.04115187,0.028760117,0.067598075,0.0651198,0.048791464,0.0066262684,-0.04217491,-0.009500581,-0.033814613,-0.058842726,-0.030859979,0.029329594,0.0064289384,0.038190976,0.023230497,-0.039402205,0.01595885,-0.015450105,0.02813954,-0.0023855586,-0.07865901,0.042569686,0.047107123,-0.029569708,0.05520811,0.06937101,0.043310262,0.05072584,-0.03298009,0.0011248235,0.0037030666,0.035566796,-0.035564117,-0.0025392063,0.030722383,0.07600303,-0.041279964,0.023686346,0.05643021,-0.011110177,0.013715562,0.036222924,0.09311785,-0.025590453,0.012250955,0.0005668779,-0.04545704,0.017840639,-0.018492702,0.00026172493,-0.027030537,-0.034645632,0.061437216,0.024734255,0.028404702,0.065765195,0.033486925,-0.012602773,-0.008723848,0.025006615,-0.0012865677,-0.051322807,-0.008538425,0.011938358,-0.0030420423,0.012239099,0.0014350443,0.02414323,0.021528158,0.018199602,0.028657112,-0.036173135,0.00903208,-0.044301614,-0.0034593698,-0.008797842,0.02190888,0.038387217,-0.031871494,0.020681389,0.06017013,0.026955113,0.040315114,0.051292434,0.07292332,0.0014093546,0.03131371,104,497
0.021822415,0.044118673,0.05448446,-0.031051597,0.0069125965,0.002133526,-0.0246249,0.03936541,0.047740847,-0.06788961,-0.019872667,-0.011838496,-0.016560614,-0.057276946,-0.0071426155,-0.09624587,0.0034968117,-0.028071562,0.005669835,0.0017661452,0.09190064,0.080981866,0.016769692,-0.049849942,0.0077896453,-0.0010879617,0.017421443,-0.011856747,-0.056077644,-0.0016376209,0.021330548,-0.0651898,-0.011598449,-0.07107171,0.017386474,0.03172842,0.01354509,0.035695605,-0.034405828,0.022732293,0.11336162,-0.026782513,-0.017946316,0.047631733,0.03800895,0.058415968,-0.015876852,-0.01220056,0.01880625,-0.031079251,0.061288223,-0.029548837,-0.027121685,0.0006792508,-0.03037063,0.04400902,0.060619347,-0.03411711,0.035572927,0.009907419,-0.024616916,0.009058982,0.044948783,-0.026532616,-0.009709474,0.025409982,0.031417124,-0.090958714,-0.04055158,0.0060786083,0.043702632,0.011964714,0.006272901,0.004276053,-0.043454267,0.048292372,0.023789693,0.04844797,0.026022892,0.026495267,-0.009739365,0.038042754,-0.010687491,0.010396875,0.025634604,0.001672646,0.01772965,-0.039302804,0.017925065,0.072071925,111,498
0.049284924,-0.016837455,0.09601396,0.013880298,0.028636811,0.089626685,-0.03650552,-0.02453367,0.024390977,-0.03122596,0.026967471,-0.02764588,-0.022513524,-0.036116846,-0.03642134,0.0012818249,0.065266766,0.042997345,0.046512455,-0.04965092,0.018833065,0.06887696,0.0064218845,-0.08753488,0.07148974,0.018667966,0.016049933,0.08420841,0.0067859944,0.023911534,0.009856556,-0.06794806,-0.05353798,0.027881306,0.13226888,-0.04716041,0.04237702,0.007572651,-0.014209634,0.049875624,-0.0334694,-0.018269904,-0.014870291,0.04472666,0.045522735,0.035307355,0.014288312,0.008568744,0.013749649,0.033582985,0.038460366,-0.015949216,0.0072824797,-0.012523407,-0.084871456,-0.050351534,0.0794233,-0.053085744,0.01990201,0.0046096426,0.0069766548,-0.044391796,0.021781286,-0.010990982,-0.015526561,-0.028987862,0.017897055,-0.013520095,-0.009544511,0.036684684,0.039954197,0.022410527,0.02489451,0.014925284,-0.028235905,-0.027734026,-0.03661591,0.05914463,-0.02671429,-0.015699193,-0.00043256395,0.053682547,-0.012610331,0.0064709885,-0.031418353,0.04966301,0.04314395,-0.020023275,0.00024344819,0.013074482,112,499
-0.012358904,-0.021229502,0.017972216,-0.03883998,-0.045878958,-0.0359285,-0.012863569,-0.00058350665,0.03953664,0.018307261,0.044304986,-0.018194897,-0.052859627,-0.028548133,-0.00770887,0.038317684,0.013603857,0.014733521,0.061744552,0.03135487,0.022555474,0.03430063,0.0044583445,0.037169226,0.03991077,0.0102402875,0.03437844,0.00922153,-0.039992116,0.03550171,0.04069844,-0.078526355,-0.04526228,-0.015374269,0.03540474,-0.017482568,0.050320912,0.004771851,0.078420505,0.0060162703,0.08654994,0.086428046,-0.030796817,0.042639006,0.0126326,0.026681269,0.050987776,0.004842728,0.034051307,0.0145268,0.010221209,-0.022725776,0.0076336665,0.037782013,-0.021667069,0.013761181,0.03624011,0.012488116,-0.015309818,0.044739567,-0.08883454,-0.0008479627,-0.0043464163,-0.03628167,0.0054652495,-0.022919672,0.021005262,-0.035402466,-0.08632396,0.010057673,0.010544381,0.027125997,0.022186402,-0.041914225,-0.03814575,0.01616335,0.030371664,0.01945599,0.008444125,-0.014845056,0.023110203,-0.017574817,0.0031903237,-0.0013063671,0.028259356,0.020851362,0.05289473,-0.040796027,0.0004655905,0.0103049595,101,500
0.012955574,0.026773732,0.030000597,-0.04440424,0.02516652,0.069246806,0.03394292,-0.035103627,-0.01612467,-0.023725929,0.00064410106,-0.013837814,-0.026405925,-0.09932387,-0.02527743,-0.0067631565,0.024664301,0.033335276,0.00031413417,0.015712634,-0.017102279,0.0027590953,-0.0024885628,-0.037520304,0.01995399,0.027574629,0.023109153,-0.07177875,0.03441273,0.05996489,-0.027495177,-0.0049920697,-0.06504011,-0.02609807,0.07946444,-0.005797538,0.04792521,0.037775636,0.0149801485,-0.020993922,-5.2936375e-05,0.045276836,-0.05922818,0.016870402,0.00827877,-0.02660416,0.0055351313,0.016750582,-0.06552348,-0.12650934,0.1222374,-0.04961016,-0.025934726,0.04485435,0.0110359145,0.026713964,0.11747445,-0.039917354,0.0026778486,-0.019605238,-0.0053228997,-0.04932704,-0.019838873,-0.059451245,0.048096757,-0.109177805,0.034962103,-0.052880973,0.04465183,-0.027878046,0.067514606,0.039234713,0.04304841,0.055332668,-0.038714577,0.0072775576,-0.00062700454,0.029715044,-0.03687393,-0.047295216,0.019395059,-0.0050890706,-0.033129595,-0.017508207,-0.0007269997,0.023315027,-0.026017997,-0.012185815,0.04067639,0.047113363,104,501
-0.004715235,0.050397675,0.022219472,-0.076791935,-0.036188185,0.016254717,-0.039223626,0.02420332,0.025813358,0.025744338,-0.009502891,-0.015506692,-0.079369396,-0.0036614947,0.017222881,-0.08440807,0.05392392,-0.010937719,0.038984064,0.044512767,-0.00017228385,-0.021296803,-0.0014426783,-0.0193367,0.02627152,-0.017175028,-0.012835047,-0.043502856,0.087514974,-0.05820545,-0.026582513,-0.008728109,0.0078776665,0.040838104,0.09508249,-0.031558003,0.069380164,0.050466813,0.017996622,-0.023072913,0.07716925,-0.013557591,-0.0071757734,0.015207235,0.037639424,0.10276802,-0.004565818,-0.015422221,-0.034219295,-0.025781915,0.13604477,-0.023818227,0.022097725,0.027563965,0.0019364879,-0.0044367183,0.06692833,-0.026136033,0.04742766,-0.0006179577,0.015806286,-0.0056783445,-0.009972413,-0.034142107,-0.049985755,-0.018441636,-0.019872576,0.0066642053,-0.045765806,0.012088412,0.04558099,-0.0027044627,0.01028233,-0.02060553,0.00054052204,0.026255295,0.057823353,-0.014641408,-0.038355157,0.022280317,-0.0028221346,0.05026287,0.08279045,-0.010770985,0.012587179,0.049803264,0.011287209,0.0030479094,0.048750915,0.020149872,108,502
0.009341236,0.03525622,0.018737318,-0.050748665,0.02260884,0.062261745,-0.011487016,0.0009292364,0.0200013,-0.028411925,0.03173815,-0.01967169,0.006027246,-0.039936036,-0.05123535,-0.044552032,0.046315435,0.017074164,-0.024632014,-0.06360779,-0.0036140522,0.016140282,0.010172352,0.008343818,0.049491525,0.032028813,-0.04027788,0.044755932,0.020457663,0.013158862,0.033623137,-0.04609398,-0.023684844,-0.002681944,0.044299122,-0.013913931,0.008416064,0.03535513,-0.020666353,0.022788163,0.091208965,0.06540596,-0.00595909,0.01635273,0.02245952,0.047234062,-0.017370941,-0.014461739,0.005938664,0.049156673,0.049831703,0.0059304247,-0.010600409,0.076065905,-0.03536192,-0.023003861,0.092170924,-0.0054723173,0.003821291,0.011261696,-0.035672866,0.019324426,0.084319495,-0.07816667,-0.10118605,-0.037316993,0.04905581,-0.017981805,0.062426127,-0.0637676,0.046150826,-0.00074416725,0.00078441016,0.019752592,0.024104204,0.02635561,0.0445968,0.009570884,0.00014720485,0.023782272,-0.06882931,0.03227882,-0.0045642555,-0.08299674,0.058385603,0.055916958,0.010431781,-0.07010637,0.027707264,0.066393755,108,503
-0.007088741,-0.021340305,0.031179702,-0.026097365,0.05442023,0.025750684,-0.066968106,0.03434439,-0.0012417994,0.014425691,0.036835253,0.041792825,-0.015593451,-0.02569614,-0.010581883,8.639693e-05,-0.0003893245,0.054952137,-0.019301068,-0.039386194,-0.03801062,0.023197077,0.005148097,-0.061437387,0.021649588,0.021721616,-0.009734311,0.019319529,0.050450113,0.05599424,-0.012956701,-0.07174312,-0.0931969,-0.007471547,0.13573466,0.047067903,0.043319974,0.018661523,0.0546598,-0.022239175,0.08577568,-0.0107925385,-0.055630926,0.04205536,-0.012018388,0.023335142,-0.011727798,-0.0075448966,0.0013481393,-0.02632682,0.08383613,0.011404576,-0.028182779,-0.0019147024,0.022727337,-0.024608387,0.053303085,-0.012175621,0.038706057,0.051271748,0.022647565,0.039211683,0.018823449,0.06905353,0.08221747,-0.07525514,-0.016275752,0.008277878,-0.0044533517,0.011877435,0.022937471,0.0046231896,-0.027884612,-0.0011599157,0.011218111,0.037261862,0.058884956,-0.021124166,-0.027751416,0.027354902,0.0025776108,0.024932768,0.05825343,-0.032018878,0.011676422,0.021794586,0.054943137,0.045255076,-0.006896302,0.057518184,108,504
-0.037328873,-0.056249067,0.011006214,-0.09977618,0.008521273,0.054387916,0.019675843,-0.00065888907,-0.030506784,0.02647524,0.06253247,-0.010613242,-0.033980828,-0.09698366,-0.047742564,0.07303816,-0.06616846,0.046898045,-0.010680466,-0.017312236,-0.06512452,0.06168665,0.031360693,0.019927498,0.10017787,0.047095597,-0.040733106,0.038424503,-0.0043506436,-0.022968173,0.07148855,-0.012732897,-0.027150525,-0.06079719,0.03903727,-0.00953859,0.04440104,-0.009294249,-0.009835748,-0.007005577,0.016396863,-0.030705597,-0.024981745,0.0058954954,0.040992036,-0.039033487,0.020570371,0.014232503,-0.010586904,-0.02722831,0.012177464,-0.023387823,-0.011429754,0.03201273,-0.063963875,-0.03546844,0.06676559,-0.060736425,0.012650406,-0.0004509166,-0.053358234,0.038024724,0.032996863,-0.013386313,-0.09165852,-0.03157174,-0.047267728,-0.10535441,-0.080603555,-0.02637072,0.036119714,-0.040271327,0.048662517,0.018589871,-0.0035883728,0.0155466935,0.01320355,0.029860877,0.0027424432,-0.0637656,0.017522447,0.058417622,0.049119398,0.038940568,0.031379513,0.005085936,0.04049205,0.052941836,0.04286435,0.023729358,109,505
-0.026428992,0.04937868,0.053502798,-0.056760177,-0.01129082,0.06712833,-0.011130922,0.031987738,0.00048318785,0.0064060264,0.047465026,-0.0013340331,-0.03251566,-0.05271052,0.07303956,-0.034804806,-0.043483738,0.012871003,-0.0039297678,0.04091009,-0.018672245,0.049040847,-0.05005099,-0.03507755,0.07621709,0.07547146,0.0065633077,-0.101203725,0.071633205,0.042369477,-0.025535947,0.0044620037,-0.06759196,0.04413162,-0.0019214228,-0.03678687,0.011169028,-0.004574824,0.039140888,0.014098358,-0.008980349,0.04185997,-0.0068338066,0.034948796,-0.016449051,0.015645802,-0.023127053,0.014001912,-0.0024032518,-0.03201125,0.08139888,0.018510625,0.008462472,-0.022071445,0.0828625,0.010280725,0.05737072,-0.03036115,0.036406435,0.032378078,0.013400402,0.01830088,-0.02164248,-0.009818677,-0.014201808,-0.026104005,-0.020658918,-0.07178547,-0.046497364,0.003769563,-0.0084623005,0.02768838,-0.035072193,0.03511627,0.006162704,0.03719872,0.017111413,0.06535779,-0.03684462,0.0250805,-0.005350627,5.033426e-05,0.027420418,0.018521994,-0.045871362,-0.016722722,0.036289074,0.07378008,0.06286201,0.043913238,112,506
0.04269148,-0.014631452,0.05366146,-0.019563334,0.080075115,0.07140003,0.051634792,-0.038127545,-0.013032798,-0.04261627,0.031783517,0.05676086,0.014132589,-0.01831878,0.013458229,-0.053797577,-0.036931038,0.052889608,0.0019423852,-0.019470531,-0.023496022,0.046707682,-0.0055826902,0.036566716,0.01910929,0.009835603,-0.038262285,-0.015671436,0.018040612,0.06515502,0.03202257,-0.05164111,-0.006010335,0.050415173,0.051601943,0.012321059,0.0680929,0.012754973,0.006906217,0.0052628936,0.053447444,0.042239603,-0.04009847,0.0025635688,0.02134166,0.05806241,0.007869093,0.003964048,0.0010109372,0.014966411,0.02196427,0.024474747,0.04168235,0.04989577,0.021637795,-0.03937118,0.08647981,-0.029920798,0.019981384,0.009651904,-0.014865356,0.016833857,-0.014753875,-0.011755156,0.008852268,-0.02471034,0.029772546,-0.0058859494,-0.00057473034,-0.0141533585,-0.058394685,-0.00888432,0.0089822775,0.008834055,0.039417375,-0.025419246,0.042342775,0.047070965,-0.010850413,-0.06473308,0.029070102,0.029902264,-0.033773154,-0.012340979,-0.015275739,0.034070287,0.0036729295,-0.050763115,-0.013957252,0.014895396,108,507
-0.02505701,0.04439383,-0.027234092,-0.0064431075,-0.022432923,0.05534149,0.057783794,-0.037108436,0.06407328,0.0087961275,0.0675845,-0.004703802,0.019419312,-0.039162666,0.036659922,-0.05869657,-0.00055518374,0.007198777,-0.021201272,0.011375632,0.061464347,-0.008483745,0.07437848,0.013133138,0.0051650535,0.037459373,-0.044351935,0.03495862,0.0060101403,0.061494563,0.017421748,-0.07642174,-0.068353355,-0.008024568,0.06220322,-0.018856615,0.09099758,0.046277262,-0.0039049461,-0.033122208,0.07225405,0.079780415,-0.023117293,0.022032127,0.03154526,-0.0012917928,-0.031291246,0.011989591,0.029759733,-0.024453383,0.010402437,-0.053526677,0.01316948,0.026182123,0.05365245,0.003963003,0.062109485,0.05791535,-0.026886955,0.03778857,0.011510635,-0.034843348,-0.0041506905,-0.013310011,-0.07789157,-0.020538785,-0.047531825,-0.0043224785,-0.022622764,0.0019802807,0.015017817,0.024994265,0.0038280776,0.015821718,-0.015446798,0.024670683,0.018740334,0.07939997,-0.0075982385,-0.017081238,0.06350743,0.016853528,0.0033482332,-0.048474178,0.0063826535,0.0061544627,0.05121456,0.0010551624,-0.047914665,0.045704078,113,508
-0.05173809,-0.008210376,0.05696416,-0.035410184,-0.020324081,0.066450946,-0.021140303,-0.050597835,0.04531853,-0.036366217,0.029808376,0.06986257,-0.048811503,-0.08443302,-0.012207952,-0.02930341,0.04230323,-0.038792215,0.023740612,0.04499389,-0.02629298,0.027559586,-0.0056446046,-0.08205557,0.06882011,0.0010314658,-0.062125016,0.008114597,0.052975513,-0.061533507,0.036010172,-0.056827635,-0.09174922,-0.0029454785,0.09037723,0.011784716,0.009477697,0.0036005601,0.028469548,0.029699948,0.044087984,0.009291487,0.023350798,0.01301741,0.033716287,0.10284796,-0.053894896,-0.00764847,-0.019851787,-0.043231245,-0.0075308457,0.01613839,-0.06801363,0.08632975,0.058037404,-0.080462694,0.06651792,-0.086612836,-0.0074090064,0.0744454,-0.031371024,-0.028704185,0.022050861,0.04492998,-0.025125585,-0.038513105,-0.0062324908,0.03250918,-0.038215496,0.013395979,0.022185368,0.007076958,0.0067907423,0.05664148,-0.022558661,-0.012826746,0.029859297,0.02725581,-0.015281667,0.009924773,-0.004331071,-0.0017522629,-0.01681109,0.027716095,0.03942975,-0.010031888,-0.030697417,-0.09493615,-0.04601629,0.06765724,100,509
0.0068447897,0.0009493197,0.08500004,-0.11307198,-0.0003198306,0.044225827,0.0025049606,0.028130062,0.0005584201,-0.037852064,0.02304857,0.04114128,-0.06772436,-0.037018,0.057475593,-0.0011228696,-0.010090745,0.02473919,-0.0068398993,-0.070764065,0.04971095,0.044688642,0.063157395,-0.019434523,0.045313857,0.048361048,0.027777977,0.0059370343,0.0037615672,0.013826349,0.023047194,-0.029778147,-0.029582374,-0.03750697,0.09100199,0.002720802,0.05004803,-0.013001043,0.0026727803,0.022062682,0.018834261,0.0405463,-0.02815771,0.05641309,-0.008103741,0.054966778,0.019947235,-0.0027557276,0.024382899,-0.011556372,0.054957114,0.0063210074,0.026693065,0.03552103,-0.0152070895,-0.018889695,0.039954487,-0.09970632,0.049806148,0.048039146,-0.00088187493,0.02469596,-0.029424794,0.03444704,-0.014697066,-0.07308887,0.012833474,-0.037262496,-0.0714818,0.035440333,-0.011362478,-0.0022641988,-0.02754652,0.01682628,-0.020258103,-0.027637627,0.03651625,0.056438126,-0.013204494,-0.03894534,0.05118922,0.032759026,-0.006495027,0.026031608,0.053277895,0.038054038,0.03032926,0.007877236,-0.015338256,0.0059560314,101,510
-0.059935283,0.0698283,0.016163476,-0.020832881,0.02520342,0.002425287,0.05420298,-0.00431904,-0.020222614,-0.0009530159,0.030865153,-0.013481939,-0.027761588,-0.03359152,0.0813942,-0.0012881197,-0.027680708,-0.019519182,0.013712203,0.06809943,-0.0045315437,0.066709965,0.025820069,0.049575724,0.052314796,0.002640862,-0.032378335,0.008873934,0.060125068,-0.007581422,0.011494581,0.011615727,-0.026418814,0.045625743,0.11207822,-0.016526906,0.06459524,0.02624621,0.019520866,0.058298517,0.02052627,0.10605952,-0.07869011,0.04351201,-0.022114864,0.016034417,-0.008644571,-0.029302923,0.034467474,-0.017312698,0.08878951,0.020283388,0.052339323,0.07162162,-0.009497359,0.028911222,0.042044032,-0.072180375,0.07768951,-0.013279599,-0.02909669,0.032424945,0.034641154,0.008493044,-0.04292371,-0.014442077,-0.015954053,-0.0126101915,-0.046547625,0.03805033,-0.0031609498,0.0069818897,-0.049998455,0.059251796,0.003896906,0.012946515,-0.0036194995,0.046733826,-0.012570862,0.026683377,0.034722798,0.041298054,0.050468855,0.0040905657,0.043069392,0.015574642,-0.007372994,0.016229285,0.03735675,0.020282589,110,511
-0.011889359,-0.04731313,0.03228522,-0.024393417,-0.028053936,0.013685927,0.0032316686,0.022404492,0.022495473,-0.040049627,-0.011287268,-0.021705072,-0.0062228944,-0.08857557,0.026920613,-0.033612736,0.006948421,0.028224248,-0.022152279,0.042740993,-0.017640388,0.015708007,0.0058670742,0.0110366475,-0.007356491,0.041430436,0.0030349018,0.02497517,-0.034367613,-0.068731934,0.03127456,-0.02322711,-0.01109883,-0.008392993,-0.0030045286,0.049178977,0.091813676,0.03285919,0.021374583,-0.016616434,0.029290367,0.01002538,-0.060889386,0.069211915,0.019382779,-0.0021743774,0.033338096,-0.031941712,-0.044436775,-0.03303609,0.09913555,0.004683242,0.048369795,0.0025186446,0.052357826,0.021953978,0.015580051,-0.05569971,0.005081419,0.071556754,0.027647125,-0.014413657,-0.01780589,-0.020610696,0.014140956,0.057137422,0.01570056,-0.0009912439,0.020590298,-0.019127034,0.021202374,-0.011763283,-0.0131862145,0.0054126633,0.03575357,0.0029187568,0.021003213,0.065465644,-0.013797541,0.03268093,0.036920145,-0.02251267,0.06386854,-0.0033366038,0.037366845,0.04898665,0.02428486,0.015858073,0.04456234,0.036579058,113,512
0.012835632,0.0059180325,0.04001322,-0.032255832,0.024796784,0.058238134,0.004515561,-0.029561166,-0.033550784,0.032037437,0.0014175009,0.0068171755,-0.022274096,-0.083870456,0.048940632,-0.00894632,-0.039585765,-0.017095087,0.0367632,-0.0061739683,0.036245253,0.07582171,-0.03493797,0.03993141,0.0043138117,0.025672214,-0.005692302,0.0907024,-0.012388891,0.01068521,0.056274086,-0.061978817,-0.035250023,0.035591733,0.045333657,-0.0009179311,0.014733138,0.042601746,0.047039807,-0.036772005,0.0095395595,0.024064433,-0.041368417,0.027471282,0.016331207,-0.010609977,-0.009747076,0.022080641,-0.011163858,0.044398293,0.05273043,0.008766079,-0.015620418,-0.026991455,0.039306674,-0.001935441,0.093205184,0.009200893,-0.022672791,-0.022478934,0.000160316,0.034451887,-0.040903628,0.03222546,-0.09581642,-0.023442714,0.0503626,-0.037711177,-0.024256252,-0.04873507,0.031728663,-0.0022955688,0.023415621,-0.0037666196,0.038589947,-0.014846575,0.01730432,0.011951077,-0.0179511,0.02379652,-0.015884586,0.019970324,0.01083021,0.020468205,-0.003981231,-0.00021556392,0.028325502,0.036980085,-0.036541734,0.050501943,106,513
-0.032812055,0.019529443,0.07634907,0.024051934,0.041936528,0.05413329,-0.0025669844,-0.008502223,0.05781018,-0.006060854,0.014245646,0.010776441,-0.10943803,-0.013694018,-0.00055859814,0.031330187,0.031314734,0.059272446,0.047753736,0.0124255605,-0.010597777,0.06965438,0.023368195,-0.012505716,0.06474188,-0.00014491566,-0.028252963,-0.02964311,0.038421784,0.08538316,-0.03312441,0.004811261,-0.06203771,0.041490603,0.08500922,-0.03183396,-0.010360368,0.02779451,0.027630186,0.051462308,0.07172166,0.058918603,-0.07063689,-0.001773892,-0.005987702,0.08536555,-0.01697652,0.016642345,0.08376249,0.0011460297,0.05427983,0.023421107,-0.0053561935,-0.011880124,-0.013884155,-0.02037054,0.06852121,-0.03744208,0.038191237,-0.009550031,-0.025582533,-0.01874509,0.017960725,0.008933937,0.0056910897,-0.030351877,0.018492777,-0.0386361,0.03981421,-0.0014093083,0.03888101,0.043670177,0.045038488,0.0065993043,-0.01559582,-0.07182548,0.0061122333,0.0222268,-0.021070326,-0.00091455085,0.061819583,-0.013301183,-0.03372965,0.06255779,0.02863764,0.071599916,0.038850397,0.013483543,0.0022704247,0.048471607,112,514
-0.045623418,0.0199795,0.042920128,-0.10514311,0.076989494,0.0271498,-0.07330105,-0.011792987,-0.015879204,-0.049642015,0.062295828,0.0127140945,-0.027002962,-0.014664866,0.08068417,0.046400294,0.018542256,-0.003944574,-0.01833127,-0.011637341,0.003492075,0.05287458,-0.0039344057,-0.027639907,0.049914114,0.047081143,0.023960806,0.068962775,0.023410248,0.026394244,0.017182337,0.041318208,-0.057631947,0.025923233,0.05535088,0.045404468,0.0810065,0.05908773,-0.0146759115,0.010887366,0.13776419,-0.06500439,-0.010206719,0.011463169,-0.018614056,0.13109541,-0.019438572,0.027826212,-0.0049661435,0.008206389,0.11616558,-0.015594857,-0.058246784,0.04610174,0.028825164,-0.063082464,0.08577406,-0.047593158,-0.010790646,0.015417505,-0.024918184,0.00970193,-0.0964291,-0.005041067,0.009260731,-0.06784865,0.021713007,-0.020781659,0.048354335,-0.028852072,0.021514755,0.025526447,0.0021765232,0.006442329,-0.05147082,-0.03968562,0.026218424,-0.038708728,0.002600438,0.008863235,-0.028581634,0.0448944,0.024702022,-0.029846745,0.024060998,0.07604404,0.056147836,-0.00736007,0.013151834,0.021173336,106,515
-0.038159464,0.039409965,0.05518448,-0.0018180497,-0.05223655,0.0872796,-0.03073995,-0.0053462787,-0.0134857055,-0.021247309,0.05073687,0.027065517,-0.050371796,-0.022584125,0.036220938,0.001485032,-0.048899554,-0.010262059,-0.046112143,0.093161985,-0.00034256652,0.03126294,-0.00280096,-0.07302095,0.011776935,-0.0063380543,-0.039084323,-0.024550002,0.049497858,-0.06429875,0.019705998,-0.024549007,-0.02084458,0.0035319705,0.05019666,-0.017130233,0.029126706,0.08996759,-0.013263684,0.0274918,0.0045892373,0.067692965,-0.036427192,0.039316528,-0.019135205,0.052097827,-0.069320664,-0.046386994,0.012031281,-0.03111254,0.07107251,-0.009140767,0.01101034,-0.01735632,-0.0038840454,0.01340628,0.057926733,0.014009684,0.014548165,-0.021991227,-0.0134151755,0.0046675624,-0.011849494,-0.020688687,-0.048644125,0.012493007,-0.038079016,-0.0036180504,-0.04492282,-0.004810122,-0.0012925621,-0.008130875,-0.06958709,0.050375544,-0.009439985,-0.020190664,0.0034771916,-0.038546216,-0.054519825,-0.029419662,0.01665046,0.07254072,0.031096868,0.039644122,0.0308768,0.04244504,0.025642807,-0.011081721,0.017513022,0.05678919,111,516
0.010323837,0.04603789,0.08323778,-0.04910235,0.025051475,0.022965636,0.042637233,-0.0036891364,-0.032162093,-0.0508682,0.0018698602,-0.025193129,-0.038531583,-0.0786469,-0.033476546,0.008160254,0.047050547,-0.0019943807,-0.039232634,-0.04054972,-0.01106582,-0.0077796206,0.022818755,-0.060076237,0.04270094,0.049646787,-0.024737075,-0.0045906315,0.10270493,0.023128273,0.006452461,-0.024229333,0.035465315,0.033521608,0.09350452,-0.008654957,0.051210742,0.053468406,0.03569937,-0.010661029,-0.0047303215,0.014384463,0.019740753,0.04494884,0.056056373,0.029356152,-0.032325927,0.0139486175,-0.043499075,-0.05635168,0.053419154,-0.004876953,-0.01204125,0.05891958,0.0476504,-0.050597545,0.08010952,-0.046183616,0.034821704,-0.010563602,-0.014147104,-0.023707725,0.092400745,-0.048786037,-0.021807596,-0.0066369735,0.007823683,-0.06362633,-0.022536103,0.02601212,0.040530875,-0.020103663,0.017164519,0.022230195,-0.01604306,0.009577977,0.022518864,0.006019771,0.05934215,-0.041033667,0.023345117,0.0027337456,0.06512023,0.0026607132,0.02289825,0.030139046,0.09270045,-0.03216177,0.042898316,0.030647632,114,517
0.0047387527,-0.03816077,0.10042152,-0.053446468,-0.0059894826,0.031799585,-0.009837646,-0.011048354,-0.0130977165,0.029316846,-0.0066458527,0.025001705,-0.041160952,-0.06312774,-0.069755875,-0.011082387,-0.036240797,0.043436807,0.04243809,-0.0024843514,-0.010927801,0.0074281916,0.026068736,-0.0007701479,0.06278972,-0.028906016,0.01994652,-0.09303953,-0.03472452,-0.006404856,0.037961416,-0.02947569,-0.07455592,-0.07226564,0.012717396,0.017655801,0.06837427,0.04482376,0.0140481135,0.018224895,0.023378566,0.08358656,0.008943126,-0.033873517,0.019001294,0.058352362,0.012344144,0.06451364,0.027125841,-0.04226043,0.077893764,-0.009394722,0.007940728,0.052525774,0.009288135,-0.0055002,0.049497277,-0.03438594,0.0510039,0.02504288,-0.025239848,0.032674573,0.03755383,0.004334586,0.049916424,-0.02953484,0.004949417,-0.061516624,-0.11205116,-0.0071915174,0.036366105,0.012989864,0.0437535,0.048024457,0.031634554,-0.027182061,0.014762107,0.021781195,0.003441587,-0.00076383376,0.018188646,0.07129887,-0.008995386,0.029275598,0.019937122,-0.0039319117,0.05393009,-0.079192005,0.045588188,0.0736389,100,518
-0.011603486,0.001024832,-0.0024059787,-0.04305687,-0.035281606,-0.011732355,0.031051503,-0.022020876,0.029737422,-0.08367266,0.0177112,0.010453063,-5.958043e-05,-0.046551574,-0.014916816,-0.043936186,0.05321756,0.04561688,-0.0092656305,0.049981672,0.0046566413,0.05109947,0.048635483,-0.027130695,0.017322557,0.010649418,0.02257657,0.06569479,0.051121294,0.011466804,0.034661826,0.001580596,-0.072252706,0.020597294,0.051680036,0.052554745,0.039464213,-0.0063053854,0.037375845,-0.025634822,0.058212146,-0.018775985,-0.052547716,0.04581779,0.043203615,0.11361901,0.013072848,0.015399062,0.04912345,0.010265927,0.09051766,0.014520764,-0.03459462,0.034755543,-0.0072980206,-0.03755182,0.09432091,-0.029378776,0.09570402,-0.05014153,-0.06589419,0.028134063,0.00053549185,-0.03785734,-0.12572649,0.029788423,0.04870748,-0.00034210458,-0.117666535,0.05416648,0.004840046,0.05025913,0.024405897,0.00830247,-0.013832995,0.054316264,0.025384855,0.0108491145,-0.018511076,-0.014090367,-9.879377e-05,0.050942264,0.0017363727,-0.031136496,0.012244637,0.0094043,0.04478433,0.043719187,-0.0053821076,0.07353604,102,519
0.019515704,-0.03485089,0.06028027,-0.055973463,0.030600632,0.05494204,0.007968974,0.025853466,-0.033747375,-0.018785093,0.006586819,0.03488914,-0.05075025,-0.08274623,-0.040749863,0.017425207,0.010592008,0.06807142,-0.023188356,-0.00039069634,0.020963617,0.038979333,0.02081138,-0.055336736,0.074921496,0.005713634,-0.004865344,0.02246819,-0.0098459255,0.0084342435,0.029374897,-0.06159927,0.010512985,-0.041273855,0.11937328,0.01703621,0.062404364,0.037979264,-0.046573643,0.012181406,0.053758755,0.070785314,-0.03830307,0.047630254,-0.013458522,0.04500261,-0.032354686,0.05103679,0.012872692,-0.019228555,0.026285512,-0.07238227,-0.022570461,0.028011475,0.0125358775,-0.038056776,0.063839555,-0.022041455,0.093665585,0.01063418,-0.03139124,0.000411259,-0.00039558485,0.0029618852,0.061493386,-0.037912466,-0.05861971,0.012488946,-0.01616209,0.08319338,0.020784467,-0.07614081,0.032588575,0.017674316,-0.012799022,0.014176188,0.033118162,-0.0135910325,0.011893865,0.01205733,-0.038593166,0.06436383,0.02784301,0.021525785,0.016916282,0.021222059,0.018893443,-0.028824124,-0.002972261,0.022656953,101,520
-0.028834637,0.018636439,0.033800684,0.031195976,0.0008341735,0.007309582,0.020242302,0.034335654,0.046570063,-0.052683786,0.0102605745,0.037127323,-0.011844161,-0.029041464,-0.03598458,-0.0047464315,0.071710475,-0.016365761,-0.049743462,-0.017607428,0.03401845,0.039712004,0.019871224,0.022099141,0.004352521,0.013064845,0.007881063,0.055979352,0.00924697,0.042472355,-0.0029208977,0.0041576736,-0.07186721,-0.015662838,0.06761448,0.03917758,0.055814378,0.0466881,0.052704673,-0.01605069,0.08101215,0.06822358,-0.06738279,-0.011057258,-0.018308492,-0.02376299,-0.034580246,0.063372545,-0.05352144,0.00478468,0.06343451,-0.009507759,-0.017453326,0.0051587885,0.026793076,-0.040085062,0.049336545,-0.048662443,0.02619721,0.020289868,-0.025296109,-0.00010458287,0.03909463,-0.022348082,-0.02073897,-0.06551342,-0.0041352287,-0.05796388,0.039874323,-0.010820992,0.02291455,0.023493564,-0.04182463,-0.035764202,-0.045975816,-0.035477348,-0.039230727,0.0040833186,0.01510332,-0.056462713,-0.026132923,0.0059827287,0.0006105937,-0.02065621,0.042865705,0.07339674,0.008529307,0.00556382,-0.020448893,0.014199624,105,521
0.0052130716,0.016406981,0.02333779,0.035479985,0.004261014,0.06472526,-0.007056479,0.039998785,0.030037396,-0.029670473,-0.048247434,0.034448154,-0.027577696,0.02563813,0.0033637853,-0.034382723,-0.012337742,0.022904186,0.020015325,-0.027405597,0.040742435,0.06306673,0.037808336,0.017730631,0.009517511,0.041541092,-0.001757028,0.013387159,0.04633024,0.038458798,-0.04953929,0.018479146,-0.040158316,0.06271639,0.04417518,-0.021737754,0.083426,0.10536572,-0.044594254,-0.047749866,0.06656924,0.058877602,-0.110927485,0.015787236,0.04296978,0.08439216,-0.02765238,0.012688011,-0.032527145,-0.044850137,0.025690343,-0.019113813,0.054753035,0.054084267,0.056815654,-0.074932426,0.03162029,-0.062437706,0.024714168,-0.015321229,-0.054922357,-0.053234328,0.016658995,-0.036944564,-0.06228468,-0.0049270466,0.014473853,0.022555076,-0.010204444,0.0016894725,0.012068378,0.0654715,-0.051856972,-0.0051121973,-0.019220617,0.020235948,-0.006417092,0.0126482565,-0.036669932,-0.05342065,0.03046552,-0.0066360794,0.010440301,-0.02606785,0.03889034,0.031260554,0.0642024,0.0472593,0.0062858546,0.029512985,113,522
-0.024763847,0.012159181,0.038824357,-0.11265798,0.03980928,0.05157224,0.0030562617,-0.037644416,-0.012393326,-0.02140681,-0.020975232,-0.016924428,0.006073702,-0.023892798,0.010250987,-0.039746687,0.060973592,0.006832145,-0.036588598,-0.022620704,0.025987102,0.056150608,0.006228375,-0.080483824,-0.0024942476,0.013728803,-0.021094002,0.038001485,0.049743325,0.020125048,-0.002595542,-0.033705402,-0.039097674,0.03620463,0.09140464,-0.03636443,0.031539448,0.0079845805,0.07395553,0.02331432,0.052590907,0.09687608,-0.04891059,0.048728026,0.012536608,0.039932992,-0.06428519,-0.037117034,-0.02007072,-0.05315198,0.07100588,-0.029297093,-0.028881159,0.002438346,0.065589145,-0.019305926,0.043169077,-0.07186885,0.06475462,-0.05253437,0.010417009,0.032501638,-0.04784351,0.0060415743,-0.026381724,-0.03805328,0.08076525,0.013768692,-0.07272587,-0.040679935,-0.006044131,-0.025629457,0.031943507,0.002237185,-0.0041063805,-0.021575771,0.009517176,-0.009696946,-0.01705275,-0.04583607,0.05273752,0.06596193,0.031048764,0.004959112,-0.007963067,-0.012380475,0.07320291,0.0071116155,0.027793862,0.047132097,107,523
0.0145299705,-0.0011565369,0.10368849,-0.119533315,0.015180673,0.048701737,0.018931717,-0.018995892,-0.05976867,-0.013394104,-0.0077977744,0.037338436,-0.023035629,-0.03752655,-0.010907583,-0.022208283,-0.013064121,0.04517471,0.020880051,-0.014646734,-0.0202752,0.09049905,-0.04621104,-0.07417114,0.037387215,-0.021977318,0.04142485,0.06328495,0.03031144,-0.042750042,0.10823129,-0.053832605,-0.061212942,0.036168873,0.09440814,-0.01925959,0.069414504,0.023155296,0.048829466,0.0018916538,-0.016994074,-0.0066156425,-0.016901314,0.043239966,-0.012814099,0.07585958,-0.033619218,-0.018333478,-0.023557454,0.009793674,0.028395094,-0.046514675,-0.03474717,0.008232342,0.03667195,-0.07966495,0.053067446,0.0059420913,-0.018645246,0.019924471,-0.021629017,0.026290508,0.0022744937,-0.0059382822,-0.0038196403,0.016550023,0.039007675,0.02971635,-0.06418204,-0.00548811,0.0064688073,0.001845041,0.017691733,0.024641251,0.015321732,-0.04292547,0.017310958,0.009392459,-0.028156634,-0.023210458,0.038924236,-0.010116117,0.04591263,0.0028945748,0.01964703,0.037824634,0.032281145,-0.02036193,0.030789867,0.015224535,106,524
-0.032572255,0.017285174,0.039266463,-0.046017937,0.037584882,0.062218416,0.00023176428,0.027733061,0.018283376,0.03558315,-0.03056277,0.021320146,-0.016635802,-0.044461932,-0.041079022,-0.02854728,-0.023545839,0.017044358,0.035549495,-0.02094774,0.05869949,-0.004839752,0.02603155,-0.08498378,0.01840254,0.036347806,-0.031854246,0.052575085,0.012865694,0.03430114,0.061020527,-0.049860336,-0.028685568,0.013898205,0.04871309,0.0009383699,0.034653254,0.05315412,0.040741272,0.03558431,0.091781974,0.090656966,-0.039869823,0.0028689336,-0.021548742,0.05390493,0.0057224836,0.05651725,0.016093573,0.036025185,0.085719965,0.046645567,0.027854336,0.05169101,-0.049888205,-0.061224137,0.027938727,-0.08884217,0.038376227,0.020025652,0.027909191,-0.017158981,0.0026694136,-0.06428396,0.005263252,0.05168265,-0.009070026,-0.021182472,-0.056994103,0.01094779,-0.00035770237,-0.024229184,0.02883995,0.06469575,-0.023907773,-0.005291202,-0.012658421,-0.021334343,0.009219745,-0.02627537,-0.060049832,0.030718017,-0.030564385,-0.0005340185,0.06305133,0.048620418,0.020561768,-0.035664313,0.012004703,0.067681685,109,525
-0.038622014,-0.04327184,0.09235738,-0.12717643,-0.018771397,0.04274869,0.011567333,-0.0102405995,0.029687462,-0.019278137,-0.05244256,-0.029327512,-0.008720685,-0.026830351,-0.026036378,-0.051987268,0.028550059,-0.002507601,0.0134202605,0.023372844,0.009103,0.011804815,0.0643355,-0.022192653,0.042883016,-0.02221909,0.00083853863,0.017688666,0.059041053,0.11929326,0.07099749,-0.040436193,-0.092391096,-0.0031708167,0.16982616,-0.0055271136,0.024200596,0.060371287,-0.006082779,0.028649092,0.039390408,0.02136382,-0.004756935,-0.044250682,0.04478427,0.029405102,-0.017448874,0.038238447,0.02171703,-0.042733535,0.0623717,-0.034779496,-0.02117098,-0.024144271,-0.009033162,0.0135772675,0.091074035,0.008517414,0.044399768,0.0137462625,0.031316772,0.097413555,0.035590604,0.05170666,-0.05307715,-0.0624392,-0.013727663,-0.01716667,-0.028220039,0.021899274,0.05558773,-0.01220997,-0.028005661,0.005966345,0.006967239,0.016741905,0.017925484,0.060694605,-0.012686635,-0.006734678,0.02488891,0.022225589,0.11543389,-0.052853562,0.045770474,0.10077463,-0.02102752,0.010557314,-0.0072681215,0.028504316,110,526
0.0102776745,0.08012868,0.064813904,-0.06939204,-0.0019199159,0.04014853,-0.015454439,-0.020626709,-0.03548848,-0.051456604,0.014232716,-0.015369032,-0.048547797,-0.07166212,0.012438125,-0.011938892,-0.012355558,0.027919965,-0.01159653,0.0036735712,0.024051402,0.0092644,0.06997273,-0.005538618,-0.013362978,0.018302193,0.0071409885,-0.0046329116,0.025883239,0.03312284,-0.0016335007,-0.02789391,0.039817676,-0.07512497,0.046833564,-0.0041839574,0.02751626,-0.00020497665,0.0024176147,0.03670459,0.040868122,0.03473556,0.046591915,0.05208853,0.037345786,0.026155729,-0.020750102,0.028920718,-0.039586775,0.0065979483,0.005650606,-0.0278203,0.003303005,-0.018131072,0.055036433,-0.05748813,0.057611678,0.01743608,0.00465953,0.0021946393,0.018226275,-0.016876478,-0.03648795,-0.06498278,-0.13130757,-0.04186943,-0.04009516,-0.037793998,-0.006333502,-0.041253697,0.012290454,-0.06530763,0.08554148,-0.011752161,0.03128143,-0.013365182,0.04702223,0.013229862,0.0032245954,-0.032356013,-0.019095335,-0.0052423235,0.017825365,0.03770298,0.03697139,0.025140688,0.019946178,-0.006081,0.052225724,0.056610093,106,527
-0.010590287,-0.0072029587,0.028406778,-0.07489888,-0.00854031,0.005096514,-0.0048122816,0.010753307,0.08485258,0.020274913,0.056239408,0.025981143,-0.05469285,-0.0665483,-0.092217624,0.0064295423,0.06694491,0.026442776,0.04269353,0.049848713,0.021940036,0.017964117,0.12054435,-0.112732425,0.04343241,-0.00051098503,-0.028520301,-0.009258228,0.045850478,0.051078174,-0.027201964,-0.077478155,0.017399274,-0.0150910895,0.02422554,0.02288302,0.050756473,0.020515587,0.06660749,0.05792191,0.026311351,0.034307636,0.026357587,0.021969594,-0.013294974,0.034451094,-0.0040486935,0.026366534,-0.017706068,0.010025059,0.06415126,0.02725693,0.04696863,-0.004955437,0.038889553,-0.044290423,0.09177914,-0.044499587,0.034463003,0.03499896,0.016521635,0.0143288225,0.023938656,-0.0140966885,0.03433366,-0.081572756,-0.004649084,0.023235507,-0.009107332,-0.05108288,0.059338305,0.018996887,0.019978555,-0.010282522,-0.023362543,0.026012506,-0.05492302,0.03537958,-0.027836626,0.0012258268,-0.0017847307,0.06165679,0.047209308,0.049676284,0.04801852,-0.040810727,0.070141315,0.0267847,-0.0433084,0.022293914,111,528
-0.03223545,-0.03340075,0.043992713,-0.0031384751,0.06991554,0.06258653,0.00065728324,-0.005341316,0.009420237,-0.01881519,0.016225968,0.048340037,0.032698825,-0.066495344,0.023762625,0.017058857,0.0053511597,0.02096576,-0.013728571,0.021974213,-0.01825838,0.07339224,-0.019953618,-0.024455551,0.05020971,0.023315683,0.01072793,-0.059162013,-0.004727114,0.00357371,0.02457475,-0.040781975,-0.048233025,-0.001326246,0.023272736,0.044608466,0.07859786,0.011586221,0.01685472,-0.023799878,0.06421787,0.03458982,0.0028076675,0.029406343,0.039056282,0.014545351,-0.05871103,0.05127737,-0.0050064847,-0.024528261,0.004694961,-0.012037519,0.010655757,0.006348109,0.014412098,-0.024254303,0.10834564,-0.036320437,0.058917858,0.046715613,-0.03598305,0.02015408,-0.021671437,-0.01610455,-0.0030982988,-0.059449047,0.04616732,0.002980642,-0.019943643,-0.0022236072,0.035588462,0.024136558,0.0010991832,0.029066777,0.0314963,-0.0025755214,0.0072155483,0.13448107,0.00422802,0.024184477,0.050689355,0.005393831,0.018155096,-0.03015073,0.030304063,-0.009388531,0.09103589,0.03551147,0.0052784863,0.056318656,102,529
-0.021555416,0.09173154,-0.028342858,-0.069351494,0.00027676485,0.082353614,-0.01636927,-0.042162303,-0.0071911328,-0.017527983,0.025863742,0.035385996,-0.02771023,-0.030424964,-0.03246254,-0.047732368,0.009050516,0.0043631047,-0.047721356,0.032797147,-0.01870832,0.054658737,-0.0044939686,0.01610019,0.07023573,0.055360544,-0.027218346,-0.042984173,0.015981657,0.01401171,-0.05858971,-0.025198717,-0.012919374,0.015303718,0.010500941,-0.0011566496,0.042604685,-0.03269091,0.01518121,-0.012026532,0.07772936,0.025888246,0.002637202,0.0324662,-0.011716375,0.028148126,0.07722372,0.058839507,-0.012857559,0.017934904,0.016995803,-0.09527778,0.021029526,0.05555762,0.06606829,-0.038768392,0.04767363,-0.0047064982,0.049839687,0.0017601959,-0.013320597,-0.03021355,0.047716297,0.004298455,-0.042097412,-0.033324677,0.015014284,0.040858794,-0.1000122,-0.03207361,0.018655695,-0.020023476,0.051876746,0.031505607,-0.0019453494,-0.052289333,0.060863845,0.09733961,0.018871415,-0.012480168,-0.005838466,-0.0038658567,0.005313929,-0.0010939669,0.03010174,0.074683435,0.06446901,-0.04324268,-0.0012385161,0.046005003,108,530
0.00097150495,0.029270466,0.05344643,-0.04217712,0.034242123,0.03286877,-0.012450911,-0.072625175,0.011128217,0.028627627,0.034696374,-0.039508898,0.014423564,-0.0120929815,0.008477256,-0.049367398,0.041858934,0.014151503,-0.0031513069,-0.021374188,0.06548384,-0.015140314,-0.019315256,-0.033010807,0.036601394,0.036540844,-0.009786461,-0.023409877,0.052294772,0.018881334,-0.02071697,0.0084596835,0.022317495,0.017570313,0.068127796,-0.040296458,0.0699654,0.0125582665,0.013331999,0.033622265,0.07414141,0.047606703,-0.049484476,-0.04309792,-0.009194037,-0.008018114,0.061345,0.026348922,0.03347162,0.002941506,0.04395357,0.0216504,-0.031707797,-0.013578357,0.03454905,0.011489958,0.027928129,-0.045738302,0.0061948914,0.0399736,-0.05156911,-0.015226748,0.041185033,-0.010723289,0.024597341,-7.442199e-05,0.062315676,-0.0076666176,0.007942494,0.031029142,-0.026850969,-0.030518599,-0.008688433,0.026030518,-0.022419393,-0.027048916,0.050699838,0.002545027,-0.045531444,0.004705556,-0.0038824938,0.028288823,0.045047432,0.048831776,0.017963855,-0.008435316,-0.0007964503,0.008092199,0.02126082,0.06607516,104,531
-0.0435822,0.01199848,0.08972409,-0.020485308,0.032676697,0.020448152,-0.0027016485,-0.050947126,-0.029693158,0.00654275,-0.008673929,-0.014693404,-0.059456456,-0.061167233,0.00069474976,-0.028195046,0.044254176,0.07122756,-0.056213237,-0.017805044,0.063465625,0.019203926,0.03211271,-0.004598735,0.058580063,0.03510654,0.00812232,-0.010834721,-0.025900958,0.09859997,0.037295677,-0.06443857,-0.027731394,-0.015926797,0.14507857,0.036158808,0.025819205,0.09976706,0.040019646,0.045897722,0.076171845,0.024701182,0.006096307,0.014232041,0.0429204,0.027132077,0.056524694,0.05329971,-0.0014058198,0.0104435785,0.05427945,-0.020873701,0.020933233,-0.033584923,-0.02576695,-0.05022326,0.06744981,0.05808341,-0.01809419,-0.0070368806,0.007322479,-0.009197177,0.001341586,-0.07009095,-0.04596635,-0.022931535,0.014902858,-0.06703791,-0.013411436,0.036564842,0.06992232,0.048850514,0.00801519,0.007443197,0.021195931,-0.013351771,0.011416595,0.07562834,-0.04236217,-0.019854957,0.019961739,-0.01155708,0.05924672,0.022115113,-0.015191438,-0.048540555,0.04866398,0.035340864,-0.033322096,0.0513648,110,532
0.025847364,-0.03810251,0.07497684,0.05279818,0.02540746,0.062161095,0.056276727,-0.031812903,0.048499756,-0.09927265,0.039397724,0.029548546,-0.08964581,-0.030247534,0.009082222,-0.033668943,-0.0021876357,0.0442985,-0.03232556,-0.07627546,0.10391866,-0.019601893,-0.00061426684,0.014109943,0.022382485,0.037611753,0.0715587,-0.0067926906,0.06197092,0.025426172,0.07127224,-0.03136341,-0.05026279,-0.028480317,0.047841713,-0.010198979,0.01944543,0.037416525,-0.044070736,-0.07659532,0.03913211,-0.009905424,0.009071268,0.045417584,0.028922241,0.061435305,0.007875126,0.039893113,0.013574661,0.0027568005,0.063792534,0.022904022,0.00744899,0.041504055,0.028864179,-0.00023799017,0.08586554,-0.057181746,0.019171137,-0.0032569394,-0.045006305,0.0017775418,0.04966498,-0.06214155,0.0035207258,-0.042940434,0.027223408,-0.024426233,0.013563063,-0.03724456,-0.0063406248,0.012583355,-0.05539365,0.02248055,-0.012385121,0.012191113,-0.008915657,0.03320033,-0.004713985,0.051756546,0.015835544,0.046572343,0.027256021,-0.057431966,0.035900474,0.0049593616,0.030049885,0.003935242,0.016058542,0.0046821237,112,533
-0.037262905,0.052636452,0.056738768,-0.049874492,0.012772359,0.07180584,-0.028792622,0.046575844,0.004164843,-0.01962525,0.008057424,-0.008111369,-0.07172024,-0.021147463,0.0291746,-0.024278337,0.032188974,0.017263548,0.0072999923,0.03961586,0.045816086,0.0664815,-0.023680685,0.00027666055,0.050248418,0.10343336,-0.021462236,-0.05151006,0.017923996,0.013398571,0.03625355,-0.043949757,-0.0027138293,-0.029176377,0.08535903,0.0023122346,0.05847563,0.083126396,0.037517536,0.05866589,0.030741217,-0.037040804,-0.0254688,-0.025153834,0.0801811,0.03814738,0.020348927,-0.021895459,0.00967887,-0.03193639,0.07189488,-0.018617941,0.0030098057,0.021123197,0.076461956,-0.034490027,0.057117835,-0.033037815,0.028266206,0.027795848,-0.02921348,0.051253058,-0.04142455,0.0037786532,0.025708612,-0.031053914,0.0038444325,-0.0045091137,-0.019130975,0.01666563,0.016990947,-0.020515356,0.023572868,0.015407866,0.05955175,0.032917656,0.02565445,-0.051931605,-0.059289783,0.013046978,-0.007200339,0.018316422,0.004683422,0.022914303,0.004790444,0.021107474,0.04706852,-0.013324059,0.042979483,0.032855943,108,534
-0.01926672,-0.048681453,0.066071674,0.03470344,0.053888258,0.028598452,0.044028036,-0.036506336,0.017307574,0.023686828,-0.010450347,0.10332012,0.0034810267,-0.07622086,-0.018451236,-0.010587091,-0.0622698,0.006624925,-0.051599324,0.040765304,0.021453978,0.03829583,0.036848053,-0.07848492,0.01822427,0.022909625,-0.0053327605,-0.06890248,-0.03541629,0.058580216,0.022580814,0.002581682,0.039364636,0.0058750194,0.022815667,-0.018799338,0.07349156,0.024770971,0.03178057,-0.041603643,0.08733249,-0.0050320774,-0.016665442,0.035398718,0.014068361,0.032045003,-0.08631514,0.050497033,0.031019999,-0.023137372,0.049394667,0.0332297,0.033548094,0.02273093,0.0003710622,-0.059879612,0.107334055,-0.09525432,0.02933486,-0.0024208818,0.029689362,-0.00014328025,0.0033680089,-0.032599077,-0.01706196,-0.011877086,0.03931585,-0.097303,-0.0749335,0.032833874,-0.015939932,-0.046225615,0.015050473,0.012812734,-0.092223376,-0.062117923,0.051964194,0.039318793,-0.05339668,-0.043074273,0.0014669867,0.015577143,0.06978496,0.08799747,0.008883128,0.07876761,0.026614266,0.03789417,0.022300314,0.0492743,111,535
0.018388327,-0.024215976,0.037957698,-0.049264815,-0.028434329,0.03716009,-0.023277065,0.06232798,-0.00015902426,-0.009920154,0.032706045,-0.0151550695,0.056566987,-0.05318226,0.14643605,0.007462743,0.050486118,0.03698089,-0.0033449614,0.01142635,0.015510955,0.066694185,-0.009100756,-0.028364986,0.015004072,0.011627504,-0.0061388523,0.0010606963,0.04565445,-0.019034833,-0.016239295,-0.03089085,-0.017668776,-0.006372562,0.100072175,0.077006385,0.006279856,0.0722311,0.037419632,0.033673935,-0.011065714,0.05248595,0.0029428992,0.09840724,0.05890219,0.105050504,-0.09014104,0.039718047,0.00032389793,-0.013742,0.07038775,-0.0026083328,0.0067308894,0.04177078,0.041353725,0.016928833,0.11382869,-0.07467553,0.055765115,0.009666742,0.0010448918,0.0052292547,0.0191226,0.0032458655,0.066179946,-0.015701998,0.027508661,-0.013885176,-0.04064057,-0.016865687,0.003024877,0.029572457,0.026098263,0.025655033,-0.018651035,-0.019804355,-0.023546195,0.074921764,0.051770072,0.020865718,0.049898107,0.010050008,-0.05656019,0.060282066,0.04369919,0.027945505,-0.004584845,0.044083342,0.0024221614,0.043502416,111,536
0.026433755,-0.0044433624,0.0041270517,-0.052502558,0.0035934346,0.040821392,0.016825605,0.059868284,0.020079177,0.0141767245,0.009227948,0.0365597,-0.01650309,-0.052988432,-0.007830944,-0.026357248,0.019610455,0.007593265,0.031562794,-0.010664194,-0.04383649,0.043417566,0.03825593,-0.047208216,0.019006742,0.003043227,-0.059737988,-0.014130865,0.06572537,0.004592208,0.036606513,-0.03619302,-0.052071087,0.033390217,0.015503366,-0.00636515,0.02836454,0.04538832,0.016367698,-0.014258927,0.041082427,0.034208536,-0.05455631,-0.021803346,0.023505412,-0.016408179,-0.00042462023,0.057960346,-0.009062894,-0.040820345,0.051896356,0.011400433,-0.023225257,0.005977517,0.0042974316,0.018556572,0.076720424,-0.01991916,-0.008519251,0.0660631,-0.025126241,0.012550546,-0.011493488,0.022829633,-0.036813565,-0.0019295793,0.04763544,-0.021599736,0.060122356,-0.010726008,0.009572777,0.005042689,0.025310423,0.0014549354,-0.029870795,-0.01093489,0.036947746,0.030451255,0.029288396,-0.05330423,0.015976653,0.08749211,0.07765662,-0.042831685,0.048962805,0.03746922,-0.008855071,0.030953698,-0.037611827,0.07819702,105,537
-0.03152228,-0.014896365,0.06836305,-0.06109517,-0.007680947,0.026559593,-0.0067914305,0.0105201565,-0.0033828607,-0.01881826,0.0356022,0.06091863,0.04483513,-0.025304986,-0.00991473,0.028482847,-0.009562034,0.019187594,-0.007913455,-0.0023915246,-0.0066012787,0.08147777,0.02441282,-0.02153921,0.03415881,-0.01338304,-0.016082942,-0.013336851,0.0005825963,0.100132346,-0.012771785,-0.066354185,-0.022253644,-0.0359582,0.0027620047,0.007531601,0.037466135,0.031677425,0.024038302,-0.0649595,0.06331392,0.04460251,-0.038608346,0.02216496,0.036824368,0.0071966536,-0.029932303,-0.017325856,0.025643691,-0.017590169,0.0694495,-0.04024707,-0.017049536,0.003971479,-0.020798415,-0.021729227,0.11722213,0.0092627965,-0.0034717564,-0.024599433,-0.06570722,0.0121379215,0.009821232,-0.02036888,0.00929687,-0.043007426,0.025618516,-0.082920626,0.005229097,0.02256326,0.03741254,-0.0068364413,0.008287074,0.07783125,0.0014469745,0.011627486,-0.00965439,-0.015375812,-0.023862405,-0.02161047,0.020874131,-0.021140937,-0.00672937,0.038434055,0.015597585,-0.013816325,0.03881083,0.020653361,0.055554844,0.041420385,110,538
-0.046278995,0.026872924,0.029778242,0.0010490343,-0.012509542,0.013463438,-0.0046347026,0.003614089,-0.0119028,-0.03883027,0.007271054,-0.01809608,-0.025069647,-0.0129291825,-0.04916153,-0.028865157,0.019731991,-0.0130231995,-0.033977743,0.029136114,0.031627953,0.012906318,0.032501306,-0.01451004,0.04176335,0.017176578,-0.047736336,0.036435507,-0.030036127,-0.003516255,0.026481628,-0.021684414,0.055496193,0.052259456,0.03057131,0.02916456,0.034141693,0.00582671,0.0398987,0.015949946,0.057515673,0.013822144,-0.065911815,-0.025824435,0.087905414,0.09722561,0.044276237,-0.011597868,0.015140785,0.045105893,0.026343744,-0.035073817,-0.0004742795,-0.031419717,0.041730113,0.015997395,0.044851333,-0.03405187,0.0013562627,0.0003677681,-0.019049613,0.00048300158,0.044246938,-0.027128082,0.0047741095,-0.040784854,0.035082117,-0.020883461,0.04557593,0.038562167,0.047430657,0.07428331,0.024493614,0.02551712,0.037908442,-0.063538924,-0.026679484,0.030870885,-0.033780053,-0.03832582,0.020743474,0.003369621,0.0052215923,0.003371738,0.01639956,0.043301474,0.043056928,0.045135286,0.03426949,0.042463668,109,539
-0.009533482,-0.013703888,0.024131961,-0.05644062,0.04108574,0.051479377,0.006789949,0.022414781,-0.020570576,-0.011747232,0.061772846,0.028697299,-0.004103124,-0.010563048,0.00864656,-0.06468241,0.033975467,0.102660544,-0.050782148,0.008556055,0.00047160732,0.02939874,-0.011294479,-0.0029439125,0.03151639,-0.008972166,-0.072650865,-0.028230447,0.028745642,0.004667029,0.013820803,-0.05558926,0.023986194,0.040793344,0.11664352,-0.0052985228,-0.003911935,0.047555797,0.06484019,-0.062126182,0.044284202,0.101042,-0.018565295,0.036620528,0.0020393785,0.018416453,-0.0042061685,-0.030395122,-0.0012300173,0.0064613605,-0.024346635,-0.026152678,-0.027138978,0.08106282,0.03135644,0.032478567,0.14095014,-0.09338751,-0.012993567,-0.0061282245,-0.012417069,-0.013512161,-0.023081254,-0.0017987448,0.0030689025,-0.035952393,0.01592445,0.0070558228,-0.07543029,0.03958308,0.020942155,-0.004466529,0.020953381,0.034812152,-0.004792054,-0.009463229,-0.0001890175,0.060784217,-0.036097348,-0.023649985,0.038616188,0.008147067,0.037848912,-0.0007895231,0.0013009366,0.027591873,0.022873066,0.012571614,0.0041916342,0.009834006,108,540
-0.0028429776,0.039389703,0.043763857,-0.060045168,0.019873563,0.092270456,-0.0012685468,-0.0028376498,-0.030161818,0.050510935,-0.018997036,0.028820759,-0.033859402,-0.06989178,0.0027614557,0.008490641,0.01924897,-0.0008481834,0.02596957,0.02984235,-0.022904761,0.0019515194,0.029152071,-0.007205558,0.10026501,0.021067798,0.030272156,0.025118213,0.037038773,0.029350352,0.03849126,-0.0797952,-0.035852842,0.037898332,0.077841625,0.03285974,0.05095129,0.021199306,-0.003537761,-0.020110667,0.035172194,0.09510866,-0.01952894,0.053776916,0.04587102,0.06538012,0.020653171,0.036989383,-0.014127496,0.00874818,0.08741382,0.005806019,-0.0041563604,0.020981332,0.00277601,-0.06828079,0.05447584,0.01216571,-0.023500606,0.03345929,-0.01792341,0.06849473,-0.021234807,-0.00687378,0.011256587,-0.12642561,0.018266845,0.0021640733,0.092233114,0.0042859903,0.056271758,0.01459315,0.0066234237,0.051702265,-0.021779712,0.0061413185,0.08437557,0.011889742,-0.03230446,0.006941277,0.019809328,-0.0039545335,0.033083864,-0.00404065,0.018156994,0.029308544,0.0082499925,-0.028720744,-0.017890785,0.07541981,113,541
-0.034638047,0.029817691,0.040148728,0.011710819,-0.024098612,0.044826254,-0.046232365,-0.0117208045,-0.0005200007,-0.0018492863,0.02820116,0.0016834934,-0.0259366,-0.05416013,0.030270612,0.0100241415,-0.004386559,0.05628369,0.015639035,-0.0007826807,0.02134856,0.0104359165,0.03222041,-0.05638655,0.03492195,0.022303134,0.016905915,0.014735045,0.03830748,-0.07510941,0.028433625,-0.047142744,-0.09238316,-0.0011389358,0.008468956,-0.018374437,0.063937336,-0.0070590414,0.02706036,-0.023711324,0.07791109,0.17535888,-0.009899916,0.022448523,0.032747462,0.064805076,-0.02435818,-0.019886298,-0.013776564,-0.0034050886,0.0118782595,-0.030898508,0.016684975,0.01597875,0.043186657,-0.041589774,0.036099628,-0.044675913,0.07596286,0.062058415,-0.048823476,0.019595489,-0.0068763364,0.008850002,-0.046427958,-0.014418317,0.037963763,-0.019090207,-0.06791033,0.025029082,0.027821435,0.03170795,-0.018624688,0.040159672,-0.034813203,-0.062963895,-0.039434515,0.08772874,-0.032366585,0.02040251,0.0070750806,-0.008401992,0.0040358435,-0.06668006,0.037175022,0.0097421985,0.06618211,0.023737751,-0.04855042,0.04290827,113,542
-0.008153094,-0.011224233,0.06576963,0.021999985,-0.013313977,0.054289624,0.010316379,0.0028258925,-0.056424677,-0.00025387993,0.00012476998,-0.02873822,-0.02275143,-0.008857746,0.021261375,-0.060642768,0.08018581,0.048828214,0.0039609787,-0.006997929,0.032765865,-0.0044698454,0.056791574,-0.036212314,0.06580461,0.051713806,-0.0076191584,0.011756596,0.00873466,-0.033543065,-0.017588837,-0.040948763,0.041957647,-0.0041575986,0.08909029,0.035626866,0.019763548,0.033747323,0.030601341,-0.012493197,0.044121597,0.079076245,-0.055042654,0.10874262,-0.03108277,0.11088528,0.010310254,-0.050294302,0.017941274,-0.023640838,0.071857825,-0.006432941,0.052110527,0.052281342,0.024954095,-0.12136024,0.014926676,-0.09161172,0.018339228,0.024833942,-0.011710972,0.023109218,0.00380369,-0.04141585,-0.0912801,-0.015352269,-8.6613e-08,-0.020133058,-0.041360497,0.0063481936,-0.011474416,0.008411524,0.056612015,-0.025231194,0.024520501,-0.027798802,-0.03996039,-0.0253698,-0.033602733,-0.07231191,0.033097968,0.03376998,0.05070331,0.0055443826,0.036324643,0.04355321,0.016361777,0.043570235,0.014788792,0.077231765,101,543
-0.06892783,0.051275942,0.06626919,-0.026101151,0.042855285,-2.6278198e-05,-0.02056537,0.014175125,0.037619725,0.010403685,0.050779156,0.01799808,-0.009968486,-0.00034582242,-0.04807552,-0.023868594,0.054965504,0.06938769,-0.024311408,-0.019731514,0.017221574,-0.02459145,-0.008675195,-0.020031387,-0.016663946,0.06524958,-0.024943141,0.042287305,-0.003318904,0.0016593626,0.016714957,-0.021187693,-0.037334334,-0.011389209,0.15119894,-0.037537206,0.09573746,0.04159648,0.05403126,0.050644066,0.037228957,0.026612472,-0.04696019,0.027063634,0.057361346,0.043157775,0.021011371,0.022028496,-0.027943099,0.016159765,-0.0075420663,-0.010476869,0.009325305,0.034853447,0.018622871,-0.05516097,0.021155361,-0.03563618,0.054416165,0.0077272207,0.021672385,0.06117285,-0.021166129,-0.0018013823,-0.0110533945,-0.04378777,0.049590476,-0.023255644,-0.0775264,0.046341263,0.030395452,0.033270024,0.04966931,-0.012025532,0.05992218,0.033500902,-0.018208873,0.022086784,-0.016513588,0.030673748,0.017052293,0.045216165,0.02509372,-0.12121078,0.01915584,0.0047025345,0.008171007,0.02389703,0.021715008,0.1007439,107,544
-0.009538375,0.06655725,0.04458174,-0.055673607,0.0460892,0.057838753,-0.03023654,0.039822947,0.0024519074,0.0009871065,0.026420135,0.01536992,0.028655756,-0.06730446,0.05828918,-0.0064839814,0.058860477,0.0407918,0.0038799413,-0.017510835,0.014249583,0.056332156,0.04351095,-0.031291466,0.058993433,-0.0062705055,-0.0089485105,0.028532337,0.058461957,0.00045690686,0.034435887,-0.059179273,-0.048732534,0.02006018,0.025161285,-0.024986278,0.009783937,0.011757819,-0.029090863,0.008145071,0.045836046,0.05466716,-0.06634109,-0.04079038,0.012424604,0.028003545,-0.0074731945,0.002045258,-0.030850032,0.020234976,0.10832621,-0.0007241755,-0.015384881,0.019014902,-0.029506594,-0.07236386,0.054782517,-0.030232139,0.041042425,0.01188951,-0.0135684535,0.022647101,0.022062106,0.060595796,-0.029530535,-0.08942838,-0.0056263153,-0.013840524,0.02482605,-0.010952191,0.05034513,-0.01846796,0.00829699,-0.017690536,0.03790517,0.0014723977,0.015255742,0.016277768,-0.0039692177,0.018761627,0.058361024,0.042382307,0.025112651,0.026629966,0.012374582,0.0027628615,0.029721009,-0.009719205,-0.023628775,0.010261562,114,545
0.031196099,0.07322875,0.03535107,-0.009168014,0.038581893,0.026424661,0.016886605,0.029498942,-0.028372299,0.0012670765,0.015700249,0.013337556,-0.009976298,-0.06336345,0.060917784,0.03675767,0.04285603,0.051908955,0.011075049,-0.03830946,-0.028314391,0.0031454526,-0.00841411,-0.049424663,0.029569294,0.014667741,-0.003023758,0.044475496,0.017580299,0.016482066,0.07608055,-0.030447897,-0.08870573,-0.008654671,0.12688714,0.07675787,0.03646278,0.06021604,0.05022928,-0.009064569,0.0019100346,0.049009576,-0.016380731,0.009157845,0.00787873,0.11395238,-0.059388157,0.059329443,0.015747625,0.031260625,0.019157905,0.01518367,0.018643234,0.06825332,-0.027376354,0.0015101396,0.06327858,-0.020486098,0.050679788,0.00393035,0.00087625347,0.00063687563,0.005224373,-0.010598186,-0.08610049,0.054994665,0.025812237,-0.02867845,-0.055105586,-0.011963893,-0.0078057908,-0.03495289,0.033322766,0.021756813,0.035012905,-0.03861301,0.025309173,0.006696744,-0.03738071,-0.041507486,-0.009167477,0.04027454,0.02341829,0.041593365,0.0071984334,0.0020725988,-0.030664694,0.020946607,0.056253303,0.022633377,114,546
-0.042515907,-0.08304391,-0.027300946,-0.06363482,-0.018546622,0.012034342,0.055584885,-0.009062605,0.057273418,-0.030044543,-0.050414894,-0.017136218,-0.053277332,-0.019451374,-0.031376008,-0.07056064,-0.00074307993,0.007583637,-0.016587932,-0.0049869902,0.010895027,0.03561529,0.012666186,0.01916048,0.054636925,0.033032537,0.033495232,-0.035380363,0.035190206,0.0016379263,0.042977262,-0.043857854,-0.03020417,0.037619002,0.06406966,-0.028836947,0.044213388,-0.017895572,0.05776568,-0.02188576,0.0068045,-0.0029741228,-0.07956566,0.001931237,0.005397534,0.03137022,0.0049789194,-0.007173188,0.012154849,-0.061944883,0.020900428,-0.009256434,0.02827755,0.0019762125,-0.0062982123,-0.01760931,0.106657505,-0.03860672,0.053284723,-0.018097177,-0.04292643,0.07942003,0.03231653,0.051573727,-0.05275781,-0.02025475,0.0037965756,0.048351217,-0.044748023,-0.024357494,0.079911344,-0.015155293,0.005766498,-0.0091900155,-0.014436284,0.00062599976,-0.006414108,0.0069730654,0.0053069424,-0.032170694,0.07604119,-0.015615787,0.040995702,0.024273846,-0.012748817,0.02742311,0.060631473,0.06321441,-0.024492268,0.080128305,105,547
0.0012604366,-0.032245062,0.07193236,-0.028429614,0.023380391,0.038021475,0.06938952,-0.049110826,0.018304484,-0.022008305,-0.00781784,0.0039046337,-0.03224334,-0.04082705,-0.07158414,-0.0011549387,-0.09745595,0.025354104,-0.013039197,0.010974102,0.009422895,0.0766104,0.05955904,-0.05859736,0.018126693,0.009143616,0.028342128,-0.049964793,-0.018590095,0.062840044,0.046853274,-0.03624805,0.03063824,0.018267624,0.13760775,0.032154582,0.067790106,0.06799893,0.033867043,0.034333356,0.034355845,-0.0349357,-0.06119085,0.03710769,-0.03418178,0.12396084,0.017635342,-0.022880452,0.008385994,-0.01273699,0.05592579,0.031818956,0.018868895,0.0633722,-0.01631858,-0.008823605,0.13234055,-0.06954238,0.056910023,0.044436954,-0.016446387,0.0062713884,0.06355116,-0.060853656,0.013950322,-0.05118337,-0.02984092,-0.07018999,-0.022982853,0.019371985,0.012267347,0.010605876,0.02014297,-0.025347117,0.03638814,-0.0046508415,0.044612855,-0.04212986,0.06452243,0.04285543,0.037391137,0.050345443,-0.013802191,0.024683448,0.022559248,0.07182679,-0.02737828,-0.0103526795,-0.0055951895,0.061914273,112,548
0.041423045,-0.019680837,0.001617901,-0.028403783,-0.0028641857,-0.009133559,0.0063647195,-0.0011327164,-0.028539648,0.013095243,0.0336511,-0.0044373535,-0.037663355,-0.012134269,0.012922692,-0.052275814,-0.02442205,0.019946303,-0.0073834974,-0.0031753632,-0.01845969,0.023195542,0.019677661,-0.0114592295,0.07028216,0.010704414,0.02139327,-0.041994218,0.011102157,0.027122747,-0.03613071,-0.06641823,-0.025022708,-0.0065838876,0.050836273,-0.020158742,0.012023395,-0.009587929,0.03810922,-0.01773023,0.019886345,0.013558596,-0.024250712,0.043398097,0.012379246,0.06689,-0.04094616,-0.0013185162,-0.039795317,0.01799861,0.0483228,0.047073662,0.019893127,0.02887335,0.074554056,-0.01724248,0.028395656,-0.0856877,0.022399599,0.0011448534,-0.05215511,0.058278453,0.06312217,-0.009859828,0.022042658,-0.032085,0.006939306,-0.021057475,-0.044695456,-0.019853428,-0.010016119,0.033247396,0.00961326,-0.018441815,0.016144084,0.022669636,0.007873336,0.024123054,-0.0018366501,0.02214544,0.044565868,-0.05322293,-0.009472812,0.03659164,0.015877292,0.024620749,0.04899036,0.007667804,-0.025839347,0.030742697,106,549
0.027403742,-0.051672842,0.102006465,0.021733724,0.03895683,0.07244944,-0.0073568933,0.020916704,-0.033693142,0.008683573,0.06821862,-0.007206727,0.011423625,-0.050712872,-0.027676065,-0.05172673,0.008593355,0.023615288,-0.03170456,-0.020998701,-0.0048893094,0.03161984,0.03380061,-0.09278579,0.08489417,-0.003580153,-0.045534678,0.053210262,0.030974682,0.06217936,0.008157536,-0.036479563,-0.087732054,-0.014844032,0.08994028,-0.006451183,0.022020198,0.009540927,0.035170477,-0.0132499,0.02984533,0.015725825,-0.024480272,-0.023081314,0.021547753,0.10530811,-0.06845633,0.030596888,0.00026637828,0.010746452,0.07551213,0.00017788215,0.004905124,0.038789418,0.020634785,-0.03769043,0.08242914,-0.039185513,0.0066601615,0.048803587,-0.021519471,-0.002768062,-0.0019164421,-0.02651788,-0.0713415,-0.071435876,-0.043287024,-0.010691725,-0.0255359,0.018558593,0.0039595347,-0.016328841,0.048606314,0.0361738,0.02080069,-0.063967444,0.01116859,-0.00078096986,0.011921812,0.006264264,0.015462863,-0.0019013733,-0.016204486,0.008346729,0.049138688,0.015257181,0.040072467,-0.023212597,0.026074491,0.06797924,110,550
-0.008674696,0.0056243865,0.045847077,-0.09530142,-0.021442309,0.039544098,0.044910774,0.01586592,0.03481789,-0.0018924354,-0.03281216,-0.010893956,0.0040637515,-0.00076182187,0.01132075,-0.07897147,0.054753173,0.028953563,0.03250562,0.02562666,0.003786685,0.037657615,-0.066188395,-0.021352597,0.1153474,0.046636708,0.057004835,0.04266843,-0.03713028,0.008242632,0.02491549,-0.087282136,-0.06985074,-0.0013749977,-0.031185761,-0.06165944,0.08209737,0.12434304,0.0068290606,-0.023574797,0.0769759,0.026793316,0.020686407,0.07202186,-0.023036184,0.04052048,-0.01073872,0.015249958,0.005745453,-0.0128381485,0.055842176,0.032579668,0.00250547,0.087728046,0.038895063,-0.045701392,-0.03179259,-0.03455957,-0.023758214,-0.014606153,-0.026265804,-0.006571509,0.037162647,-0.025708426,-0.049463004,-0.07495942,0.012981092,-0.0546415,-0.026013117,0.05124369,0.02074007,0.038523935,-0.0004329756,0.015525423,-0.011215286,-0.017333094,0.044056356,-0.032966577,-0.017894287,-0.004879554,-0.0025326563,0.0046476135,0.011200013,0.033384774,0.029204547,-0.004347708,0.08198086,0.049781,-0.04057496,-0.0010570735,106,551
0.0009146454,0.08256609,0.096655816,-0.047777884,0.009233407,0.01910565,-0.015344707,0.027719866,0.028798949,-0.047301304,-0.060332213,-0.000719022,-0.0042020846,0.0022225082,-0.044846024,-0.013643364,0.03758257,0.024087343,0.0102271885,0.025289562,-0.071229964,0.06385465,0.004574377,-0.0020373464,0.077240944,-0.006211752,-0.056579165,-0.06724917,0.053043336,0.009188894,0.01218023,-0.038264845,-0.022559924,0.015810914,0.10581893,0.014861633,0.032284126,0.06344382,0.03440998,-0.016769812,0.053794775,0.07069257,0.029256523,-0.004397042,0.06298943,0.14171529,0.03438234,-0.0022201054,0.023382558,-0.09404738,0.09260686,0.012575947,-0.0062800013,0.053778246,0.0011494332,-0.004352959,0.06791505,-0.062215626,0.0022263136,0.062793046,-0.0032891491,0.034356922,-0.027465682,-0.036030017,-0.05819088,-0.07350089,0.032459997,-0.04509387,-0.023963314,-0.014053389,-0.002961522,-0.020298693,0.003117578,0.008731081,0.03699092,-0.022879902,0.009471134,-0.0013951398,-0.025158998,-0.0019983724,0.039592266,0.09135148,0.002464883,0.025919883,0.029216755,0.052548356,0.037972245,0.006930683,-0.053139023,0.064625256,101,552
-0.014204934,-0.03892888,0.051202457,-0.0051652566,0.063765444,0.05237289,0.020034656,0.0035909326,-0.03051488,-0.028127985,0.022615846,-0.019388946,0.0008875616,-0.07959119,0.017990615,-0.0059952904,0.060067087,-0.03884337,-0.021921959,-0.005809675,-0.037462547,0.01869363,-0.00737158,-0.09217039,0.02913639,0.020587271,0.0545136,0.0021850169,0.027907252,0.044440158,0.019544298,-0.029492468,0.0134065375,0.06791936,0.05759476,-0.006235961,0.045536846,0.0037080608,-0.0037069842,-0.008225646,0.08597514,0.053557556,-0.0072457697,-0.049249627,0.016897105,0.046605337,-0.019707456,0.022850007,0.009064496,0.010883476,0.10111618,-0.0010307729,0.028984943,0.079014465,-0.034541953,-0.05021873,0.062203918,-0.019975986,0.02073842,-0.02417576,-0.005296964,0.049543105,0.018704483,-0.029695887,-0.058529582,-0.045517363,0.018695481,-0.04213696,-0.078528956,0.051688842,0.03175641,0.06148601,0.045470987,0.008679004,0.024883574,-0.0010745139,0.030238435,0.06305052,0.002123909,0.0727726,0.029017005,-0.061667446,0.058526218,-0.023887211,-0.0022296458,0.037289258,0.0056542903,-0.008102746,0.0035961068,0.03731693,106,553
0.034571487,0.03401561,0.028972453,-0.037174743,0.018629689,0.032719795,-0.05034004,-0.0139621785,0.012141673,0.025824472,-0.025498493,0.014940457,-0.0015516356,-0.06562145,-0.029513098,-0.032444976,0.06090199,-0.0040875804,0.00033165282,-0.033372078,0.02226478,0.049263693,0.027959317,-0.061372135,0.054110155,0.011638264,0.02371788,0.036112268,0.033963166,0.03766065,0.015956497,-0.0018661376,-0.015407552,0.015629552,0.052826688,-0.05050654,0.048281983,-0.016720224,-0.027531687,-2.6370399e-06,0.043869168,0.008467907,0.032045543,0.0037062634,0.053649887,0.045943633,0.029860016,-0.039164603,-0.025691837,-0.022266954,0.04654015,0.006962741,0.032914676,0.0019052578,-0.024641477,-0.05144977,0.05387248,-0.061538354,0.010168599,0.024019849,-0.0788357,-0.0072916523,0.014514332,-0.039986134,0.101658165,-0.00788442,0.033576116,-0.015002789,-0.002214495,-0.06227934,0.0646746,-0.020716548,0.0033382215,0.042701825,-0.049387477,-0.039653156,0.07479475,0.042983964,-0.08023365,0.0564382,-0.028068542,0.045767244,0.022622922,0.051444493,0.0009982418,0.044313774,0.01951017,-0.039152894,0.036213346,0.03854749,101,554
0.02127438,-0.02506121,0.0354295,-0.033383798,0.019758008,0.0007638596,-0.00096824206,-0.028649427,-0.0013727348,-0.0017032307,-0.06423077,-0.0030697947,0.004248332,-0.0010935739,-0.036118995,-0.04095639,-0.010136914,0.02950022,-0.042996377,0.027109817,0.029232712,0.012194818,-0.01795928,-0.018503893,0.014704732,0.0009767581,0.011322734,-0.043535285,0.051225692,0.02515382,0.0009018108,-0.04424304,-0.07058273,0.057773948,0.12769574,-0.009318035,0.037120588,0.020447522,-0.017145652,0.033224504,0.05918057,0.033126835,-0.10613089,-0.013666119,-0.03699056,0.056746162,-0.02647967,0.010576237,-0.0047572376,0.023082506,0.041055374,-0.017170083,0.008889713,-0.05044163,-0.046134505,-0.03737947,0.06369466,-0.03815487,0.025007892,0.0009840736,-0.00022356398,0.0010112431,0.02374334,0.025851833,-0.012137254,-0.024815442,0.011882357,-0.035118766,-0.03560837,0.0006814096,0.0043775905,0.06101585,0.06257488,0.0037640198,-0.02227827,-0.007025442,0.044806305,0.06837378,0.031895056,-0.014529549,0.025278257,-0.0019694688,0.050862316,-0.013947537,0.075317115,0.036473233,0.056670427,0.01388807,-0.04397542,0.06427305,114,555
0.004842838,-0.0036650184,0.08015109,-0.01105286,0.015486083,0.05415432,-0.0095083695,-0.003828511,0.0037741493,-0.014472035,0.018940479,-0.017507512,-0.005431026,-0.049130693,-0.052539438,-0.009290981,-0.037908986,-0.030039156,-0.02886159,-0.021870174,0.018180551,0.0019041039,-0.080083065,-0.036688786,0.112022236,0.023412477,0.00419458,-0.020375818,-0.058189303,0.008608696,0.016847694,-0.0006106496,-0.0045126006,0.04293301,-0.0018573925,-0.049090154,0.04446908,0.048835635,0.0050704693,0.01342314,0.068168245,0.07402137,0.03548996,0.010778561,-0.0073031727,0.008097388,-0.0325286,-0.006241007,-0.032375112,0.017427195,0.06315543,-0.01492205,0.020241655,0.06243681,-0.044869155,-0.080701254,0.06374625,-0.083491236,0.019535368,-0.008049492,-0.07543095,0.012137146,0.014185195,-0.028793272,0.036536243,-0.025376897,0.042069063,0.009843573,-0.06380491,0.027394148,0.03192913,0.028837284,0.008817099,0.05213301,-0.018835776,-0.015671257,0.03061428,0.0097174235,0.057136092,0.03116784,0.002903629,0.08189503,0.013815193,0.02184644,0.027291052,0.0072165886,0.0462732,0.035805404,0.032356795,0.031085828,104,556
-0.039362498,0.07881707,0.020481732,-0.09442972,0.059350353,0.07225062,0.0026108343,0.09276442,0.097173445,0.030879632,0.01668744,0.007587246,-0.0014075115,-0.048335373,0.035745595,-0.056773227,0.02864587,0.0752015,0.03293029,-0.033630855,0.024483351,0.07363778,0.07819617,0.0039937124,0.04109351,0.0117879035,-0.03085263,-0.0071080094,-0.0026134923,0.007293931,-0.02581178,0.009863086,-0.016228575,0.05255209,0.10644561,0.008744707,0.084363416,0.027915804,0.01410018,0.00814891,0.11335904,-0.0034050196,-0.014167089,0.063666105,-0.0031527337,0.06728758,-0.022755194,-0.0043252874,-0.0015246939,0.021449089,0.107008144,-0.06112241,0.03033094,0.022152683,0.03531895,-0.0074456595,0.12792528,-0.032173764,0.028098647,-0.0066837044,-0.025358383,0.010792604,0.042375647,0.008478383,-0.047240183,0.00042587705,0.0061755497,-0.063317835,-0.05236457,-0.016608628,-0.015803706,0.0019675042,0.060120314,0.03911068,-0.009203452,-0.030475434,-0.032355443,0.02427833,0.027008422,0.027338183,0.07392406,-0.021581043,0.0355281,0.009346126,0.00792921,-0.0018441044,-0.051733006,0.00060214475,-0.06620929,0.0052776784,106,557
-0.018705249,-0.010200825,0.03703791,-0.019617194,0.02008881,0.030049473,-0.024844134,-0.018946435,0.010698533,0.046664473,-0.05027964,-0.020062119,0.029132552,-0.097524166,0.00043116312,0.016749414,0.03632628,0.008717319,0.037442278,-0.006943059,0.024630122,0.030178381,-0.022585114,-0.06506053,0.06937845,0.033877738,-0.006800022,0.024744235,0.057577744,0.06758468,0.09501211,-0.018330477,-0.062310237,-0.054995403,-0.03293497,0.023780894,0.039354797,-0.024864953,0.0036561359,0.01917978,0.03405295,0.047967963,-0.02953241,0.053903632,0.046176083,-0.007701624,0.015117999,0.009338475,-0.10704713,0.009535193,0.09028194,0.02238799,-0.0056617204,0.009759159,-0.051770747,-0.03948371,0.06835945,-0.007465815,0.0032491982,0.028769163,0.005019864,0.013666697,0.047058,-0.009786729,0.022009192,-0.041731227,-0.045227636,-0.036113393,-0.0916598,0.0046044495,0.040734723,-0.022004126,-0.014420727,0.07471481,-0.07147868,-0.0263183,-0.0005022576,-0.028306425,-0.0904606,-0.0037678545,-0.006519515,0.005522296,0.030974993,0.003370827,0.015594603,0.044726916,0.046981864,0.0137820495,-0.011077979,-0.029932968,109,558
-0.0349085,0.0123172505,0.05611037,-0.06458728,0.022939676,0.00043551624,-0.00322524,0.04713176,0.0059787394,0.04953014,0.02166883,0.03410621,-0.017556349,-0.039709322,0.023400746,0.027663976,0.0040456755,0.006254267,-0.0015584668,-0.042727727,0.017962484,0.0636709,0.039500535,0.02958769,0.056197062,0.045950893,0.011735761,-0.03811967,0.05583176,0.0024961345,0.04067784,-0.030762851,-0.06786947,0.0031851432,0.04998914,0.005090156,0.029815063,0.07056855,0.027385203,-0.034259744,0.045917094,0.10862404,-0.016963478,0.023022238,-0.008042755,0.06006152,-0.008588093,0.04296726,0.01648702,-0.00747566,0.053657077,0.01603782,0.032136854,0.064555995,-0.0048398003,-0.0045781657,0.059523042,-0.07147455,0.032684952,2.0014122e-05,-0.014479568,-0.0077136494,-0.024908822,0.028101392,-0.0074957935,0.006842807,-0.07513128,-0.07439093,-0.063749656,0.032465905,-0.013358001,0.007216544,0.022394147,0.040563717,-0.021542002,0.026001401,0.0495902,0.06810069,0.004945906,-0.0069923187,0.03405021,0.0063275173,0.016837232,0.02330299,0.0075505693,0.10814839,-0.007266734,0.07202809,-0.0033022892,0.0374481,113,559
-0.040190704,-0.07818066,0.08491638,-0.009396426,-0.013555672,0.07680322,-0.007051112,0.012368115,0.026238121,0.014821099,0.004023381,0.019361839,0.00087083876,-0.082564,0.06356307,-0.045744084,0.016844198,0.008922281,-0.004020891,-0.02823463,-0.011308169,0.0335105,-0.013552036,-0.07876364,0.08919121,0.036157366,0.023247126,-0.00038322574,-0.015478944,0.051278815,0.068596005,-0.06588517,-0.020159375,0.05251096,0.11829738,-0.0009527989,0.008544765,0.040582124,0.009327499,0.0363752,0.06861463,0.11977208,-0.002586335,0.031192232,0.03786844,-0.014699243,0.0013266366,0.02290482,0.041574225,-0.02371613,0.01995201,0.039965466,0.04132257,0.03149459,-0.028324533,-0.037066303,0.06573821,0.00971039,6.244704e-05,0.011807647,-0.011681129,-0.006191643,0.035895284,-0.011236057,-0.061274398,-0.024916932,0.04229458,0.00044589862,0.018472612,0.03876232,0.0049838424,0.009829449,0.04501129,0.023467518,-0.020542204,0.015709057,0.036486693,-0.03070132,-0.00071657635,-0.03657305,0.016622266,0.021796174,0.014209998,-0.008755343,0.01638918,0.04527966,-0.0018118396,-0.024364244,0.061613664,0.027310645,101,560
0.023083102,-0.0005355757,0.03097482,-0.009927386,0.026789343,0.04316316,-0.050225414,0.07033737,0.052100964,0.02854646,-0.045306213,0.007079078,-0.004845798,-0.079616204,-0.0018641412,0.00187151,-0.043936465,0.022307865,-0.054660764,-0.000607228,-0.0053417655,0.008917915,0.02597307,-0.055830818,0.045135695,0.028472196,-0.020691726,-0.022690319,0.034819543,0.09655793,0.018792784,-0.08291657,-0.037798207,-0.00025605643,0.033822082,-0.056094643,0.04406843,0.05011659,0.05483539,-0.0033533177,0.051417347,0.031148849,-0.006115254,0.04925212,-0.06092941,0.10221377,-0.048454937,-0.04111445,0.042027175,-0.068904586,0.051203784,0.02214531,-0.011102986,-0.034426287,-0.03205914,-0.05309537,0.045194987,-0.0159724,-0.007376276,0.0322972,-0.0457312,-0.0033592135,0.069959156,-0.00041737407,-0.046881188,-0.031858943,-0.029372197,-0.017273664,0.0034315027,-0.04732504,0.042797163,0.034630906,0.0120828,-0.0019313991,-0.0028778687,-0.0033359383,-0.013802322,-0.014103301,0.009995958,-0.0033057283,0.0036858693,0.009561669,-0.008145401,0.000993453,-0.0049588922,0.012050794,0.005607819,0.00054671057,0.02602666,-0.0005485788,111,561
0.05352161,0.04422701,5.38975e-05,-0.03985846,-0.014057618,0.014957076,-0.0067189685,-0.03392026,-0.034602396,-0.026374152,0.03383953,-0.044106763,0.004198946,-0.033421658,-0.06679258,-0.040512044,0.023892619,0.03140388,0.013355185,0.044545565,0.06526297,0.045369275,0.0028470457,-0.031187523,-0.028724104,0.054413963,-0.010961027,-0.016171109,0.07813456,-0.0009676069,-0.016560862,-0.027291188,-0.062290117,0.035481952,0.12598605,-0.049162686,0.053012744,0.0016776212,0.02162849,-0.012666122,0.13363671,0.08319087,0.014590472,0.0006577056,0.059552107,-0.0061000288,0.005983487,0.024557473,-0.0019426772,0.030819688,0.056656808,0.01098063,-0.0028285878,0.018933352,0.036114242,0.019914106,0.09225088,-0.024004005,-0.0054949895,-0.02164537,-0.036069766,-0.012976069,0.04368296,-0.031672157,0.014505686,-0.022813851,0.01670951,-0.03122188,-0.048429996,0.020642083,-0.016951226,0.046496745,0.027213708,0.02701959,-0.011944715,0.026393253,-0.013420904,0.0636578,-0.022722106,-0.007195472,0.042209305,0.04895034,-0.020372635,-0.025854584,0.026595382,0.07862183,0.021284407,-0.028527692,-0.0071052983,0.06715443,100,562
-0.0035458324,0.038714774,0.057978824,-0.10410194,-0.062656604,0.073736,0.0032658402,-0.036041006,-0.011491621,0.027184136,0.020452984,0.044791225,-0.03061352,-0.001130566,-0.042029317,-0.03466323,0.033291783,0.038822263,-0.013498885,0.0053460114,-0.021127047,-0.032028526,0.011296034,-0.022104504,0.030941222,0.022414226,-0.017279597,-0.048543245,0.1021251,0.023817249,-0.0010074172,-0.040811237,-0.009524785,-0.043320563,-0.0030351505,0.054269847,0.052486796,0.112062186,0.024529405,0.0053879125,0.06778312,0.06204562,-0.021243107,0.023152068,0.026926406,0.0053123794,-0.015769713,0.053094976,-0.019581525,0.035791293,0.05396203,0.006450401,-0.020337416,0.019249098,0.03932611,0.012148239,0.05149222,-0.042892635,0.03078704,0.013009938,0.0012788307,-0.010416921,-0.012267922,0.0070955744,-0.06089321,-0.106077135,0.022565356,-0.045000747,-0.00030150637,0.0003967234,0.068906546,0.0047979085,-0.019535426,0.007399414,-0.015707586,-0.04230398,0.027114853,0.057819895,-0.006921289,-0.02417484,-0.02179914,-0.029803954,-0.034798734,0.013978951,0.015319605,-0.033743434,0.049888413,-0.04895209,-0.0003137486,0.056753047,102,563
0.02540129,-0.0076556583,0.0944856,0.014387604,-0.0041695293,0.039641295,0.016721722,-0.051618252,-0.011835871,0.0011622482,0.017851014,-0.054583576,-0.043639373,-0.09622265,-0.03747723,-0.008268448,0.08049164,0.0025935788,0.0036043897,0.0035337736,-0.015227385,0.030622546,0.012820147,-0.082312986,0.1074741,0.0583286,-0.01796227,-0.0128250355,-0.04745444,0.070217215,0.037422635,-0.085399956,-0.029939342,-0.05925111,0.059726104,0.045291394,0.01033641,0.041140065,-0.025439624,-0.017045464,0.061190475,0.03204905,-0.029074665,-0.009396911,0.084087014,0.052768454,0.032373678,0.025056278,0.009939405,-0.025527358,0.029946243,-0.025575673,-0.052983474,0.011393261,-0.01781936,-0.021151938,0.1086251,-0.024003964,0.05511471,-0.024483591,-0.0068849847,0.004437323,0.060540304,-0.03544366,-0.0016499413,-0.07063998,0.032137245,0.001982296,0.0077397414,-0.045442373,0.038106643,0.03896247,0.05579006,0.04114411,-0.01951035,-0.056623742,0.028796945,0.032501515,-0.032760635,-0.015536416,0.0079370225,0.050271273,-0.045217566,0.04435973,0.058185436,0.036920965,0.010695808,-0.02140915,-0.003872632,0.069046505,112,564
-0.0004681116,0.02118225,0.059126135,-0.05434508,-0.049277835,0.037731048,0.011676974,-0.042515703,0.022291033,-0.09244223,0.028533276,0.011517783,-0.04399044,-0.07660287,0.055708393,0.061318263,-0.07834226,0.042001024,-0.020532563,0.0027778926,0.029097255,0.04340112,0.033733085,0.0039633717,0.022443121,0.029534755,0.00783067,0.029149141,0.04789804,-0.016496655,-0.02188261,-0.051975664,-0.0038201232,-0.023018308,0.04346262,-0.039445076,0.02132362,0.0052041747,0.012566584,0.03817301,0.01668775,-0.0065016747,-0.056559823,0.027452478,0.045568757,0.02552561,-0.0023804754,0.034837767,-0.017906517,-0.0035765953,0.09112099,-0.014271069,-0.026303489,-0.02483881,-0.013357289,-0.07052413,0.10207299,0.022825953,-0.014012575,0.058841556,-0.061004266,-0.04472485,0.0311912,0.019016549,-0.039601803,-0.066425726,-0.008008674,-0.02840432,0.003265977,-0.033328924,0.0046964046,0.06758473,-0.0048047956,0.05997213,0.0013727369,-0.00815773,0.011651326,0.096779786,-0.01866855,0.016367033,0.01786983,0.011898765,-0.0087693725,0.04719328,0.00095560215,0.03243223,0.007491814,-0.022051036,-0.0039310697,0.04351167,101,565
-0.027552733,-0.018760769,0.047630023,0.003963791,0.058170546,0.043747135,0.0029408727,-0.012282163,-0.0038759774,-0.03371562,0.012847669,0.03380205,-0.049779616,-0.07601693,0.05862759,0.0030969726,-0.034778062,0.038614046,0.051672857,0.05690359,0.053745233,-0.007919908,-0.015044982,0.0030626245,0.0768231,-0.046088435,-0.00600134,-0.008425649,0.036246594,0.10715185,0.0066308677,-0.045466818,-0.02725093,-0.013604619,0.017474357,-0.022926787,0.083725944,0.039268583,0.07234733,-0.017141957,0.019462269,0.038355455,-0.014336329,0.03731326,-0.0014156308,0.074816264,-0.0069141276,0.024733473,0.028972818,-0.009607077,0.09448716,-0.007195795,0.033920445,0.058920056,0.014323338,-0.01603306,0.097566105,0.009459399,-0.0048303567,0.035696015,0.01048154,0.028842023,0.0635319,-0.013565673,-0.04870026,-0.035978276,-0.08824922,0.013746552,0.0010498613,-0.042224176,0.023124693,0.050271843,0.029115666,-0.018128205,-0.06889782,-0.0004943763,0.017620116,0.08756614,-0.022847097,0.0053623845,0.034752063,0.034114994,0.023300264,0.015656233,-0.009273216,-0.049356304,0.046992987,0.028989367,0.008100669,-0.0040138476,101,566
0.0029124576,0.014638366,0.026414232,-0.09461887,-0.04022051,0.022230806,0.035158284,-0.0013788338,-0.0026419293,-0.03913887,-0.023901643,0.04997815,-0.03349362,-0.07660198,0.002964364,0.020875284,0.01600535,0.08090022,-0.007970418,-0.00412142,0.032916304,0.026412737,0.027010228,-0.03372189,0.043433275,0.06485618,0.050337,-0.033458978,0.033717714,0.054394227,0.014062745,-0.027087472,-0.0363673,-0.01649218,0.061617456,-0.033417497,0.020730998,0.02748994,0.04622725,0.02199982,0.1306602,0.011365559,-0.064931124,0.04086581,-0.022159869,0.08591929,-0.0065779365,-0.0020218845,0.008646758,-0.022217583,0.06433692,-0.01951241,-0.054125857,0.06366133,0.036888767,-0.0232552,0.043893036,-0.029717494,-0.0066840798,0.03572753,-0.019707128,-0.007863931,0.07405849,0.029123424,-0.047828693,-0.016971149,0.019243794,0.004266277,-0.010318274,-0.033310063,0.053247843,0.0019998963,0.003299592,0.022884376,0.014222501,-0.033996932,-0.022311388,0.057754554,-0.03078017,0.0396951,0.014355251,0.003073242,-0.020037627,0.001509537,0.02554338,0.06655914,0.063812435,0.02419034,0.016442308,0.052611902,114,567
-0.013735156,-0.0040528094,0.07402628,-0.016627556,0.0010489956,0.084189385,-0.022902695,-0.044118635,0.03367416,-0.025263082,-0.0040000803,0.058642045,-0.01879498,-0.053916767,-0.028984915,-0.022256356,0.062247254,-0.00036915578,0.016971646,-0.011068286,0.052825853,0.051420778,-0.0009200536,-0.00043764152,0.030013021,-0.016961453,-0.031798396,-0.009963162,-0.05724097,-0.0088310875,0.02170026,-0.037756488,0.009230278,0.029406324,-0.007389713,-0.046196688,0.015878798,0.052750234,0.07011573,0.010211149,0.085102186,0.07501346,0.042912893,0.08238582,0.014018771,0.063373074,-0.04091713,0.0548852,-0.012268254,-0.015495938,0.0362521,0.039209872,0.030672431,0.04670716,-0.0052906196,0.009548716,0.09858613,-0.031338025,-0.002964491,0.019154442,-0.018148363,-0.007279476,0.08985613,0.010127625,0.05118353,0.0248104,-0.004435947,-0.027304895,0.005612213,0.009542156,0.021040276,0.0411946,0.034266837,-0.02233066,-0.062123705,-0.014229552,-0.0075026695,0.055101693,-0.014240179,0.010374004,0.0011283942,0.032759137,0.0149308685,-0.043962047,0.028948763,0.08249025,0.013370132,0.009389747,0.045746636,0.06858775,101,568
-0.04894234,0.014703184,0.029143725,0.0034299158,0.07228856,0.048628688,-0.030386684,-0.023435283,0.014834984,0.0051940815,-0.0140350405,-0.015941624,-0.019593652,-0.08329718,-0.12493261,-0.0075742034,-0.030705377,-0.0005686674,0.0047751637,-0.0005064802,0.05860462,-0.021011844,0.048254896,-0.050613344,0.05451958,0.030418852,0.014662734,-0.012346867,0.021119857,0.015503357,-0.006521793,-0.008992471,0.012483306,-0.0025900444,0.06396931,-0.021859545,0.018314868,0.038327385,0.053593487,-0.0021272206,0.043774273,-0.071990594,-0.050750583,0.012488715,0.07274283,0.006875664,-0.005161436,0.019215276,-0.050812624,0.012879332,0.07465288,-0.05808456,0.04154666,0.09145387,-0.016951464,0.010834895,0.07025775,-0.019971073,0.0617209,0.0020195534,-0.032393172,-0.0130053125,0.044569656,0.006815775,0.023621056,-0.001871286,0.02536416,-0.009529367,-0.07258801,-0.014516218,0.02466159,-0.034452587,0.022118995,0.012486709,-0.046660356,0.025878739,0.0036004707,0.028070118,0.037566464,0.009745272,-0.017651912,0.02155802,0.062444992,-0.022921456,-0.02684688,0.02093711,0.015232662,0.06673634,0.04283419,0.04225922,114,569
-0.042027514,0.030146433,0.052210324,-0.020128991,-0.028641794,0.014532305,-0.01129193,-0.0025925334,-0.020094369,0.036318723,0.021616768,0.029317392,0.0054558534,-0.078127384,-0.02573106,-0.047565714,0.047762357,-0.011054106,-0.05207635,0.038788516,-0.018093564,0.05189389,0.016595,-0.021142108,0.037916612,0.01449368,0.018388327,-0.020510036,0.05640444,0.035399746,-0.0065760706,-0.030092862,-0.08081484,0.04277626,0.038882125,-0.03172107,0.015967276,0.046990007,0.031128556,0.0048505096,0.07080301,0.08695248,-0.0072799847,-0.007405415,0.03183722,-0.009035092,-0.002327593,-0.008604674,-0.014981469,-0.09506463,0.045259155,0.0016806582,-0.022017179,0.028160565,0.013013399,-0.01907151,0.020914376,0.0028178357,0.04524011,-0.01562671,-0.013123926,-0.026592705,-0.042547286,-0.004070145,-0.0592596,-0.061013497,-0.0052500293,-0.048553325,-0.08113872,0.0030084774,0.018234093,0.039523005,-0.017987221,0.031059105,-0.020563414,0.003078591,0.049632907,0.007559905,0.00634853,-0.015269948,0.057820387,0.010046577,0.023896381,0.0014525566,-0.022182683,0.023354277,0.06564699,-0.032575253,0.036799543,0.038447678,105,570
7.950887e-05,0.08614302,0.06235531,0.005730085,-0.02628795,0.05759339,0.05925352,-0.017030932,-0.01293553,-0.044498675,-0.033405717,-0.047753025,0.0025789514,-0.044437367,-0.020952795,-0.08197086,0.046707675,0.0166471,0.0053630834,-0.01972349,0.059157193,0.016466986,0.029261686,-0.06065903,0.016097605,-0.0013148636,-0.028247032,0.05554076,-0.00090053864,0.03398103,0.004547542,-0.054451473,-0.010159928,0.009728935,-0.010620974,-0.030649206,-0.01826477,0.05633104,-0.041829597,0.0024869547,0.056300767,-0.0664552,-0.032967526,0.06308392,0.043431167,0.06877367,-0.029002707,0.07336521,0.0031392323,-0.01423656,0.04487488,-0.07128979,-0.0041323723,0.0022275597,0.030124273,-0.0009893477,0.070543475,-0.06910058,-0.04282662,0.003599368,-0.032903343,-0.063991934,0.01645004,-0.03622149,-0.060437974,-0.0175532,0.05340751,-0.009759301,0.020259332,0.009254402,-0.012002468,-0.012431233,0.016670752,-0.0017016502,0.02544608,0.00490737,0.010403964,0.014097633,-0.037299555,0.02278959,-0.007341181,-0.010963475,0.048149288,0.040072568,0.010614597,0.054892186,-0.028472077,-0.009372498,-0.018156998,0.06763931,106,571
0.0063896896,-0.013390837,0.055316016,-0.07630916,0.0045497175,0.024989394,0.002708939,0.009025165,0.011906709,-0.068938136,0.027202003,-0.024204385,-0.031271446,-0.03524272,-0.07808739,-0.018928219,-0.030287478,-0.013048185,-0.016644314,-0.01574868,0.0028656758,-0.024306685,-0.022907576,-0.075234234,0.029935969,0.03342871,-0.050376046,0.052506257,0.003618123,0.036784984,0.07478895,-0.06720693,-0.043384604,-0.048206095,0.10349441,-0.043137882,0.08418408,0.0032183882,0.037754558,0.0013659736,0.100252494,-0.01618519,-0.023129268,0.03859502,0.05562437,0.026605472,0.026612576,-0.020406045,0.0045699715,0.04313507,0.07960853,-0.011244489,0.01516363,0.030366339,-0.049275298,-0.09565449,0.11382327,0.016267482,0.06901644,-0.0060769664,-0.02897182,0.05427407,0.011139777,-0.032526813,-0.05229354,-0.00606953,-0.024234265,-0.0041002836,-0.06836702,-0.040147487,0.028917592,-0.023506356,-0.02456636,-0.011722497,-0.07717219,0.03426488,-0.009086221,0.03869714,0.0012173541,-0.007887134,0.013845831,0.037044372,0.059326693,0.006452265,-0.0026071444,0.055169843,0.062796265,-0.055714548,-0.0052445657,0.02483762,102,572
-0.024949614,0.065194815,0.075065434,-0.027492275,0.07204545,0.04977666,0.04777889,0.0069399513,-0.023568984,-0.016345143,0.06682664,-0.019223398,-0.028309457,-0.039105095,0.037895005,-0.027619625,0.01986446,-0.014314702,0.01966989,-0.051213346,0.014740701,0.05952679,0.058279194,-0.0394139,0.007707596,0.019645983,-0.0065696533,-0.00059837685,0.06256882,0.023548707,-0.018665053,-0.014629926,-0.047339145,0.018756771,0.005459685,-0.05993933,0.0009575039,0.07092269,0.046134323,0.023623541,0.055815678,0.01033305,-0.042720318,0.026229724,-0.00972175,0.07752362,-0.035148732,0.07187484,0.038516276,-0.06318947,0.063026264,-0.0176584,-0.008258088,0.059010953,-0.04535783,-0.03112978,0.060238164,-0.049561173,0.050206773,0.046970606,-0.033829104,-0.03805296,0.044033892,0.017497197,-0.027652975,-0.04198916,0.020528529,-0.08203007,-0.041063953,0.024221841,-0.016658355,-0.030754142,0.026480392,0.031719267,-0.032123193,0.044765905,0.031926855,0.047242228,-0.062018283,-0.099577606,0.033222586,0.0009950437,0.017613888,0.043786548,0.03548895,0.019513851,0.018824056,0.035133142,-0.044814896,0.085167244,109,573
-0.042065986,0.012713166,0.018161492,-0.027497988,0.0132468995,0.06416509,-0.02194889,0.08712009,0.025044577,-0.028009526,0.017480128,-0.013016122,0.019468408,-0.048294034,0.02297359,-0.015325356,0.003770682,-0.059694417,0.0137828905,0.02296222,0.053293124,0.03158679,0.031986915,8.08835e-05,0.020073967,0.043756153,-0.0056669214,0.06711835,0.021786798,-0.042611767,0.037232965,-0.09898536,-0.02939719,0.016463296,0.09397545,0.07165751,0.044927247,0.047488004,-0.0033150334,0.005421917,0.03896326,-0.03701448,-0.030781524,0.038078077,0.01844511,0.065895766,0.0108952485,0.032209575,0.04646171,-0.029655222,0.07910602,0.013651289,-0.0037351656,-0.02768798,0.02368937,-0.05558834,0.07665514,0.0010280348,0.08044259,0.046265677,0.016781451,0.012602668,0.035856284,-0.032999545,-0.007045138,-0.030416647,-0.0507768,-0.083814956,-0.0077789184,-0.011789007,-0.039154604,0.019120397,0.045535527,0.010213786,-0.054421112,0.015790187,0.06106192,-0.004573619,0.046784062,0.00755568,0.044978872,0.010665428,-0.029447438,-0.0018165214,0.03987695,0.047925476,0.03804841,0.04456666,0.02232192,0.045803208,109,574
-0.05511107,0.035392344,0.032336656,-0.054639533,-0.0029523,0.054587834,-0.0085919,-0.042806905,-0.0045905076,-0.04202243,0.024484714,-0.0035502426,0.011878261,-0.024400402,0.021701254,0.0021662302,-0.040328674,0.065747395,-0.02152922,-0.03594122,-0.021859832,0.029291747,0.0063095232,-0.0668457,0.005568903,0.048685916,0.0014913231,0.0021068587,-0.019059652,0.04296588,0.043647822,-0.043771937,-0.031511623,0.01957006,0.046357118,-0.020865638,0.06097366,0.042004235,0.046034053,-0.063293874,0.06492169,-0.004230898,-0.0076713488,0.0023305044,0.02703761,0.04160457,-0.029694187,0.061438143,-0.01830689,-0.031358212,0.09246676,0.02633792,-0.01779015,0.11365608,0.02670003,-0.025179204,0.054173604,-0.04754658,0.0304353,-0.029084768,-0.03123967,-0.024074867,-0.03196443,-0.057594124,0.04698133,-0.039616015,0.035903353,0.01098665,-0.029995047,-0.03448507,0.024183517,-0.026104447,-0.049964957,0.02445564,-0.010259654,-0.02606666,0.011855341,0.009422049,-0.039913498,-0.005650855,-0.0033838777,0.011679665,0.04927738,-0.017058263,0.033322677,0.048386138,0.025636746,-0.016523171,0.04058823,0.046464123,107,575
-0.03138389,0.05551175,0.078391746,-0.004376121,0.04246785,0.037463762,0.06629332,-0.045229092,-0.0028321496,-0.034554556,-0.017420352,-0.02984912,-0.0049022846,-0.08684796,-0.054677572,-0.031866796,-0.026645862,0.019582428,-0.007968217,0.019691132,-0.009087311,0.03935162,0.012254831,-0.049355738,0.03274166,-0.030461894,-0.06539957,-0.030526202,0.035553448,-0.026692819,0.049188223,-0.048008606,-0.008555407,-0.0043575196,0.07443374,-0.0059038023,0.016595745,0.049961556,-0.005928276,-0.029058998,0.01990153,-0.0013010595,-0.025862223,0.035890456,0.040915754,0.02871325,0.024205443,0.015781293,0.039109275,0.005092006,0.016116098,-0.019985579,-0.007882806,0.010771353,-0.018925339,-0.010767028,0.05342072,0.005174458,0.060065333,0.012505189,0.0034914743,-0.049711924,-0.007854003,-0.017164446,-0.050893452,0.046869338,-0.00038380548,-0.04023638,-0.048660055,0.018615713,-0.017570842,0.01496671,-0.020446,0.017327406,-0.07059905,-0.027639508,0.011746352,0.035254903,-0.0050471453,-0.01850427,0.042908777,0.01646887,0.04090992,0.034070127,0.027271513,0.035619434,-0.03485493,-0.015255236,0.053361002,0.053870156,114,576
-0.04591908,-0.016013697,0.124376394,-0.0034010466,0.03589925,0.06519225,0.037848942,-0.008365326,0.02985042,-0.020253107,0.0017576779,-0.025750553,-0.07874981,-0.019810852,0.02812186,-0.024729647,0.023334395,0.05253356,-0.011608058,-0.024130717,-0.00046366546,0.07519227,-0.0002151262,-0.009667801,-0.0067155994,0.049358696,-0.019776521,0.067447975,0.03653209,0.026956618,0.022289991,-0.025248375,-0.021381985,0.026180226,0.04340137,-0.0070799417,0.019130418,0.029744178,-0.009804079,-0.011089338,0.05005389,0.0048514493,0.00507294,0.015069095,-0.016472591,0.080937386,-0.0114871105,-0.008877952,0.04271689,-0.046021134,-0.005267255,-0.0023599574,-0.024975989,-0.026027566,-0.0067494977,-0.03325306,0.10966405,-0.12484078,-0.0005074851,0.02460172,0.04779979,-0.012190346,0.004634248,-0.020060785,-0.010139688,0.027237963,0.061646607,-0.007058393,-0.051061958,0.038593777,0.012456749,0.04776735,-0.02486694,0.07816049,0.018446457,0.07902652,0.034783743,0.02309535,0.036110878,0.043030243,-0.028394245,0.027090997,0.07524948,0.0055272337,-0.0019528847,-0.020238465,0.05618731,-0.021270886,-0.013777549,0.02663733,104,577
-0.00086683175,-0.0009177844,0.069067776,-0.055159625,-0.0011680312,0.05136776,0.030462008,0.030030381,-0.04784845,-0.040980138,0.033629093,-0.0032009631,-0.070570454,-0.03860259,-0.055252634,-0.011299569,-0.04089162,0.04152806,0.051899888,0.042867836,-0.023987683,0.05892566,-0.0013608355,-0.07045744,0.079371005,0.05525428,0.009040811,0.05558779,0.011264444,0.054594856,0.053393148,-0.0383769,-0.0542194,0.00094916555,0.053138696,0.0038941791,0.03206898,0.028387895,0.052530304,-0.0067187403,0.08153331,0.035145476,-0.05367209,-0.0033328254,0.019781042,0.048331633,-0.005692658,-0.057453007,-0.010182978,-0.040307313,0.004622385,0.009297267,0.04321248,0.030715516,0.034798376,-0.009721823,0.03402177,0.017503493,0.026814435,0.06601508,-0.038685337,-0.02623067,0.022559935,0.0014763125,-0.04328564,-0.012278243,-0.011142729,-0.00016783737,-0.02127813,-0.017185768,0.07461883,0.030135086,0.015548063,-0.020721532,-0.013019913,0.073760785,-0.001517362,0.056049645,-0.004076223,-0.03769783,0.023913067,0.022585323,0.037066866,-0.046180457,0.040293872,-0.0018171258,0.050053142,0.01946053,0.015219254,0.08941096,112,578
-0.038870372,0.06159188,0.034627147,-0.04144125,0.040577162,0.0078250505,0.04411152,0.007604982,0.04196596,0.0015133889,-0.022879537,0.016785685,-0.0027487408,0.007160984,-0.09113451,-0.027085595,-0.055842385,0.051180165,-0.003090837,0.08633857,0.0810684,0.06904949,0.05121605,-0.008340292,0.04309622,0.01522881,-0.02907345,0.021310149,0.06392516,0.05660367,0.019912397,-0.01755877,-0.049884897,0.010954108,0.069216244,0.044162877,0.08328523,0.010648508,0.0032606646,-0.00051229494,0.066635214,0.044614855,-0.0074406434,0.0027875789,0.075843304,0.06276334,0.035729177,-0.037283234,0.037032865,-0.059003063,0.036387824,-0.007195779,0.017511439,0.043645974,0.003790754,-0.025658727,0.02211935,-0.034346238,0.026967555,0.020902514,0.011176022,0.06498249,-0.04324789,0.040779114,0.0489193,-0.008711966,0.007804673,-0.041972484,-0.040892713,0.0045974245,0.02076284,-0.001164695,-0.012649275,0.014103202,-0.050181553,-0.011004702,-0.060274273,-0.011561349,0.022345966,-0.0102187,0.013129401,0.0047370093,0.008650186,0.00067013735,-0.016146494,0.03806272,0.023917444,-0.013046064,-0.008226431,0.060232922,110,579
0.031330284,-0.027529472,-0.0014009327,-0.057859577,0.12007889,0.020719793,0.0010123951,0.029410262,-0.016020028,-0.0014094347,-0.03741821,0.0011432129,0.018660754,-0.09574722,0.012278998,0.008483348,0.0044368263,-0.009551991,-0.019949943,-0.017715462,0.0062666526,0.028296947,-0.0010154936,-0.06962568,0.064721316,0.078684814,-0.002723223,0.03747095,0.004580872,0.003263738,0.04560238,-0.040782362,-0.055881515,-0.004726114,0.08024342,0.004607553,0.02036848,0.025259558,0.027745135,0.022544652,0.03280554,0.026628982,0.003127765,0.038215995,0.012365035,0.0696839,-0.012106931,0.03611274,-0.050593227,0.026298717,0.026259325,-0.029703733,-0.010057878,0.050901756,0.0051904935,-0.039311886,0.06732254,0.0009522587,-0.011532884,-0.025357854,-0.033875518,-0.022597343,0.044787038,-0.023578852,-0.05610043,0.008528676,0.03591381,0.010045294,-0.052040674,0.06990443,0.04941769,0.040826377,0.020933138,-0.009793908,-0.047733698,0.0112264985,-0.003449697,-0.036926333,0.043465137,0.029499954,0.05962671,0.009978702,0.009949843,-0.022569152,-0.009589594,0.032975502,0.082403295,-0.057361998,0.050576877,0.032470543,106,580
-0.050057758,0.015936349,0.07043749,-0.064038575,-0.029536482,0.07699695,-0.02134218,-0.008233273,0.000102289836,0.0038329898,-0.023160944,-0.00783497,-0.012907091,-0.0590253,0.034802042,-0.009702648,0.0014286656,0.030588016,-0.039071508,0.055118714,0.0028249691,0.04768467,-0.017349055,-0.05077119,0.06261425,0.06378192,0.048174165,0.041210428,0.005305169,0.032310463,0.05652987,-0.002716465,-0.06923895,-0.007639159,0.022856906,0.029986702,0.017873725,0.0020950958,-0.0025908519,-0.007221886,0.051916607,0.05482579,-0.0469917,0.07598725,0.060025945,0.027350577,0.02601323,0.03145869,0.022243327,-0.027863353,0.06571117,-0.005888367,0.017794065,-0.03141558,0.005928035,0.03036102,0.12380139,-0.043794926,0.017672662,-0.03921501,0.017650766,-0.020516355,0.035720248,-0.01132294,-0.015059633,-0.034527335,-0.0025533363,-0.041906707,-0.025704075,0.03800682,0.0071579106,-0.023726275,0.03703793,0.03804071,0.027015192,-0.01908109,0.04605952,0.07657384,-0.019310907,0.018892555,0.05493928,-0.021096077,0.09424492,-0.017352412,-0.013409758,0.049247544,0.0061408263,0.04697007,-0.024563827,0.04511229,110,581
-0.03173164,-0.0841288,0.037627093,-0.005445607,-0.001015001,0.029807994,0.0030555516,0.015295277,0.0043964162,0.023514941,-0.03412168,-0.02634279,-0.05581112,-0.05126056,-0.03986596,-0.040781602,0.07290141,-0.010952814,-0.019871224,0.046654508,-0.03095743,0.04398162,0.050592504,-0.044507645,0.038485236,0.030270578,-0.014660014,-0.0049668783,0.004291404,0.023331873,-0.027330257,-0.04603781,0.0028253682,-0.05289143,0.083402336,0.02480085,0.06991059,0.035083074,-0.015752211,0.04711633,0.037312686,-0.043454763,0.0053534135,0.016555434,0.045161754,0.076410994,0.01640741,0.075822465,-0.008399577,0.023493309,0.027115855,-0.018342812,-0.0045507723,0.017729688,-0.0015671551,-0.0068300907,0.04274925,-0.07914385,-0.0068516806,0.0009631687,-0.088547245,0.024575278,0.046018835,-0.007423545,-0.09882945,0.005967103,0.004679108,-0.002100991,-0.033592198,-0.041474007,0.0046799164,-0.02285539,0.027336357,-0.027847297,0.016350485,0.012278841,-0.022750942,0.056402437,-0.043868013,0.04138002,0.03894944,0.030945228,0.042535983,0.00012584869,0.029369257,0.05482664,0.0047028065,-0.002157908,0.04504672,0.04852104,103,582
-0.033865403,0.08477154,-0.030119851,-0.09599902,0.051824667,0.08202461,-0.011184331,0.006386161,0.006272826,-0.031192992,0.019774735,0.048109703,0.003216492,-0.032058958,-0.03967897,-0.040798023,0.025718324,-0.003656052,-0.010203199,0.0072642006,0.0010215022,0.038575385,0.05045872,-0.086255714,0.0153817665,0.05606482,-0.0024979496,-0.038247548,-0.028935732,0.03541962,0.055317488,-0.057180166,-0.020897638,0.018699905,0.043249648,-0.018983964,0.09272255,0.022479014,0.012819497,-0.02545286,0.05253225,-0.025451828,-0.05894959,0.016157392,0.06539915,-0.0064170808,0.014424864,-0.046056062,0.024412468,0.022306826,0.06151473,0.047128487,-0.065291636,0.03791803,0.050278448,-0.019569084,0.10527974,-0.031857405,0.034340844,0.0090526,0.009679193,0.019974342,-0.00053985557,0.016085658,-0.031807333,-0.02466378,0.035603,-0.014229343,-0.05654151,-0.027468123,0.09363507,-0.03917561,0.022430658,0.03140407,0.019566655,-0.012435217,0.014566569,0.10812889,-0.0074870326,-0.016522815,-0.0025453297,-0.00079762563,0.038838826,-0.06965514,0.006771003,-0.036807843,0.04377189,0.052436423,-0.042898,-0.0060019493,107,583
-0.026122851,-0.0154867545,0.021853551,-0.06588326,-0.019393306,0.015034949,-0.0016763988,-1.325272e-06,-0.0036996985,-0.06451491,-0.008547727,0.024352716,-0.011506554,-0.03196646,0.10237066,0.001256146,-0.04412253,0.01233148,-0.0140279755,0.006791507,0.06812497,0.046651013,-0.0021202657,-0.00086911954,0.016676696,0.022990402,0.004191139,0.0069279256,-0.0021977276,0.034174543,0.056053944,-0.033470586,-0.0027830657,-0.044690542,0.06590915,-0.005145856,0.116676584,0.007829348,0.0048232097,-0.0047797887,0.08856659,0.028325347,-0.053447656,0.006000893,0.051772892,0.12541741,0.044263802,-0.049041882,0.033775948,-0.012710171,0.079646364,-0.0018226006,-0.00093287975,0.012448156,0.06655656,-0.09518186,0.09300383,-0.0058891363,0.013958912,0.014694542,0.009864217,0.01589965,0.04907579,-0.0025079586,0.036362335,-0.08502784,0.01039368,-0.057968963,0.0033639725,0.051509008,0.01932073,-0.013280373,-0.059609026,0.04830244,-0.021582488,0.006906529,0.0040894,-0.009224653,0.010876585,0.060496554,0.062003095,-0.013025882,0.048379086,0.0125349285,-0.009667372,-0.037574537,0.050861478,0.039317865,0.009256111,0.02585422,114,584
0.028101139,-0.018187797,0.03446576,-0.048892554,0.0145909805,0.04557433,-0.04058628,0.04633247,-0.025195574,-0.024905374,0.015299279,0.014999168,0.030850004,-0.038154855,-0.023282666,-0.004115334,0.049457856,0.04294218,0.008424096,-0.015512829,0.024785621,0.00755815,-0.0023751426,-0.05186204,-0.008572619,0.04676766,-0.027302356,-0.003035387,-0.037990816,0.010499803,0.03308569,-0.011459552,-0.12194637,0.0014991132,0.023111898,0.0019222526,0.021218682,0.03693633,0.049419966,-0.008450436,0.046362683,0.012734868,-0.053771928,0.063578606,0.0006403178,-0.02747918,-0.02221406,-0.020155981,-0.016409613,0.0016339617,0.07562654,-0.023146378,-0.027496152,-0.022149334,0.022623468,-0.020096684,0.055248603,-0.0603804,0.087231666,0.011411876,-0.04096203,0.009542827,-0.0081324475,-0.032726023,-0.0061883694,-0.061602026,0.07366973,-0.004746739,-0.022124402,0.014947813,0.010110401,-0.059156835,-0.09494639,0.021714488,-0.004707561,0.02924136,0.032447822,0.0698261,0.00545419,-0.013699051,0.0009924993,-0.025366079,0.024342043,0.002431525,0.02565554,0.014261225,0.020015933,0.011304864,-0.00970207,0.030158158,102,585
-0.05815874,0.059507124,0.048472144,-0.007807145,0.004314889,0.017323516,0.02995226,0.0059290165,0.010978968,0.0005196417,0.021831207,0.041927084,-0.04076072,-0.036771066,-0.029501922,-0.052842453,-0.022205355,-0.013270183,0.019004844,-0.023943147,-0.02280393,0.04971605,-0.039831415,-0.050009415,0.08412081,0.040070858,0.01045671,-0.045711506,0.009734272,-0.06567711,0.021469614,0.0062429346,-0.09462783,-0.06800359,0.07415305,-0.03304875,0.08597851,0.018058999,-0.014511079,-0.026178561,0.0900101,-0.022094507,-0.05677783,0.08707973,0.083165154,0.01495168,-0.029866073,-0.025256248,-0.07090364,-0.005906216,0.078315966,-0.06404966,0.00029463554,0.0022916663,0.002027491,0.011712365,0.11119204,-0.12436314,0.023218825,0.0022061234,-0.06150467,0.026683226,0.0027127,-0.013518581,-0.05652075,-0.11110732,0.06513892,-0.046658635,-0.06460602,0.014221271,0.007192392,0.033545315,0.018136546,0.07646153,0.036324427,-0.0015956545,0.028879095,0.061305583,-0.009404518,0.016491951,0.010066003,-0.027505185,0.0069775544,-0.04681563,0.06531061,0.0207742,0.068332285,0.01753759,-0.028261773,0.07897684,108,586
0.013215774,0.027689895,-0.01346622,-0.096064985,-0.0042668777,0.052601777,-0.02581775,-0.022933241,0.05494781,-0.06608051,0.055291273,-0.018042443,-0.035700247,-0.010859678,0.027848532,-0.075583726,0.05180697,0.0117779225,-0.05711791,0.010833241,-0.014970215,0.013149061,0.016131552,-0.025078777,0.027496537,0.03019418,-0.00051724445,0.021501046,-0.0031976253,-0.010269599,0.025471535,-0.017227655,-0.058684736,0.0022405293,-0.012232088,0.020071428,0.05824814,-0.0041573346,0.0075197564,-0.020297894,0.045825083,-0.0012137741,-0.04259815,0.009524859,0.05003441,0.11919595,0.0142405145,0.0609589,0.03460995,-0.011634485,0.044471543,-0.027999537,0.02793118,-0.019907841,0.02829089,-0.054355435,0.061857227,-0.11175586,0.027861677,0.015565705,-0.043108895,0.055640552,0.004337401,0.03093043,-0.03857012,-0.14222486,-0.020816337,-0.014821809,0.01321885,0.02741249,0.055881564,0.004100185,0.04265395,0.032615125,0.039325513,0.05067036,0.040097103,-0.0011543892,-0.024241585,-0.012733176,0.0033538518,0.019845692,0.0621501,0.009680588,0.018325672,0.06278069,0.046962038,0.06070603,0.0032328393,0.04776157,113,587
0.008187394,0.047817,0.051869232,-0.10035137,-0.01117485,0.055666372,0.0018920726,0.012530158,-0.0032712752,-0.07020784,-0.039038032,-0.038280573,-0.06291522,-0.04021342,-0.014939987,-0.03926713,0.14419611,-0.04246901,0.031722352,0.0455295,0.0013794852,0.0330608,-0.009619253,-0.038113303,0.107977584,0.041218154,-0.02758301,0.0395669,0.08064455,0.042057395,0.07662271,0.019822314,-0.013850527,-0.027505456,0.107454,0.03329029,0.014881609,0.00091809407,0.0014510974,-0.02219066,0.07895963,0.0040085614,-0.052187398,0.038202375,0.029582743,0.06429238,-0.02725909,0.008222492,-0.05947467,-0.016663613,0.10723286,0.025211668,0.030913766,0.0786862,-0.00521129,-0.0329821,0.038621504,-0.044444036,0.024285225,-0.04097895,-0.042365514,0.032077685,0.038383875,-0.031126931,-0.06471287,-0.02040716,0.07917499,-0.039428703,0.0074664652,0.035759266,0.060499173,-0.06814461,-0.054837454,0.055597924,-0.032019768,-0.034464452,0.017533265,0.002195295,-0.066439465,-0.045433037,-0.03092743,0.03340639,0.051415592,0.01346547,0.050476078,0.015656725,0.042333435,0.07540206,0.046007242,0.052050777,102,588
-0.006621314,0.0357857,-0.018385872,-0.063002996,-0.037749,0.039853387,-0.03389465,0.0028422892,-0.0024993531,-0.035750635,-0.026459295,0.014863774,-0.021684036,-0.09115708,0.062947586,-0.019687098,-0.045394268,-0.0032068733,0.03674464,0.06253317,0.0127754845,0.070910394,0.07543566,0.027156007,0.05736424,0.020505222,0.019537244,0.015266161,0.063523285,0.07331673,0.04091543,-0.021444391,-0.051575582,-0.03201278,0.11418199,0.046144646,-0.009932678,0.008384453,0.052885067,0.0037430516,0.079536155,0.022922821,-0.01517674,0.036382228,0.09319168,0.075495586,0.004939083,0.007549461,0.02079308,-0.031657618,0.12636513,0.075121395,-0.0072788466,0.021390468,0.018537022,-0.0401029,0.048086874,-0.044863738,0.035950426,0.010037021,-0.057970315,-0.030963529,0.06145968,-0.030070007,0.01958158,-0.048700348,-0.0150038935,-0.060507856,-0.054725327,0.014953221,0.048575144,0.02898387,-0.0007558465,0.016030006,-0.0015846388,-0.03097561,0.02689172,-0.01305712,-0.019121436,0.057199724,0.00070716627,0.023359463,0.023387985,0.07410428,-0.003487276,0.018502705,0.0517868,0.039220944,-0.005565242,0.042595565,101,589
0.01904593,-0.0044561587,0.05090004,-0.044862438,-0.007905614,0.017908685,0.04958749,0.024571069,-0.0034008762,0.00030757394,-0.028916616,-0.020879995,0.023353577,-0.06353486,-0.050227888,-0.013136246,-0.018718317,0.012541562,-0.014966703,0.07944715,0.02545445,0.019526798,0.0386895,-0.024445292,0.070946604,0.031337816,-0.011154063,-0.018642496,-0.008869709,-0.0012105498,0.026565082,-0.047046863,-0.00026636943,0.005558986,0.086239375,0.0017641699,0.046709172,0.07302205,0.032149598,-0.04573373,0.032608274,0.020788435,-0.049026713,0.034817245,0.050112665,0.097183555,-0.004364208,0.07570122,0.0065326085,0.03221428,0.07842293,0.0068939556,0.0101396805,0.030804237,-0.011010429,-0.0093276445,0.07034191,0.007868096,0.028716944,0.018290374,-0.037256118,0.06949729,-0.0014978154,-0.037063986,0.041520856,-0.05292678,0.043384906,-0.047344226,-0.07466805,0.012258094,0.01027152,-0.03029279,0.036023483,0.06840058,-0.011170562,-0.03568232,0.043289095,0.036402192,-0.0959011,-0.0001715743,0.030609354,0.05473829,0.003067335,0.038268745,0.037211366,0.10453148,0.033331,0.014125484,-0.03165076,0.0597703,102,590
-0.036350466,-0.003532834,0.1073975,-0.035568163,0.00828106,0.042834107,0.005684384,0.049441345,0.017705906,-0.0074337083,0.001900082,-0.007962209,-0.055994235,-0.028678227,-0.04384139,0.00047136005,-0.043850422,0.08003175,0.031575523,-0.020713914,-0.028698863,-0.0137175545,0.039258495,0.0026925467,-0.00657003,0.016549677,-0.005562447,0.027879968,-0.003693074,0.09081377,0.012476556,-0.042479873,0.03718694,0.06359467,0.084835224,-0.010156069,0.08276287,0.061216492,-0.023695953,-0.05005487,0.05311428,0.07627188,-0.009758214,0.028399441,-0.03923837,0.0589339,-0.008397885,-0.014567979,-0.024958845,-0.07645208,0.060271434,0.015908293,0.024997706,0.011689506,0.038369827,-0.07862478,0.08518323,-0.063187085,0.08938435,0.0122289825,-0.027839348,0.04248735,0.09772857,-0.04059348,-0.018195292,-0.021566615,-0.032523107,-0.015585221,0.047996275,0.03961592,0.021804264,-0.019420935,0.0071132574,0.013835615,0.026997901,-0.012273181,0.023113161,-0.06669743,-0.03992334,-0.0051627606,-0.0050130095,0.009804746,0.03521001,0.04546985,0.025138369,0.103654794,0.022450646,-0.012487969,0.025828104,0.040813133,109,591
-0.035476655,0.06239271,0.06117148,-0.001453545,0.0093243485,0.102045715,-0.029499816,-0.027005386,0.00432423,-0.030466016,0.0045254417,0.041750964,0.0047883745,-0.06507761,0.0489928,-0.0053884704,-0.039729,-0.024901731,-0.01021714,-0.023458928,-0.0075047864,0.014925344,-0.012255006,0.0027379636,0.062731296,0.049002208,0.019432588,-0.0030704616,-0.018354142,-0.01015088,0.041874964,-0.011429435,-0.09461267,0.01432291,0.04934163,-0.025194801,0.07131852,0.018501148,-0.028282858,0.003294631,0.08140717,0.008016195,-0.023690308,0.028752279,0.029374022,-0.021381017,-0.004501953,0.019797612,0.00601044,0.05169906,0.031730313,0.017686006,0.018841123,0.07146981,0.04886423,-0.04301379,0.063948385,-0.025348522,0.026033327,-0.0026631728,-0.02699259,0.0067593427,0.021772737,-0.070075765,0.007981885,-0.015889475,0.02241239,-0.03202141,-0.04470074,0.054188013,0.02536014,0.04292594,0.04756681,0.023775972,0.0009902321,-0.04254506,0.024084853,0.042559706,-0.03007241,0.07227702,0.0353788,0.044953227,-0.009086611,-0.007909257,0.0017954689,0.036322623,0.03698591,0.06551114,0.0063482863,0.0036194362,103,592
0.040539015,-0.007573914,0.0030520447,-0.03073273,0.014374874,0.044789992,0.05725283,0.00079606345,0.0001386581,-0.060216814,-0.032431632,0.08283952,-0.061300404,-0.019980894,0.0404534,0.013544636,0.009054109,0.021546135,0.020261984,-0.020736646,-0.07541851,0.0041430183,0.037284635,0.022476215,0.068743505,-0.019182926,0.018823773,-0.043122277,-0.003231082,0.10661602,0.07093709,-0.025121327,-0.007822739,0.015297132,0.08377403,-0.07149054,-0.010333773,0.061196618,-0.0126958415,-0.04255752,0.106390655,0.07283509,0.0124758035,-0.0020755678,0.024896963,0.07003111,-0.00065700756,-0.031009005,0.028657844,-0.021186799,0.08980787,-0.009476781,0.030765224,0.0141540095,0.0052473955,-0.008843098,0.05519384,0.005773589,0.051694423,0.0027751233,-0.045797206,0.022573717,0.004672234,0.026935952,-0.03785454,-0.01614901,-0.025180288,-0.09581429,-0.057318423,-0.02731999,-0.020471182,0.06562842,0.031488888,0.05038255,-0.04264755,-0.04811693,0.06503046,0.045606375,-0.009511811,0.067955285,0.00056391954,0.01703095,0.03431078,0.03256055,0.008068351,0.028067105,0.038381897,-0.024900213,-0.074477926,0.041757047,106,593
-0.027639719,-0.01397394,0.00905145,-0.029866576,0.01271393,0.031770974,0.027525399,-0.0013086994,0.0027806489,-0.051088657,-0.022172451,0.028276233,-0.027837299,-0.05718881,-0.016327243,-0.018532928,-0.0031375783,0.010958724,-0.0017776615,-0.03406844,0.053261004,0.06740609,-0.030115219,-0.030751854,0.020093586,0.012436371,-0.036866218,0.01828995,-0.0058678053,0.045370236,-0.010904519,-0.0039947815,-0.034839895,-0.02074847,0.053458937,0.073214196,-0.010723896,-0.018229201,0.02316393,-0.034370422,0.025692828,0.037843402,0.0055394117,0.046991024,0.03588419,0.05699651,-0.0092674,0.017431676,0.025431432,-0.018299023,0.07240285,0.025912868,-0.06806264,0.016872978,0.062064346,-0.04578708,0.10398233,-0.01886186,0.040209167,0.11166619,-0.04413942,0.041200474,-0.00028729672,-0.003175419,0.020100046,-0.03836507,0.01731592,0.01696409,0.055509493,0.04439961,0.025792625,-0.020354144,0.06470949,0.011767129,-0.0027121438,0.033187307,0.032370754,-0.0007785708,-0.012151256,-0.0030548507,0.01296766,0.051790714,0.013745005,-0.01598585,0.065791585,0.07327299,0.014352385,0.009424949,-0.01412312,0.06324708,100,594
-0.011650819,0.022169013,0.022406869,-0.054903165,-0.05205138,0.047350626,0.009481535,0.016811125,-0.0018753391,0.04874304,0.008260071,-0.011244924,-0.012689075,-0.007415071,0.01322161,-0.057131518,-0.07013314,-0.01503568,0.015879897,-0.057519432,0.05062391,0.0697404,-0.002837589,-0.047063172,0.0029385723,0.016965676,0.058374327,-0.022264961,0.09124287,0.07665895,-0.015105601,-0.019783054,0.004994452,-0.016780525,0.052166615,-0.015175423,0.003844533,0.059966113,0.011703538,-0.009482879,0.085006565,0.02796369,-0.02976142,0.042752538,0.011461945,0.06686864,-0.0065617776,0.053528085,-0.021998532,-0.029349003,-0.04485748,-0.06580642,0.06187837,0.05210153,0.0050770724,-0.15587644,0.058273017,-0.05232169,0.08052924,0.0071156593,-0.07045066,0.031322293,0.017283168,0.012393667,0.0008624019,-0.076656744,0.0674705,-0.072380275,-0.08281175,0.016411778,-0.00925383,0.0111307055,0.0710631,0.020165348,0.044450194,0.020658478,-0.003345143,-0.028556839,0.04750697,-0.0411654,0.037312396,0.041348815,0.034732353,0.003441304,0.025509708,0.015879866,0.003204327,0.045670018,0.05924359,0.004259359,109,595
-0.021282937,-0.026559563,0.051982954,0.005972527,-0.044313297,0.08511634,-0.017224489,0.025025837,0.021005621,0.04765035,-0.053936888,-0.010444375,-0.07703932,-0.012771916,-0.025856214,0.0036991932,0.029779278,0.029451992,0.041467544,-0.015458469,0.022032022,0.035871968,0.06056331,-0.08153875,0.034018796,-0.042297572,-0.012331717,-0.0054686097,0.0016238205,0.020221282,0.0057462305,0.02751587,-0.08258158,0.036294196,0.0975364,0.001359873,0.03466571,0.012595443,0.02551526,-0.0029545573,0.04733478,-0.020720907,0.008756626,0.023330828,0.044105686,0.053078696,-0.06010077,0.0073362957,-0.0026116828,-0.021214534,0.04663507,0.024824701,-0.023867546,0.048055016,0.016445266,-0.06052848,0.07853757,-0.058993906,-0.014118925,0.01908498,-0.007986128,0.039959297,0.06153548,0.017889954,-0.04144929,-0.020009711,-0.020216215,-0.016806306,-0.058194026,0.0013393178,0.017787939,0.015339523,0.04711761,0.01913459,0.015215958,0.029423662,0.044383347,0.10432198,0.020661555,-0.07646583,0.018226495,0.012126529,0.00014349818,0.04276842,0.05178248,0.044702068,0.026361894,-0.021792348,0.01873849,0.03296448,114,596
0.013933635,0.047794648,0.05747328,-0.018806197,0.039044764,0.047859147,0.018827792,-0.03285911,0.01059787,-0.026823534,-0.056020517,0.007894554,-0.0017715711,-0.044588674,-0.02678807,-0.020315014,0.024628367,0.034593105,0.010122769,0.010370647,0.047776073,0.0020154621,0.05036121,-0.02258651,0.0102071725,0.007624235,-0.09791081,-0.00952384,0.14112891,0.047157947,0.044109438,-0.04682838,-0.09961129,0.06082241,0.025945531,0.025342066,0.0054061487,0.07320954,0.06914167,-0.028022498,0.05812947,0.08484492,-0.028445726,0.04985421,0.01717081,-0.013499204,-0.04668453,0.015369965,0.009041866,0.010871961,0.07999789,-0.0076897447,-0.047502417,-0.011384254,-0.047433536,0.03443393,0.060940865,-0.02937809,0.060681447,-0.0054846937,-0.024576202,-0.068072274,-0.0007956475,-0.028834684,0.033125337,0.006154593,0.08708109,-0.014154132,-0.025714725,0.07343577,0.055415988,-0.01515976,-0.015946683,0.06844506,0.015924847,0.018986411,0.05079955,0.0066218525,0.0067434795,-0.01532213,-0.024093855,0.024264062,0.034241352,0.03651277,0.028160946,0.03755144,0.0010819603,0.031727128,0.017248925,0.014375124,105,597
0.04598904,0.044938125,0.03592155,-0.029100852,-0.0093513355,0.09640889,-0.00241106,0.01972285,-0.008379845,-0.037697077,0.0033973465,0.023696799,-0.041185305,-0.060670838,0.0012488309,0.027222287,-0.08065731,0.049383074,-0.0074806083,-0.028797917,-0.008156867,0.033841673,0.0007170886,-0.00374032,0.03417946,0.037829198,0.001560986,0.017930161,0.0033998191,0.029474609,0.057787865,-0.061474666,0.023932554,-0.056930695,0.1031767,0.025409307,0.059342824,0.0015311968,-0.077547446,-0.0013586218,0.08627944,0.050224703,-0.03525693,-0.023208559,0.024614807,0.061580785,-0.03039735,-0.055889904,0.07543581,-0.015041639,0.051308617,-0.015609015,-0.033506602,0.06678951,-0.042777393,-0.05933881,0.07671689,-0.017798033,0.0760877,0.058042098,-0.022199633,0.032906156,0.006316974,-0.002691375,-0.0058511603,0.016280152,0.03419403,-0.01696638,-0.03923084,-0.04130065,-0.007972237,-0.015083419,-0.018108802,-0.040355623,0.036158703,0.033900548,0.011373775,0.03730853,-0.018257758,0.011909289,-0.026866782,0.024624486,0.03212967,0.031855613,0.014307943,-0.008606261,0.012049561,0.029188082,-0.024392061,0.051491752,103,598
0.042871386,-0.029846212,0.04907201,-0.041364197,-0.004454428,0.055076644,0.009120797,-0.034847554,0.056873947,-0.014377613,0.022569278,0.024999408,-0.047211107,-0.033587582,-0.016701806,0.0038086092,0.05887421,-0.004315922,-0.021481305,-0.040083174,0.06874263,0.059204515,0.064743884,0.0144790225,0.08855632,0.042545766,0.03111402,0.005525485,0.019334048,0.020096889,0.02115035,0.010316238,-0.04062432,-0.022452207,0.10702055,0.014422036,0.03905554,0.017593104,0.03463525,-0.024211228,-0.013229627,0.0064893086,-0.02509415,0.050504148,0.019669786,-0.01613205,0.025434906,-0.0125421155,-0.01653782,-0.0050944807,0.043344088,-0.04257468,0.007265252,0.031211212,0.012932854,-0.024714699,0.08775498,0.008252811,0.0036994983,-0.039221242,0.0038726218,-0.03693801,0.0009151036,-0.11916764,0.07661609,-0.087353304,0.011351823,-0.030928683,-0.07189065,-0.009221295,0.03241334,0.051793467,0.040112108,0.06316128,-0.037561335,0.047027398,0.027475577,0.018475609,-0.016785253,-0.021223377,0.0034377612,0.044469792,0.020357367,-0.015085859,0.054826118,0.035924792,0.008552292,0.041653324,0.038217578,0.037627634,101,599
0.00607947,0.029898101,0.042090498,-0.047269855,0.0662763,0.09866713,-0.013806079,-0.06841312,0.053969897,-0.017006049,0.0238121,0.01678707,-0.05882398,-0.091799885,-0.042552527,-0.025371067,0.0026046606,0.07213585,0.037927363,0.041020963,-0.0100275595,0.061070528,0.03694168,-0.02716239,-0.001027286,0.022708813,-0.029599737,0.007594986,-0.015662136,0.029815841,0.0071234675,-0.023135498,-0.03989524,-0.056264177,0.060138874,0.020750942,0.017809648,0.025619052,0.010442866,0.005010889,0.04460731,-0.006724816,-0.010552637,0.04968294,0.025287926,0.028294424,-0.051010836,-0.0022469591,-0.038736984,-0.011354027,0.0906019,-0.08207514,-0.0010439174,0.037429787,0.054360893,-0.067013785,0.06933313,-0.020494998,0.06347394,-0.029875658,-0.01822143,0.0021712687,-0.02957182,0.005148344,-0.052176744,0.009070899,0.0677887,-0.011469138,-0.09891092,-0.018917922,0.008653216,0.022074403,-0.0151877,-0.054100882,0.0067081917,3.9762876e-05,-0.033198595,0.06595361,-0.06531192,-0.0065002954,0.057260636,0.045216713,0.020302858,-0.066066615,0.028998595,0.03520215,0.01608744,0.0361048,-0.022719134,0.039183065,105,600
0.07842491,0.007660199,0.017575376,-0.0065647773,0.01599441,0.07247117,-0.015712705,-0.024453195,-0.005506903,-0.018148366,0.0016859039,0.04036759,0.04123599,-0.040040623,-0.039054926,-0.07137456,0.06235391,0.03268637,-0.004353656,-0.0070544817,0.048180282,-0.020801675,-0.006392278,-0.017988112,0.004544953,0.082504034,-0.03646335,0.020964112,0.03885962,0.018194571,0.051415093,-0.033949025,0.041071855,-0.051784106,0.07158629,0.04015228,0.04367991,0.019580504,0.037049912,0.0056086974,0.03258542,0.038324516,-0.07283023,-0.0026495568,0.029844202,0.07752146,-0.025560413,-0.018335307,0.04370293,0.03711882,0.109000176,0.008766526,0.044746283,0.039872777,-0.011194881,-0.060868874,0.09663789,0.02642284,0.02828537,-0.0054529672,0.021600904,-0.023806356,0.013685178,-0.026118502,-0.005584987,-0.027088787,0.017775208,0.0023171864,0.0103350505,0.036790498,0.02197167,0.0009271498,0.09800723,-0.00955679,0.01450724,-0.0066607366,-0.009290034,0.0159325,-0.024210418,0.015264781,0.06960217,0.00979159,0.019055655,-0.037323836,0.019846879,0.013842399,0.037823875,0.073874295,-0.009795557,0.03083048,108,601
-0.044126675,0.037928585,-0.0064603947,-0.043673556,0.061099224,0.078978494,-0.038816456,-0.029987413,-0.029960172,-0.0022398774,0.0113395,-0.056706753,0.023634918,-0.0784245,0.080662824,-0.03641083,-0.045832686,0.040171284,-0.040707015,-0.014122698,0.0027302853,0.0054656956,0.042383492,-0.018434536,0.06472385,0.026150763,-0.022582749,-0.007933166,0.004310282,0.026899572,0.03631624,-0.014931306,-0.059465878,-0.008110352,0.17635691,0.023802299,0.03242486,0.031038713,0.016258419,-0.030904282,0.060057964,0.044414304,-0.08332732,0.034897983,-0.027611973,0.046808094,-0.0055726827,-0.01268255,0.000195208,-0.055515736,0.11823133,0.03717291,0.014648431,0.06957161,0.018873211,-0.034652486,0.09185602,-0.029667865,0.058619607,0.017667877,0.0047589857,-0.00012433715,0.0030573658,0.020445269,-0.01306708,0.03819585,0.018749738,-0.03343121,-0.09544017,0.07515077,0.007824032,-0.032472998,0.030270651,0.018825993,0.038610928,-0.040253177,0.0036786022,0.071189284,0.01157045,-0.0024291798,-0.021024507,0.06769723,0.047703736,0.046884,-0.016365288,0.054256104,0.022161264,-0.012934404,-0.045094356,0.023033785,108,602
-0.035273306,-0.019810999,0.030069232,-0.02897289,-0.0089793,0.02133598,-0.005758527,0.05330464,0.03635148,-0.06525858,2.4597393e-05,0.058734965,-0.06291712,-0.051780224,0.044473484,-0.015067558,-0.009957051,-0.028344037,-0.024749639,-0.014847402,-0.024545455,0.024374058,0.021332365,0.012645714,0.061610606,0.035169713,-0.00686263,0.033350177,0.016457755,0.04579054,0.013907442,-0.055383377,-0.03505595,0.012436237,0.050709862,-0.0014887825,0.04645106,-0.013246287,0.008512318,-0.043022938,-0.0044304766,0.029123675,-0.049378116,0.005626848,0.04677183,0.07370401,0.005643946,0.021456,-0.013526387,-0.01708295,0.09631228,0.02089815,-0.025924321,-0.0054583345,0.009625555,-0.01100775,0.08078816,0.025310371,0.050933458,-0.068878844,0.04011254,0.06514071,-0.043084275,-0.0007781163,-0.031133942,-0.0020803045,0.045969706,0.013534453,-0.1267735,0.0073890258,0.020226637,0.0050096996,-0.024721893,-0.013360508,-0.01329942,-0.042594206,0.034366973,-0.00989474,0.015749834,0.03074254,0.021740166,0.048322428,0.0754272,-0.04213079,0.044909008,0.0049302485,0.08819151,0.07220663,0.02941152,0.04526005,113,603
0.043037906,0.033063054,0.089042895,-0.005585473,-0.014325557,0.03459128,0.01907569,0.022902243,-0.0103919655,0.0042006895,0.024309536,0.0110144075,-0.009335075,-0.03600548,-0.0061139544,-0.027701033,0.02206128,0.040374666,0.0043557356,0.055768553,-0.03812226,0.046786066,-0.0072339587,-0.020887388,-0.0026540048,-0.0007502381,-0.006866328,-0.093328975,0.054074317,0.01895248,0.0045610014,-0.05363339,-0.03644222,0.0394634,0.05952315,-0.053125117,0.018269222,0.027938884,0.014141031,-0.032024536,0.036802627,0.07932083,-0.014652118,-0.031815164,0.05503434,0.08968576,0.033212695,0.04117716,0.013080651,-0.010614501,0.012411319,-0.029120445,-0.008147258,-0.019850297,0.0164951,-0.016421076,0.07844992,-0.101171166,0.034047056,0.012065025,0.018733812,-0.010276977,-0.053033926,-0.008672918,-0.024096517,-0.049859557,-0.015230995,-0.038518295,0.100438856,-0.003677791,-0.008505521,0.008533589,-0.015084522,0.0072138608,-0.00563414,0.031068966,-0.006697178,-0.0039402246,0.028361619,-0.004835802,0.018429868,-0.0040264484,-0.0022525378,-0.026838347,0.0043982933,0.011087829,0.02379409,0.0036646356,0.016180743,0.10162786,113,604
-0.048901234,-0.0058655483,0.06899852,-0.03352356,0.008373024,0.07799901,0.0030235858,0.062437423,0.014591157,-0.060372204,-0.012161204,-0.01540711,-0.052457623,-0.072492465,-0.07461789,-0.04239852,0.069244556,-0.023125501,0.009860529,0.027204454,0.03966234,0.030579366,0.05590201,-0.04643447,0.025335748,0.03426566,0.004738899,0.06426968,0.03838275,0.005228149,0.03196638,-0.06202527,0.05317992,-0.00405886,0.06864021,-0.006681767,0.023968218,0.06771301,0.004131511,-0.034636997,0.050547577,0.069225326,-0.02324605,0.008388821,0.04557945,0.033699602,-0.04347746,-0.047334917,-0.036921203,-0.03582608,0.065157,-0.0041519245,-0.042602163,0.004628001,0.0246358,-0.056386106,0.045078605,0.025919095,0.03248249,0.032999814,-0.005376991,0.021078505,-0.0036250781,0.019124784,-0.073394045,-0.0044599045,-0.008138463,-0.07750149,-0.0040626153,0.020896802,-0.019613486,0.021166861,0.02294721,0.06338516,-0.025442552,-0.018039152,0.0105720535,-0.0010902751,-0.008929181,0.0048475224,-0.0032393318,0.04016318,0.0456416,-0.018616974,0.072781585,-0.009126557,0.0017395169,0.06452947,0.014396669,0.024609447,110,605
-0.045406718,0.012097953,0.05090801,-0.09803095,0.07012003,-0.01914386,-0.010220176,0.007383176,-0.004462434,-0.07660129,0.0015243832,0.0129166255,-0.018191501,-0.058715623,0.03849524,-0.018264264,0.076082,0.031461008,0.03582602,0.0024217246,-0.009531756,0.012243666,0.032986358,0.0029989295,0.020120097,0.027478237,0.017746374,0.02668297,-0.027111353,-0.038585555,0.024558976,-0.039723277,-0.031686176,-0.07490853,0.061925046,-0.03600044,0.010843035,0.061637465,-0.06425008,-0.008432276,0.06321244,0.09321822,-0.009245409,-0.016233254,0.06921793,0.095517576,0.020232312,0.035837878,-0.00093419274,-0.012278638,0.018106993,0.012453012,-0.019295262,-0.03441912,0.053451512,-0.032722812,0.06334416,0.017807145,0.0468982,0.012243978,-0.021525169,0.069111146,-0.00084202643,-0.020304948,-0.00044384692,-0.07226394,0.047286782,0.014583141,-0.054067977,-0.0495891,0.045047052,0.03190236,-0.01792385,-0.0065829055,-0.028049381,0.0009735548,0.014510443,0.01826819,-0.0107571855,-0.017932493,0.0472802,0.08013204,0.010293162,-0.012452297,0.031164704,-0.0033775736,0.02743,-0.019574288,0.015031559,0.07682742,102,606
0.004198589,0.011561677,0.11186039,-0.049284477,0.033494532,0.046061885,0.023310088,-0.04383012,0.01742351,0.012209417,-0.03872274,-0.00053920224,-0.02643144,-0.034051992,-0.02956634,0.0029844344,0.04247074,0.065355964,0.025546975,0.00091445405,-0.03687884,0.033522077,0.015104959,-0.02009366,0.05270098,-0.04882829,-0.023931552,-0.050370596,0.022221018,-0.016278405,0.04614374,-0.026706222,-0.015879232,-0.054778576,0.07636852,-0.017965669,0.080717936,0.026151992,-0.0076886658,-0.04143399,0.058841422,0.043349616,-0.018954698,0.020118501,3.139302e-05,-0.04790603,0.03252713,0.008765148,-0.004665546,-0.0026570382,0.0013032407,-0.010476051,0.053818297,-0.002893038,0.009259565,-0.024612864,0.11104429,-0.03399008,0.018638246,0.07064158,-0.048134953,0.027803011,0.04526721,-0.029328626,-0.037588608,-0.04323346,0.047650807,-0.035837818,0.07883315,0.039153285,0.0043552164,-0.01766243,0.10508428,0.08078684,0.016375784,-0.06421315,-0.01258586,0.027551854,0.008376956,-0.020492213,0.032029215,0.051711716,0.028968975,-0.035557404,0.012310282,0.01513932,0.015493236,0.050684106,-0.010644019,-0.0037365444,108,607
-0.06268692,0.04159051,0.05091775,-0.03184544,0.023708329,0.028623879,0.0250207,0.020933475,-0.009055814,0.027025595,-0.006208392,0.0057271468,-0.034354597,-0.006630391,-0.051711727,-0.028032733,0.031766668,-0.012722436,0.035364464,-0.011912721,-0.029325118,0.07630554,0.006129235,-0.04349175,0.003198076,0.023916123,-0.031730328,-0.021583796,0.019069087,0.04609831,0.08755531,-0.007865837,-0.009700879,0.0029895015,0.0057986937,-0.009036725,0.015375657,0.025023803,0.008987226,-0.07937857,0.088771194,0.07539429,0.019246891,-0.01118018,-0.006538378,0.059129983,0.020358253,0.03632283,0.0137381265,0.034185708,0.036929596,-0.025670648,-0.022743829,0.0072334576,0.00512887,0.016341705,0.0342632,-0.053142965,0.018292883,-0.043988504,-0.03453105,-0.017681114,-0.025557742,-0.010794318,0.010173936,-0.06517781,0.026060842,-0.06995344,-0.10902965,0.00805866,0.01611552,-0.0067172376,-0.0048771333,0.01441856,0.0019680252,0.0027876613,0.022432027,0.013174148,-0.033173747,-0.012066219,-0.0054126997,0.0014369953,0.04640805,0.008617749,-0.0038589165,0.0028728992,0.0343138,-0.022068627,0.016793612,0.017345618,100,608
0.019438773,0.046615988,0.048258863,-0.030490428,0.04017826,0.0358034,-0.0016788873,-0.02950247,0.031221204,-0.0476774,-0.0104289595,0.025189253,-0.041653425,-0.06445444,0.018345349,-0.03478882,0.04897213,0.005544151,-0.013820029,0.022063315,-0.0043489295,0.034206536,0.019524936,-0.0116018895,-0.007286366,0.009597479,0.0041921334,0.024859518,-0.010105329,0.03981087,0.056144856,-0.042810883,-0.040938664,-0.040409368,0.08335075,0.029348489,0.03802836,0.011151375,0.038093105,-0.0091884965,0.021121379,0.087230384,-0.03522838,0.043148655,0.03516111,0.04778623,-0.020990483,0.024099188,-0.051726393,-0.038047507,0.079112895,-0.049021725,-0.0362471,-0.009000758,0.029212214,-0.038023975,0.06865579,0.0031461194,0.038666073,0.02734537,0.02916115,0.033210058,-0.009598403,0.054312754,-0.033226788,-0.025627457,0.010643388,-0.019993497,-0.06302361,-0.016792491,0.047847223,-0.0053544044,0.0213473,-0.008795447,-0.036477093,-1.7710496e-05,0.010112615,0.013839167,-0.023315009,0.029988041,-0.07427761,0.0010692924,0.10156307,-0.0013608914,0.046580594,0.062752895,0.031961594,0.003160754,0.027040321,0.07733985,100,609
0.0038378965,0.04304009,0.06644106,-0.034454882,-0.011598276,0.04377186,0.017051607,-0.015490449,-0.008809027,0.027780853,0.019492706,0.007459191,0.004962532,0.0042471252,0.019740008,-0.058910348,0.0076532727,-0.010011822,0.03761773,-0.00043264125,0.04345786,0.03190219,-0.002692758,-0.0040170588,0.03484539,0.0332909,0.011654724,-0.0115541415,0.030787643,0.035499252,0.053284135,-0.010170538,0.020152587,0.0043145595,-0.006339684,0.0038407398,0.024015468,0.06264195,-0.027589992,0.004271143,0.082691595,0.00983399,-0.077133834,0.022765141,-0.002922807,0.015600964,-0.018526828,0.00094369124,0.015161635,-0.004023402,0.04650956,0.012410356,0.03695647,-0.008486489,0.04592266,0.049932417,-0.016996589,-0.09278071,0.046956204,0.01945068,-0.015512773,0.018303722,-0.035204154,-0.026477057,0.008067714,-0.005260056,0.018757476,-0.035699457,-0.012041796,-0.011663477,0.07144804,0.007705434,0.024154894,0.06531213,0.02196648,-0.03840472,-0.023797506,0.04325822,0.011805333,0.010000015,-0.0015082499,0.0041965265,0.05078531,-0.03659586,-0.031660177,0.0034101158,-0.008420289,-0.018859893,0.02909743,0.036589634,107,610
0.010652074,0.08152287,0.040652163,-0.035461985,0.04392351,0.017829962,0.022244792,-0.014172,-0.010171887,-0.046346366,-0.013758814,-0.01609584,-0.018430134,-0.05649993,-0.0060369684,0.009145729,-0.008920052,0.044317566,-0.017111521,0.0036248248,0.01577886,0.062185537,0.022771344,0.018979222,-0.0166158,0.042696133,-0.0024968924,0.010465909,0.014712423,0.03742158,0.025068816,-0.076675154,0.012893204,-0.012722647,0.0040198974,0.027273271,0.043546867,0.0053777583,0.07492857,-0.015651876,0.010366667,0.061801877,-0.026369462,0.023432964,-0.033414632,0.032334596,-0.0028094538,0.07803049,0.06279623,-0.030496094,0.049442455,0.033000786,-0.046292353,-0.020835796,-0.009794094,-0.03907773,0.11081698,-0.0043702014,0.014346475,-0.02410907,-0.072258964,0.06973312,0.029016342,-0.00013681082,0.000878701,-0.05046451,-0.043784387,0.0037931614,-0.0035025328,0.041396335,0.00778253,0.049918458,0.042402238,-0.06704007,0.019807551,-0.007387478,0.057851523,-0.040413413,0.016045729,-0.023576561,0.023189904,0.04425555,0.023533082,0.0472819,-0.034820333,0.021729104,0.008702736,0.02471073,-0.025234181,0.07765966,106,611
0.011417911,-0.0050805253,0.05756277,-0.010065248,0.045630384,0.03393473,-0.0025122622,0.0030679635,-0.02432682,0.07160383,-0.0370159,0.050457794,-0.049333103,-0.061315555,-0.03802947,0.0022108718,0.037243333,0.050478894,0.0033940054,0.0002596865,-0.008016835,0.103449434,0.039319634,-0.02202446,0.005421251,-0.009741774,0.0023618485,-0.028957717,0.021449896,0.026301375,-0.048528634,0.019462869,0.004976971,0.028213238,0.092356324,-0.03266317,0.043311656,0.053251185,-0.0067896303,-0.013184383,-0.023891963,-0.014053989,-0.05678978,-0.036180913,-0.015450941,0.0968723,0.018517619,0.021687234,0.030325906,-0.07041177,0.04139491,0.02687849,0.008167199,0.027095726,-0.005123046,-0.056463808,0.074793346,-0.069527075,0.058275577,0.002065775,0.0034762826,-0.0072075874,0.01813433,-0.057957016,-0.036310233,-0.018504169,-0.01486578,-0.09492625,-0.042958908,-0.0023547243,0.03756634,0.01034417,-0.010030923,0.00915549,-0.04749089,0.017134372,0.01827301,-0.008994527,-0.027666572,-0.030782871,-0.008549301,0.021543002,0.021661865,0.03234411,0.032742206,0.038231403,0.015672678,0.07980025,-0.041758407,0.01741249,109,612
0.028809268,0.052984074,0.04161885,-0.08735412,0.03771308,0.012805825,0.07085394,-0.052708764,-0.016922789,-0.08153355,-0.03707533,0.006063574,-0.026268976,-0.07209362,-0.07844549,-0.08428411,0.0502081,0.009698074,-0.0053976155,0.04171344,0.026740052,-0.0015237778,0.009988574,-0.07323246,-0.0056795888,0.040662818,0.000125424,-0.005121218,-0.013614254,-0.0494016,-0.001102889,-0.0037837215,-0.077829234,0.07609991,-0.01042743,0.06696643,0.029769758,-0.0038964245,0.0031541921,-0.044676203,0.054304354,0.07737139,0.0019712,0.016777435,0.03267359,0.025149487,-0.015841905,0.033545397,0.0008118036,0.0010439316,0.04462434,0.037124276,0.0530201,0.010013606,0.053023167,-0.039886866,0.04157514,-0.10143775,0.0130287055,0.017198872,-0.028420787,0.00353021,0.033828504,-0.01609062,0.00980095,-0.03533672,0.024013367,-0.018141573,-0.008730032,-0.024940765,0.049506627,-0.0064719543,-0.046189226,-0.013806946,-0.02487525,0.041388977,-0.01635565,0.04167093,0.030828524,0.0058755656,-0.0134351095,-0.052910898,0.025168788,0.0063532367,0.024396464,0.018765192,0.06708069,0.0033512968,0.042903565,0.0010634027,108,613
0.026741434,0.01797052,0.047867768,-0.061306283,0.00042513572,0.09354863,-0.03437,-5.0134957e-05,0.021232396,0.043760784,-0.029297002,0.009717909,0.018186968,-0.004823681,-0.050576005,-0.008060275,-0.058185644,0.010028289,-0.014094698,0.058793277,0.04043772,-0.038560987,0.025139919,-0.04473097,0.09265451,0.0662655,-0.01253569,-0.07277021,-0.027615005,-0.0013539307,0.009186083,-0.02851531,-0.0065995865,-0.036734752,0.07353532,0.05218464,0.085276976,0.04302541,-0.06740104,-0.06980284,0.09411983,0.06831582,0.00035946816,-0.009716492,0.0139085045,0.07750287,-0.004339729,0.023775917,-0.027285896,-0.015422151,0.08138543,0.030334085,-0.0076029357,-0.010509158,-0.041667487,-0.0004399903,0.06563597,-0.011825519,0.046132036,0.0043277014,-0.084402844,0.034705814,0.029818974,0.037609767,0.0044592936,-0.05977215,0.029299315,-0.067141,0.06022583,0.025220683,0.028944535,0.009672303,0.016332954,0.038560435,0.0010306076,-0.017797887,0.022496806,0.05904782,-0.018945083,0.0372548,0.03142583,0.027766433,0.030106548,0.014574921,0.020348046,-0.020441448,-0.00575063,-0.010292216,0.015557673,0.058008485,108,614
0.022635277,0.019200355,0.024883388,0.01122785,0.0080280695,0.063587755,0.04895745,-0.03578995,0.039368138,0.022183817,-0.0033557285,0.037627295,-0.034049295,-0.043581396,-0.04942298,-0.042168666,0.033598844,0.07952404,0.0045870887,-0.041835867,0.062698,0.017468352,-0.027119586,-0.04034995,0.015445559,-0.016387051,0.012073879,0.026485763,0.012911525,0.031881936,0.022614818,-0.023067145,-0.07525638,0.042829357,0.0625094,-0.032543305,0.040633313,0.0058752075,0.008776039,0.015878297,0.06472112,0.0921816,0.0027307626,0.043408103,0.030635297,0.025090732,-0.014578043,-0.0053639533,0.012339447,0.04040672,0.09114942,0.025305562,0.018563155,0.038425326,0.04354408,-0.0050785923,0.022252206,-0.02964124,0.0017038994,-0.0036666067,0.023352662,0.061405983,-0.043014385,-0.0271237,0.025981277,0.019844744,0.054393105,0.011918576,0.02014786,-0.0022519005,0.020675672,-0.027443614,0.0912689,-0.0066092247,-0.012265849,0.02758146,0.008920674,0.052863944,-0.011535827,0.042230077,0.05984289,0.0023925677,0.03437003,-0.014430592,-0.11243176,0.025530793,-0.04713777,-0.018360883,0.02846434,0.029684803,107,615
0.034692883,0.06813066,0.07361604,-0.015571615,0.058374114,0.04325128,-0.020477302,-0.007273545,-0.027410453,-0.015893748,0.0011563927,-0.0048729093,-0.04540596,-0.039841846,0.068492256,0.027956877,0.049492218,0.07630905,0.019517653,-0.06779942,0.02062693,0.0008592643,-0.004985273,-0.07179895,0.04710701,0.032856718,0.024563584,0.008102426,0.035902686,0.038058333,0.06041129,-0.03827607,0.0015097465,-0.012358272,0.056833718,-0.012205288,0.0046703294,0.045653004,0.07432039,0.008356544,0.064324245,0.00781407,-0.05418006,0.02817938,0.047179967,0.0730276,0.008586124,0.027641604,-0.04317137,-0.011248437,0.011698708,-0.0071183876,-0.017970374,-0.00859659,0.031461865,-0.06461261,0.025288835,0.00091167167,-0.009343587,0.0218523,-0.037750583,0.02342844,0.05328323,0.036444016,0.022937413,-0.025874391,-0.023787867,-0.06645921,0.018368904,0.037387796,0.07059324,0.005090262,0.031593204,0.021130567,-0.013157521,0.028785918,-0.052388206,0.044793285,0.018941727,0.03792847,0.048208766,0.061542943,0.017585805,-0.02797571,-0.0072189756,-0.002166994,0.040959474,0.080243036,0.0055150096,0.11525721,112,616
-0.024063151,0.021236503,0.05001116,-0.0054833926,0.018954765,0.03265348,0.011498611,0.036940284,0.052413918,0.03566572,-0.032923035,-0.0030901963,-0.017191643,-0.051131282,-0.040429696,0.025037348,0.07748045,0.016465819,-0.010788924,0.019759491,-0.020900419,0.0066943727,-0.047238275,-0.062000353,0.075849235,0.0049657617,0.0068590716,-0.013026417,0.04896786,0.037065193,0.0356448,-0.040130503,-0.028179735,-0.02177297,0.014182098,-0.027538965,-0.030318327,0.05598999,0.01701464,0.019958682,0.026904155,-0.030545179,-0.047548242,0.0322143,0.022590492,0.019764949,0.014549943,0.07140172,0.008050314,-0.00017585699,0.08567808,-0.004889125,0.013524107,0.014915267,-0.02883634,-0.011984929,0.058787562,-0.038399655,0.07323971,0.00016159005,-0.023981115,0.011949686,0.008421498,-0.015950242,0.00019554142,-0.050594438,0.008734953,0.007980302,0.027609318,-0.02385974,0.06109518,-0.013122844,0.013881967,-0.04466598,-0.059210695,0.0053908215,0.0639113,-0.0059036147,0.009320697,-0.011447484,-0.00055969134,0.02876419,0.050147425,-0.008671964,-0.008248698,0.00051962957,0.07064718,0.017795132,0.07514087,0.06277066,111,617
0.035046116,-0.007956367,0.0863152,-0.029481217,-0.006102249,0.009686466,0.03825926,0.024025634,0.016063727,0.017049486,0.035759035,0.048026204,-0.032400873,-0.038571183,-0.028362874,-0.040556505,0.018030604,0.080443636,-0.013273093,0.039905045,0.0011164327,0.07884446,0.015407706,-0.033232685,0.056790553,0.036461852,0.030282002,0.06496223,0.14796382,0.06942153,0.0063081067,-0.07565557,0.026464399,0.015254416,-0.016828462,6.987946e-05,-0.014519326,0.015191445,0.051042896,-0.026400493,-0.0514524,-0.018945362,0.0043797083,-0.030922983,-0.013542647,0.06962721,-0.005161957,0.0042595835,0.037486777,-0.018397603,0.073439196,0.0039170785,0.0028301862,0.09645798,0.013979502,-0.06814921,0.03170911,-0.06880149,-0.021759689,-0.04447419,0.029282616,-0.0023327824,0.0022516092,0.0005034511,-0.010644091,-0.056427,0.041735716,-0.006681498,0.014749352,-0.0007417016,-0.008252643,0.01827005,0.054852553,0.061656535,-0.05901622,0.00789681,0.02073577,0.031271126,0.01849588,-0.019047562,0.055147916,0.07892153,0.0067440923,0.022407103,-0.039715298,0.028012566,0.0100028645,-0.012662766,0.041493457,0.02090719,105,618
0.016029008,0.046326105,0.065115795,-0.054466322,0.05039207,0.01342654,-0.018777777,-0.05204118,-0.016420932,-0.031861193,0.021367304,0.04493769,0.017628606,-0.04166477,0.013091367,-0.05481337,-0.0030344808,0.053593814,0.050338186,-0.0015522763,0.0022153575,0.017804537,0.06184859,-0.012452181,0.03174779,0.0130000105,-0.026713077,-0.038427074,0.045149077,-0.063873425,-0.05841192,-0.021970406,-0.048746403,-0.031638682,-0.007958312,0.0069154864,0.009170912,0.016667958,0.017861478,-0.021601673,0.062673986,0.114567995,-0.038209196,0.048491098,-0.04877413,0.037720963,0.044480793,-0.015030138,0.016126258,-0.0014428515,0.05488218,-0.04515385,-0.0305993,0.030402819,0.027631655,-0.040798355,0.04827434,-0.029720675,0.0013333391,-0.015234642,-0.049452037,0.004240955,0.041173983,-0.013711518,-0.045756932,-0.032054298,-0.0009432519,0.015230551,-0.11120128,-0.0007086792,0.0075794524,-0.008413484,0.027432451,0.053158164,0.01806746,0.024400257,-0.014149925,0.10347598,-0.036961656,0.014411287,0.094783045,-0.044866305,0.0912357,-0.031985924,-0.0072677974,0.012586952,0.013730328,0.01446039,0.09253513,0.076927975,101,619
0.0083605675,0.0471518,0.0031190217,-0.041846886,0.030198967,0.09639409,0.039461106,0.00035181118,0.016855605,0.0062519037,-0.025793932,0.028310325,-0.049770147,-0.024850635,0.030655045,0.013294473,-0.026475998,0.014933459,0.02461037,-0.027123125,0.018993314,0.03176828,0.0028319191,0.0040817335,0.017576188,0.050305765,0.02993666,-0.00024232408,0.034063186,0.032859344,0.0066149337,-0.06683461,0.036032993,0.041975647,0.10668115,0.024162099,0.016066847,0.016438313,0.03146214,-0.041206054,0.018837847,0.06696348,-0.026719602,-0.032024875,0.029268274,0.036178675,0.021620516,-8.96249e-05,0.007167998,-0.08667705,0.04634279,0.009940686,-0.008925384,0.0134535525,0.0032747602,-0.0132689355,0.0893488,-0.030844124,0.032278493,0.03393717,-0.003432421,0.026188213,-0.0015233718,-0.048920415,-0.04597251,-0.031309832,0.018232454,-0.049505726,-0.019640468,0.036729194,-0.00047880597,0.032395013,-0.0965562,0.016824989,-0.05622936,-0.015598462,0.017710365,0.011545865,0.009504765,-0.018916909,0.014808847,0.049968664,0.041068252,-0.036040563,0.04924898,0.051949553,0.03656187,0.0040939497,-0.06938512,0.021456288,110,620
-0.0011760802,0.009964209,0.0013505854,-0.01050677,0.00686398,0.08059855,0.034846596,0.017135072,-0.05693169,-0.038328886,0.039375294,-0.012653926,-0.020033905,-0.048919052,0.026425196,-0.032930706,-0.018577158,0.040269684,0.005648638,-0.05450505,0.0036979867,0.08201608,0.04208365,-0.020561188,0.045083072,0.005552414,0.050742064,-0.009507204,0.040287644,-0.018786922,0.003403794,0.008097842,-0.008036008,-0.008750286,0.07973036,-0.013277538,-0.017949987,0.021342011,0.007464377,0.043913342,0.046822973,-0.014536735,-0.019863814,-0.00014910474,-0.004048921,0.12238121,-0.04354817,0.036590748,0.02184587,0.0034556156,0.117195405,0.021547625,0.015513733,0.04042688,0.035813205,-0.0019300096,0.14136606,-0.010846686,0.010136502,-0.0070662815,-0.04703162,0.040315397,0.06024083,0.031000284,-0.01813979,-0.068153575,-0.007841559,-0.06408578,0.017664455,-0.012028439,-0.014878362,0.010206385,-0.02408631,0.06919485,0.013102879,-0.016770057,0.024677437,0.026879165,-0.045560095,-0.016772645,0.019251265,0.002707677,0.024238886,0.030718386,-0.013907613,0.024536338,0.01455456,0.018495902,0.045843583,0.04811097,111,621
0.01263235,0.05820784,0.02247515,-0.0871159,0.007711762,0.05656269,-0.018282723,0.013280692,-0.019841682,-0.012434542,-0.037994534,-0.022390466,-0.06857396,-0.078230195,0.016885232,0.03376137,0.023250926,0.055643015,0.031261202,0.035749722,0.044313326,0.02186633,0.03998068,-0.03149547,0.075311676,0.05512911,0.00214135,-0.0057952246,0.03682402,-0.060884032,0.009000808,-0.051765945,-0.015896792,-0.0022997605,0.095858335,-0.006691505,0.044400226,0.0067100115,0.002186112,0.034417033,0.09437388,0.023512177,-0.020047007,0.040499426,0.03840248,0.031794276,-0.022099284,0.018365823,-0.016499504,-0.02407645,0.013000399,0.06379946,0.009413808,-0.019188376,0.02632878,0.04347199,0.035287358,-0.04286826,0.013988001,0.07604524,-0.0006301664,0.02695116,0.023001907,0.013838738,0.016178323,-0.008769123,-0.022772014,-0.021711964,-0.06032088,0.026917467,0.012739428,0.018797498,0.020299554,0.002040781,-0.0062224516,-0.009402607,-0.0019269679,0.0010970924,0.008474216,-0.049537253,0.029891487,0.026578236,0.021183427,-0.018887674,-0.040547304,-0.0077907983,0.0976907,0.009894641,0.0038334099,-0.022744752,105,622
-0.031299394,0.031382482,0.078588836,-0.07721366,0.0489726,0.014450215,-0.017118806,-0.04010703,-0.021026114,0.023127826,-0.018782558,-0.009616992,-0.054366723,-0.04643666,-0.01009412,-0.028166354,0.016491296,0.091620654,0.031078115,-0.033650544,-0.0072863726,0.09826402,0.025355183,-0.039423913,0.04959589,0.0080713825,-0.06901982,0.041531842,-0.01985473,0.03672608,0.027958948,-0.059035677,-0.033065353,-0.03593297,0.07741655,-0.031432286,0.045738082,0.045849957,0.010357394,-0.03283809,0.068084724,-0.016015477,0.022734877,0.08253675,0.059151255,0.06534728,0.015122915,-0.05169981,-0.02958719,-0.03457874,0.11090835,0.043029793,0.012146329,0.019219462,0.026520574,-0.009685691,0.079216905,-0.00917122,-0.04661482,-0.057313923,0.00093301013,0.05981836,0.02978055,0.033480134,-0.05675919,-0.00887532,0.02174526,-0.084856234,-0.00733825,0.05512139,0.04666114,-0.008026391,0.003174128,0.027141318,-0.00074432604,-0.038493596,-0.012705563,0.05559838,-0.036828607,-0.05683714,0.012583687,0.00097262673,-0.03638319,0.015839044,0.028001655,0.016826047,0.030396547,-0.09028955,0.03585499,0.021880124,112,623
-0.060303245,0.048597105,0.054513216,0.013226215,0.023133274,0.025971774,0.03845687,-0.0035954036,0.038534187,-0.029876398,-0.05197684,0.0010736589,-0.0031765904,-0.086707965,0.04020782,-0.04743498,0.016888127,-0.017946502,0.0028936316,0.0046626832,-0.0041946974,0.09398987,0.0049676616,-0.009942594,0.010660056,0.07257368,-0.018854242,0.009273345,0.092621274,-0.047119647,-0.007486632,-0.0059978105,-0.07300407,0.051644836,0.06029805,-0.0017716489,0.0966983,0.040953007,0.056198798,0.024864823,0.084984265,0.053089034,-0.0173099,0.03278112,-0.007968726,0.055933107,-0.048032884,0.053921856,-0.006570132,0.039912317,0.04255665,-0.028789505,0.02711263,-0.004078744,0.032895293,-0.065260254,0.08713937,-0.018203577,-0.0190399,-0.032904256,-0.015078362,0.021602012,-0.06521778,0.036048092,-0.010738291,-0.03542099,0.049795676,-0.06888684,-0.010464678,0.0006170976,0.031238642,0.018069344,0.013351198,0.03670191,0.059523612,0.00083505537,-0.0065522995,0.03936413,-0.0014016246,0.04267492,0.08487239,0.066037506,0.08091599,-0.0134458905,-0.069055885,-0.001177391,0.0365058,5.2395277e-05,0.026797999,0.108751595,113,624
-0.022403957,-0.020369014,0.04921496,-0.04195516,0.009969468,0.054385792,0.014185504,-0.0067840624,-0.030036105,-0.01016915,0.005932029,-0.028966244,-0.05132377,-0.08178219,0.049832426,-0.0006022956,0.035584286,-0.011766732,0.06480142,0.02027924,-0.024233455,0.006025441,0.009934592,-0.027181419,-0.023806695,-0.022276146,-0.01818842,-0.0018325183,0.020589167,0.10071851,0.006318542,-0.06313923,0.0057751164,-0.012204992,0.033432305,-0.027466852,-0.010573439,0.00815919,0.05808304,0.008550386,0.04589467,0.035948563,-0.035501752,-0.0025175381,0.06051468,0.09177172,-0.0009350106,-0.006075235,0.028285291,0.0038097156,0.06853986,0.028454902,0.012297502,0.014665702,0.051978074,-0.027512018,0.085050404,-0.10349475,0.010213291,-0.005586273,-0.072545454,0.010766953,-0.0023615975,-0.0147907855,-0.04128302,-0.015451906,-0.016223423,-0.047772925,-0.013878996,0.058581457,-0.021322537,-0.024808189,0.016255913,0.012122341,0.019759197,-0.010637517,0.01494389,0.10585522,-0.021577815,0.013314938,0.024959547,0.01588782,0.008709533,-0.01412479,-0.008358689,0.052387618,0.021070525,0.024880234,0.040138245,-0.0075854063,105,625
0.044189107,0.013835641,0.11564664,-0.04695665,0.0009279279,0.028800655,0.058021933,-0.011423375,-0.00533468,-0.03543761,0.095811486,0.005085035,-0.07982333,-0.027757587,0.06649702,-0.002119748,0.020593284,-0.0309307,0.0054047317,-0.007131107,0.050195485,0.047462523,0.06401132,-0.051778547,0.014542915,0.034343734,-0.035855453,-0.01661414,0.026172606,-0.023341917,-0.011522956,0.006824594,-0.029303832,-0.030793753,0.0035427883,0.00046093483,0.026769863,0.011704313,0.006912565,-0.016106889,0.06848517,0.052623857,-0.06388938,0.018317904,0.07017931,-0.011516437,0.00527755,0.0011013532,-0.011928695,-0.0010782434,0.014696181,-0.006869919,0.0122335125,0.014104975,0.021923669,0.030356608,0.019194938,-0.03943626,-0.006834734,-0.017807126,-0.016497843,0.013311185,-0.0030754814,0.01574386,-0.07957749,-0.055283967,-0.025337603,-0.021073103,-0.05968798,0.013529546,-0.025893833,-0.025055205,0.03085196,0.05642813,-0.019627113,0.02803509,-0.01772126,-0.017849293,-0.031568393,-0.034343395,-0.027631879,0.03559928,0.06869832,-0.02937548,-0.00757662,0.026241362,0.011355968,-0.015137195,0.059840236,-0.04743723,110,626
-0.0054196715,0.022576105,0.056061417,-0.06454431,0.0069637517,0.018664923,0.037632745,0.025858913,-0.07900943,-0.04983203,-0.072376356,0.034188755,0.011295877,-0.01827376,0.04431738,0.013912769,0.033707917,-0.021994183,0.029309757,-0.010538762,0.07120084,0.013854573,0.021984318,-0.015006525,0.0007181056,0.015438179,-0.034336448,0.031718746,0.0407885,-0.00384623,0.021933386,-0.024416555,-0.03192137,-0.016844293,0.038089152,-0.015911287,0.07022283,0.050902,0.049697448,0.011514588,0.00465269,0.096381456,-0.0025065448,0.024320753,-0.0074171107,0.011006668,0.029656533,0.018989606,0.010195588,-0.019003937,0.05374796,0.00031588087,-0.007900074,-0.005576007,-0.001126308,-0.011624655,0.07877606,-0.08060885,0.016797846,0.01922401,0.0056706667,-0.00034925155,0.002618529,-0.022562599,0.05617879,0.019278731,-0.023422692,-0.08749293,-0.09556871,0.0020495905,0.009779999,-0.021166809,0.003597117,0.05592357,-0.015740609,0.041950606,0.038855854,0.07416074,-0.030774528,-0.029524945,0.034243293,0.00591913,0.022417441,-0.0046129823,0.07635575,0.0660689,0.017507596,0.07043937,-0.0301973,0.037256714,106,627
-0.030600633,0.017480642,0.032121256,-0.07598616,-0.083398364,-0.021948185,0.019959584,-0.025145952,0.007793403,0.02572886,-0.018929059,-0.0060431566,-0.038129117,-0.04962444,-0.0941448,-0.022391876,0.046333276,0.013276029,-0.031011939,-0.0042779734,0.041846752,0.04058762,0.06314804,0.0017250087,0.040696353,0.020684315,0.013007627,0.05077851,-0.011916922,0.05600292,0.037045095,-0.012420515,-0.0448405,0.019233422,-0.021874815,-0.06399553,0.022671241,0.015705109,-0.005468933,-0.012636388,0.027631255,0.042126216,-0.05224301,0.01734408,0.03612184,0.0088468045,-0.045861,-0.0307735,0.024429714,0.026899308,0.10384461,0.0029176977,0.011757771,0.07824743,-0.0005128216,-0.052789025,0.08007231,-0.059505064,0.058469713,0.027908197,-0.017521026,0.04905649,0.025996488,-0.030331854,0.04226849,-0.051655326,-0.04098156,-0.007659547,-0.037790865,-0.009317664,0.017813131,0.016294833,0.063771516,0.022736516,0.009539491,-0.04182872,0.050006315,0.0031194799,-0.004627903,0.026360245,0.048216168,0.03611812,0.0039457455,-0.046613026,0.068208665,0.024091028,0.014742768,0.012982797,0.032079197,-0.030800477,105,628
0.010805583,-0.012909135,0.059596114,-0.0182464,0.08505054,0.056888655,0.039963998,-0.0013471646,0.030934062,0.00412539,-0.02214682,0.054994408,0.016922787,-0.019470952,-0.021857347,-0.017361287,0.019051094,0.004161112,0.007001345,-0.008535386,0.040301584,-0.005887624,-0.0031929128,-0.009828283,0.017089337,0.034083355,-0.022050127,-0.03529323,0.008415845,0.00056287274,0.067934945,-0.0015994161,-0.10122533,0.003751602,0.027804025,0.024311416,0.025864165,0.024082383,0.0046734326,0.009616899,0.12658207,0.117666885,-0.04137088,-0.0250648,-0.009576509,0.04521197,-0.049433153,-0.027231434,0.025047367,-0.010705388,0.04519604,-0.018305996,0.010130796,-0.02308697,0.014498057,-0.032889403,0.0629854,-0.049031183,0.06626357,-0.05873421,-0.003949389,0.021746425,0.026560184,-0.028722752,0.06796087,0.0004042443,0.017970158,-0.08850567,0.019773286,-0.021928556,-0.06380709,-0.031554807,0.025540847,0.035434384,-0.042923212,-0.045453224,0.012568779,-0.03124211,-0.03552293,0.005641786,-0.009520742,-0.014840085,-0.0065905973,-0.012633186,-0.009342212,0.0009879582,0.030209744,0.027758077,0.011471463,0.046536118,108,629
0.015614501,0.046299048,0.031167503,-0.044356912,0.014903871,0.04577914,0.07571362,-0.07522372,0.0150748575,-0.027984234,0.06363027,-0.0062004924,-0.02386502,-0.037572347,-0.018130036,0.038629957,0.061172903,-0.012077192,-0.0041141687,-0.039374605,0.04900816,0.054357722,-0.0046786517,-0.038395658,0.014991349,0.042904615,0.00013367273,0.049272023,0.0706948,0.034887493,0.029594934,-0.0063650124,0.022607084,-0.010420058,0.14340511,0.02417314,0.027308976,0.03177361,0.04987564,0.01685974,0.00062936917,-0.020900588,-0.03690432,0.026026934,0.029315535,-0.021923084,-0.008990597,0.050257146,-0.06578161,-0.008694995,0.036805056,-0.021749225,0.0019644185,0.02299221,0.006113274,0.008298667,0.08465115,-0.00032491423,-0.011195786,-0.011740481,-0.037352465,-0.0239481,-0.05629323,-0.022710748,-0.021763774,-0.045485675,0.053434975,0.038661536,-0.024588164,-0.0073873326,0.034943804,-0.027388705,0.044107936,0.0012803795,-0.068760455,-0.010149509,0.019444,0.006966483,0.006931629,0.0014038659,0.015159284,0.074459136,0.006379457,0.029334879,-0.0002951976,-0.0073328335,0.02118733,0.025603533,0.02580601,0.05117065,100,630
-0.021175355,-0.060358517,0.03801359,-0.02510165,0.048814896,0.051397074,0.020846836,-0.011525501,0.053445652,-0.007591298,-0.0038212612,0.0052778656,-0.09472479,-0.026650071,-0.05954721,-0.04535312,4.9978495e-05,-0.0028479695,0.026456416,0.016669344,0.0059169466,0.057448916,-0.03022728,-0.07177492,0.011285592,0.017510224,-0.08444643,0.033509716,0.025959738,0.06269783,-0.020814875,-0.05559843,-0.04179573,0.001372772,0.01238342,0.022487972,0.03613998,-0.018732332,0.0010923259,0.016957048,0.04888081,0.07297097,-0.07205385,0.05360677,0.024435638,-0.038933344,-0.022073884,0.049445704,0.04973398,-0.039472576,0.034763597,0.014682757,0.0030412585,-0.009093178,0.031896044,-0.06443606,0.10506998,-0.067160875,0.041199766,0.00042401068,-0.03845532,-0.00064754114,0.0025421875,0.00790264,0.036598917,-0.017742025,-0.042879805,-0.04018079,-0.058177,-0.036360558,-0.005921455,-0.0035792692,0.009788703,0.032653853,-0.059291553,0.037347585,-0.0074322,-0.0029016715,-0.031259708,-0.0114051625,-0.04123142,0.041876167,0.06751485,0.033023432,0.04783164,0.014351239,0.023585524,-0.09755001,0.004153136,-0.007287603,101,631
0.032980848,0.043217316,-0.014971614,0.0020870157,0.012358938,0.050706554,0.009863552,0.011483729,-0.0032060323,-0.028618526,-0.05061737,-0.016770005,-0.05801575,-0.046364352,-0.009215856,-0.0019014888,-0.0465092,0.056655638,0.011480145,0.04044035,-0.024016961,-0.00746252,0.03040902,-0.0109826755,0.03465909,0.0035515018,-0.035363182,-0.02505549,0.003640905,0.05664539,0.088519804,-0.05619718,-0.03858617,0.034998912,0.062211726,-0.048175,0.038261548,0.057890825,0.07596287,-0.043794934,0.012992885,0.09025927,-0.030116897,0.0007693693,0.029719152,0.05281268,0.04794114,-0.01689839,-0.0090394495,0.00965126,0.0847404,0.006807912,-0.018077035,0.032510158,0.04447959,-0.006635526,0.0506837,-0.06306068,0.02500351,-0.0017133579,0.010490047,0.0054044332,-0.01929608,-0.023159964,0.031480223,-0.014648153,0.068683565,-0.02480116,-0.04782796,-0.015606483,-0.035927378,0.041630656,0.042847365,0.060180478,-0.014697248,0.0016183916,0.061988942,0.05043355,0.0017203111,0.0010555657,0.004197142,0.054827657,0.019239428,0.045491822,0.04504911,0.018905262,-0.020226859,0.004144849,-0.018162698,-0.020824611,112,632
-0.018393457,0.024436295,0.035827257,0.020536024,0.038507514,0.025224064,0.016658455,0.014926595,-0.029801575,0.03223511,0.032550488,0.048807178,-0.024773631,-0.062974446,-0.07444827,-0.01453361,-0.020553147,0.009271418,-0.0040070973,0.036111217,0.025583459,0.01910984,0.030773569,-0.06631081,0.057701305,0.06366024,-0.0025534127,0.069848746,0.05268701,0.03499118,-0.020601293,0.0076235235,-0.059077065,-0.030266002,0.07884399,0.00503,0.04904136,0.022276476,0.06551513,-0.021844584,0.039295405,0.097282544,-0.0029178765,0.016765315,0.013411989,0.037757106,-0.018886765,0.036157854,0.021476267,-0.011879191,0.047715485,-0.0039508315,0.017174851,0.038624324,0.053452633,-0.06214029,0.120781735,-0.043327704,-0.0026749633,-0.0056035304,0.0030285139,-0.0040472,-0.0029942375,0.05105227,-0.060240217,-0.0015004408,0.08710587,-0.019606926,-0.0052792747,0.0550688,0.04679265,0.0031407946,0.072446756,0.00692726,-0.038244873,0.034491345,0.027971562,0.0778755,-0.021647017,-0.034408186,-0.03498338,0.015060324,0.02228719,-0.009534263,-0.005849527,0.03526936,0.022856798,-0.030783236,-0.019080386,0.04261176,105,633
-0.029648528,0.02961654,0.02998887,-0.024888696,0.06992538,0.03461612,-0.026777228,0.06909272,0.06824546,0.04242639,-0.0024496624,0.008993727,-0.030941483,-0.017297225,-0.009929731,-0.019577384,0.031557165,0.041605666,0.030875146,0.037588544,-0.020019159,0.00023450702,0.025087103,-0.0014269873,0.03856506,0.043779656,-0.0016735597,0.056313712,0.02633198,0.019712014,0.043272614,-0.012378026,-0.08582634,-0.0025527682,0.025716983,0.02658908,0.037651587,0.01503616,0.021878587,-0.022640143,0.11471557,0.061588228,-0.0365559,-0.013007604,0.02562902,0.01051392,0.04581767,-0.005203435,0.04493723,-0.04753736,0.10072663,0.00486577,-0.009116741,0.06671506,0.04833146,-0.009032873,0.040627837,-0.055655994,0.050987475,-0.026598204,-0.052967913,0.030112153,0.019132853,-0.0053269947,-0.07699691,-0.041184284,0.0058752205,-0.07107653,-0.027454473,0.029796842,0.01786336,-0.0046192594,-0.01609265,0.03192817,-0.008162251,-0.0019018876,0.017791389,0.021109756,-0.0114541035,-0.019716838,-0.013658783,0.026499275,0.07721076,0.025893612,0.046545446,0.052260682,0.039727412,0.016774062,-0.011034827,0.05368801,102,634
-0.021040104,-0.044519085,0.04512746,0.029876456,0.0067686853,0.082362026,-0.0032553524,-0.030097194,-0.028609319,-0.011931244,-7.9328194e-05,0.021125909,-0.0072628874,-0.0516396,-0.026990362,-0.008620679,0.008151278,-0.006429814,0.01161772,0.014390803,0.047317393,0.04058104,0.048754297,-0.020986084,0.0438971,0.021345967,-0.026627406,0.042501282,0.022165561,0.04576793,-0.0027490985,0.013169009,-0.050525807,-0.01602613,0.15659094,-0.027291652,0.085369304,0.03861845,-0.015039865,-0.016686272,0.080480665,0.09767716,-0.044311583,0.09100611,0.096468665,0.066815294,0.032997344,-0.0028804988,0.020629955,0.010879145,0.035493784,-0.009566091,-0.018760178,0.018884838,0.02529147,0.0668101,-0.027818866,-0.035794083,-0.004776478,-0.0030547883,-0.05423089,0.0117274895,0.037655786,-0.039592933,-0.008007142,-0.041830312,0.009947494,-0.03822699,-0.069166824,-0.029949803,0.032955747,-0.029752962,0.055666566,-0.006844774,-0.054537408,0.027683228,0.030041415,0.076958396,-0.03009157,0.04453144,0.05718927,0.0557641,0.04381878,0.025563408,0.015102519,0.059759274,0.019577963,0.101620704,0.016901975,0.067937,101,635
-0.05141561,-0.02134494,0.0011290312,-0.056754485,0.022057315,0.06851357,0.009277385,0.002261126,-0.033789083,-0.03738005,-0.0070707174,-0.03407708,-0.036570873,-0.064272635,0.040887397,-0.0078008696,-0.0023359684,-0.0025046114,-0.019106407,0.029696688,0.0037793363,0.070721105,0.041675195,-0.06131922,0.046081863,0.04406307,-0.018618573,0.0078011528,-0.017552616,0.040041894,0.01269134,-0.023967627,-0.05969397,0.053591043,0.02966608,-0.056840755,0.021226654,-0.000747839,0.034090944,-0.0049947263,0.0007442534,0.038580224,-0.016791843,0.0005709473,0.040427107,0.051989168,-0.0128876455,0.0014011217,-0.0024146605,0.010938521,0.09298605,-0.02853162,0.04758342,0.039806977,0.019179095,0.01580799,0.052964397,0.044897,0.025592988,-0.022917226,0.03418695,-0.042204376,0.020873988,-0.08242422,-0.0383053,-0.0307073,-0.00398523,-0.04326801,-0.037881747,0.013630235,0.017400425,0.016486816,0.021091914,0.029707078,-0.016176429,0.006675362,-0.0069616754,0.012969976,-0.004906024,0.06492133,-0.0035422295,0.059987012,0.06568648,-0.01428744,0.038276516,0.069296874,0.029087776,0.0123964865,-0.053340122,0.03926925,101,636
0.0006458415,-0.014708305,0.03499686,-0.020957839,-0.005377434,0.024228586,0.016352467,-0.020960357,0.017854104,0.029201675,-0.02080418,-0.002037955,-0.032026067,-0.056951486,-0.014515677,-0.03187744,-0.006618133,-0.01079593,-0.00063468894,0.016297279,0.048433915,0.023352776,0.008846921,-0.10331971,0.04809878,0.016523216,-0.014842123,0.023719449,-0.052335516,0.023223653,-0.007240586,-0.018834975,-0.064796686,0.018894024,0.0854303,0.009778867,0.035316333,0.013232116,-0.011102151,-0.042049665,0.039697886,0.008150384,-0.020966087,0.04716968,0.05571156,0.07861763,-0.021492913,-0.025569001,-0.058441654,-0.046486065,0.0753123,-0.004392449,0.07949712,0.0010155849,0.04141064,-0.00078410655,0.060992755,-0.0982849,-0.034949813,0.030839741,-0.024913788,0.066079795,0.04748058,0.010552012,-0.00080745993,-0.03136318,-0.024042077,-0.06517564,-0.1267392,-0.014254987,-0.031476296,0.023201413,-0.021905096,-0.008396087,0.022939498,-0.02118536,-0.0121269245,0.091354154,-0.032050442,0.022673711,0.019636063,0.043915175,0.050604418,0.010720983,0.020046346,0.09195919,0.030066114,0.013392083,0.044430327,0.02296509,113,637
-0.01445487,0.0050563114,0.062724955,-0.01766534,0.08446413,0.023856247,0.0032748315,-0.009495857,0.04243107,0.0143693965,-0.009785927,0.015053215,-0.0038698614,-0.047032725,-0.00368407,-0.030288517,-0.009609702,0.043144614,0.057169322,-0.02789623,0.0160731,3.7457794e-05,0.011317924,-0.02866707,0.12718096,-0.013699865,-0.038955968,0.020077076,0.020517817,-0.033613704,0.07542169,-0.012504097,-0.006721113,-0.008661244,0.052704513,0.012389732,0.02465964,0.08396765,0.008423366,-0.08640122,0.0043710843,0.015942525,-0.011754036,0.0466941,-0.006991936,0.1481655,0.0023696993,0.020000085,-0.0015177587,-0.042715564,0.06469966,0.026439862,-0.035731528,0.071286,0.030397464,-0.053597722,0.08316086,-0.027586933,0.044831716,0.006473399,-0.025897516,0.01240419,0.006098198,0.04670251,0.0046624774,-0.083559364,0.010267122,-0.031531423,-0.06763651,-0.028894544,0.020827988,0.02324577,0.019387376,0.027360914,0.045603752,-0.017309282,0.01964821,0.04309972,-0.018542584,-0.007320743,-0.00563531,0.00860586,0.020362787,0.030365046,-0.01303767,0.0033009686,0.0151972305,-0.020319063,-0.024587765,0.051214546,104,638
0.032262135,-0.028947571,0.035476163,-0.035976566,-0.04746862,0.015325023,-0.004576218,0.014810477,-0.0016687205,0.010979325,0.012826867,0.016303532,-0.043525625,-0.016282877,-0.064430915,-0.015020246,0.05120086,0.056050897,-0.058946192,-0.013558189,-0.04460042,0.06754336,0.054508723,-0.0067627523,0.030524619,0.04439995,-0.0130048245,0.027805451,0.055785164,0.024156246,0.047691017,-0.0209443,-0.060028605,0.06523566,0.0381096,0.012618048,-0.015134495,0.039385267,0.041893937,-0.030912623,-0.02032809,0.06639827,-0.05360897,0.050367124,0.052281283,0.044337362,0.009625509,-0.0110294875,-0.027759157,-0.006904824,0.06507682,0.031201182,-0.0469942,-0.014332781,0.0036217235,0.0052534454,0.03598105,-0.08431147,0.0008988455,0.058473364,0.03002085,0.05120104,0.03539128,0.020979155,0.00219056,-0.009057,0.0509162,-0.016145032,-0.06078573,-0.034674603,0.034995046,0.015100816,-0.016436936,-0.030866541,-0.037705593,0.0035272832,0.033709936,0.040209834,-0.042214714,-0.012207542,0.0036236094,-0.012222458,0.056217507,-0.018027812,0.065238126,0.010755372,-0.034397807,-0.034564976,-0.0082434565,0.012081187,113,639
0.0071880734,-0.02710768,0.04399416,-0.019317944,0.054726057,0.044641763,0.020565402,0.019586943,-0.0010523852,-0.04399296,0.04894022,0.040955305,-0.015664246,-0.008477248,0.07718889,-0.05280885,0.008785317,0.084411845,-0.028288413,0.028705105,-0.03047055,0.0053564683,-0.0057193357,0.014876295,0.06730122,-0.023217512,-0.055963643,0.043756556,0.030848822,0.017661797,-0.051934328,-0.020525627,-0.021526914,-0.042514183,0.047906563,-0.012559494,0.07788865,0.071920484,0.009102203,-0.043450516,0.06610133,-0.015168559,-0.044899963,-0.011485545,0.009339351,-0.02514235,-0.033800833,-0.006008222,0.0123815695,-0.05555459,0.06172841,-0.019698171,-0.025393086,0.01402488,0.062224038,-0.001308253,0.07958271,0.017442536,0.052664973,0.004212291,-0.0072566234,0.04324983,0.0051466804,-0.02183807,0.02603262,-0.07201156,0.10168089,-0.08908254,-0.03659636,-0.028392076,0.042817175,0.036220305,0.020697767,-0.04876877,-0.00901248,0.065211765,0.032643445,0.019630017,0.00085970014,-0.02291654,-0.028304808,0.06538829,0.0068695173,0.024219574,0.027006418,0.0023698471,-0.016909767,0.018609796,0.006882659,0.032409772,102,640
-0.062061388,-0.08356067,-0.026509926,-0.07257463,0.025449902,0.05044838,-0.029500542,-0.029005196,0.024193015,0.00020460691,-0.027193692,-0.016565472,-0.03343878,-0.020730395,0.03014645,-0.054110587,0.07155501,0.021034976,0.031317707,-0.03929229,-0.027191842,0.029581841,0.0059287283,-0.04670068,0.026634408,-0.025879527,0.01620866,0.0057235314,0.05772624,-0.022619829,-0.00054676086,-0.031469814,-0.059413254,-0.0352695,0.044840902,0.021718895,0.074641705,0.050838992,0.03318332,-0.07723013,0.04567516,0.03411166,-0.06540984,-0.016278625,0.014336841,0.014636934,-0.035814792,-0.03984668,0.027322475,-0.013640099,0.120078355,0.022798987,0.04216039,0.009433165,0.06982232,-0.008581828,0.07834418,-0.11440642,-0.00799907,-0.002988779,-0.020113206,0.04603827,-0.045461886,0.006545212,-0.00062418124,-0.078281105,0.029047368,0.030524593,0.041115783,-0.0026371481,0.037256494,0.05899916,-0.0022435226,0.01854689,-0.027192855,0.0034140032,-0.006750947,0.011144601,0.024448212,-0.0009366092,-0.019275505,0.004130656,0.0067704264,-0.019306568,0.007167994,0.023428477,0.045528613,-0.0023442176,0.017698292,0.051208008,107,641
-0.05234694,0.055214696,0.05590388,-0.030710805,0.023219768,0.04116531,0.03756495,0.019139059,-0.031478316,0.0114825,0.06586493,-0.011504218,-0.03133689,-0.045528084,-0.07551325,-0.014703899,-0.00046194904,-0.024183141,-0.038278844,-0.00028954912,0.057989404,-7.222593e-05,-0.032273628,-0.04894383,0.07055563,0.0065172724,0.0027177203,-0.038163543,0.050432503,0.013654355,-0.0062909797,-0.043750234,-0.009893308,-0.021717325,0.015091822,-0.06131139,0.076989084,0.030978467,-0.014135979,-0.030615866,0.05010542,0.07269233,-0.025118753,0.0043599587,0.04413915,0.030260066,-0.061576348,-0.014584191,0.036204517,-0.016820602,0.085651,0.0415619,-0.017824175,0.034573425,0.067222565,-0.058872826,0.09496815,-0.01886006,0.015106414,0.014482207,-0.04237145,-0.0006129658,0.052310362,-0.015873387,0.04344777,-0.07765607,-0.008373458,-0.05340132,0.07964289,-0.05602091,0.0375704,0.030822543,-0.010929658,-0.0129044,0.0009158375,0.0052857753,0.04959453,0.058987334,0.028165054,0.015539795,0.012350256,0.0052866135,-0.0035126917,0.02393903,0.018785533,-2.0788983e-05,-0.0097370185,0.048884835,-0.013171635,0.023325391,105,642
0.0027011316,0.01150248,0.04365877,-0.05127187,-0.008707395,0.09222202,0.008941036,-0.0029501254,0.026358135,-0.021221997,0.006321355,0.041135434,-0.023426272,-0.06147761,0.030432146,0.047492485,0.0080817165,-0.028303536,0.022382226,0.037161566,0.0632623,-0.02321282,0.031369068,-0.030102,0.06708691,0.049172103,-0.016001241,-0.05874683,-0.04840374,-0.037068855,0.056420006,-0.003664134,-0.05319885,-0.0022820143,0.050508987,0.0242889,0.027981378,0.010426115,0.059436176,0.018151604,-0.008788448,0.009132676,-0.020040005,0.03232033,0.0021831654,0.0545499,0.055956874,0.04163625,0.01258161,0.02045545,0.03895159,-0.05413954,0.011624849,0.01633088,0.027936017,0.0071314946,0.05093795,-0.06200158,0.034815677,0.052271247,-0.004332016,0.019222043,-0.04790547,-0.046466086,0.034102306,-0.011511162,-0.029624365,0.0123103,-0.015005699,0.04385696,-0.0088477135,0.00068637216,-0.024897104,0.019935887,-0.037488658,-0.021177147,0.010567823,0.05858753,-0.007870163,0.019158069,0.006195722,0.049639244,0.00036214292,0.026375521,0.011754647,0.060753867,0.033256683,0.058192953,0.052237768,0.06705551,109,643
-0.011064228,-0.0132328365,0.026331149,0.033703014,0.022632144,0.04068116,-0.0037637292,-0.00055353146,-0.002712057,-0.013202027,-0.03854794,-0.030661663,-0.03786993,-0.038738303,-0.03745306,0.026394516,0.047896273,0.03610797,-0.00036129728,-0.0052170553,0.024727168,0.06319225,-0.018087773,0.031864285,0.04981238,0.016176032,0.012167123,-0.020491187,0.010250553,0.02030524,0.110285595,-0.04612183,-0.012279009,-0.039881617,0.037317425,-0.0013851603,0.03349824,0.044411093,0.021849398,0.007986659,0.046593785,0.09980659,-0.025172304,0.0052218027,0.00919481,0.07084961,0.054477032,-0.02051537,0.016778106,-0.03215477,0.042630643,-0.02356926,-0.0067081284,0.04342132,0.011469113,-0.048219454,0.08702377,-0.01960843,0.029260008,0.017944146,-0.08242733,-0.0024894262,-0.022157941,-0.07123716,0.12152237,-0.07944341,0.00932278,-0.00047099963,-0.012515913,0.030652149,0.06772047,0.05086014,-0.0034078658,0.011307705,0.022705518,0.058541376,-0.016397422,0.0020083394,-0.044323526,-0.022469899,0.044561308,0.076233074,0.034917265,0.036043603,0.041835822,0.07656722,0.038181137,-0.0013161404,0.0024193781,0.025420438,104,644
0.042026266,9.724777e-05,0.14004764,-0.032098778,-0.011097491,0.05616568,0.00027524587,-0.021812104,0.037185468,0.0003209249,0.018520387,-0.002139099,-0.045590844,-0.08055405,-0.015196761,-0.04685259,-0.0042031845,0.041363478,0.008698701,-0.007506918,0.052780606,0.037122898,0.014138375,-0.041622933,0.07374328,-0.026501002,0.0043402035,0.012215277,0.017543951,-0.045986842,0.0010653976,-0.046599858,-0.055480067,0.021361688,0.054106016,0.0137623325,0.046774317,0.04377406,0.009651241,-0.037833523,0.08081481,0.073111415,-0.034707237,0.058025714,0.080542825,0.030284997,-0.0044468045,0.012480821,-0.03622987,0.0059943674,0.086533606,-0.006837343,-0.025881242,0.0100918645,0.04257679,-0.053071737,0.061928555,0.043561038,0.04930838,-0.009878383,-0.04822778,0.00035217218,0.0005820971,-0.00809434,0.03743853,-0.041011807,0.014786726,0.021910891,-0.043986235,-0.037434068,0.068581656,-0.02636692,0.046581447,0.020388193,-0.035170883,0.027770832,-0.007664781,0.035717458,-0.032088112,-0.0037786707,0.0034801494,-0.00953454,0.0053565223,-0.016819177,0.017007332,0.056196973,0.06998783,0.0005337512,0.015493887,0.008172855,106,645
-0.026797645,0.06865861,-0.024827614,-0.04065671,0.03374068,0.046651185,-0.048486475,0.0062359534,0.017541777,0.0016557286,-0.042684797,0.0058625704,-0.038169194,-0.070369884,-0.041774597,0.008894142,-0.01388101,0.034561165,0.05230689,-0.013510003,-0.0071774167,0.03426816,-0.015828801,0.02944417,0.022384673,0.03277063,0.064123064,-0.04868112,0.01959633,0.014678887,0.037584722,-0.018973708,-0.029911267,0.023248771,0.0010435022,-0.090343334,0.05882493,0.043110657,0.016043685,0.044899005,0.06727152,0.0023484267,-0.0057753306,0.022643408,0.087912574,0.046448402,-0.046126954,-0.03553067,0.042914435,0.010129775,0.062653854,-0.009430414,-0.0090458635,0.007852593,0.0037832214,-0.014734206,0.119903274,-0.0075770095,0.02968712,0.0034877579,-0.047416218,-0.0182621,-0.039659154,-0.04881705,-0.064252734,-0.037130825,0.039699517,-0.01155636,-0.0069628246,0.016992122,0.03641715,0.035273217,0.030820105,-0.03622238,0.05073244,0.0032060505,-0.03936225,0.029409703,-0.020756694,-0.022315992,0.0092286775,0.02216025,0.020682037,-0.04010038,0.02296907,-0.025823383,0.031558435,0.005789467,0.008837641,0.04766633,102,646
-0.05934179,-0.008569563,0.098669544,0.0378782,-0.0030137142,0.049537133,-0.025865434,0.0023564068,-0.028323336,0.032229114,-0.010622998,0.07744946,-0.002608806,-0.065757886,-0.024333794,-0.011031249,-0.032628823,0.017850896,0.016267791,-0.078348935,-0.01461257,0.05395197,-0.03444311,-0.021368045,0.019530747,0.04725668,0.018922158,0.09197062,0.047346637,0.05261167,0.035953,-0.0078024194,-0.017863378,-0.039664023,0.095945716,-0.036807507,0.032715335,0.035284158,0.03447545,-0.08910646,0.045682833,0.07901882,-0.050506055,0.09631723,-0.004260173,0.08847937,-0.018676912,0.034797706,-0.005406497,-0.0039183386,0.021685474,-0.037550613,0.056002546,0.058511756,0.0036515454,-0.02865045,0.029282182,0.014679942,0.031041555,0.028195042,0.0080435015,0.0018479223,-0.001303413,-0.048476048,0.04079577,-0.020823445,-0.0047665816,-0.06911404,0.046231136,0.0064633796,0.011045637,-0.027672943,0.0055928007,0.043355595,0.013068697,-0.0039515267,0.055635348,0.05221166,-0.047351047,0.011080857,0.03666636,-0.004229104,0.035479233,0.034000747,-0.02532241,-3.92925e-05,0.039750572,0.03315077,0.0109474445,0.03863214,109,647
-0.066010736,0.038421884,0.0787891,-0.05513273,0.023691116,0.052128583,0.014603475,-0.0019936208,-0.055147693,-0.0114011485,0.010110997,0.037537046,-0.0028968044,-0.037520483,-0.02458867,-0.010036403,-0.04032386,-0.03009366,0.032124393,-0.0018655154,0.045800388,0.005917752,-0.013451261,-0.006168438,0.06923954,0.08296615,-0.00021804869,0.031209353,-0.014258968,-0.018650275,0.065830246,-0.015933115,-0.06166127,0.012978019,0.10518065,0.0429889,0.03861246,0.008451236,0.017751873,0.033487342,0.043246128,0.06079527,0.0028752387,0.0015468411,-0.0047891084,0.07719089,-0.018100984,0.087497965,-0.039715387,0.006518771,0.10374154,0.023488631,0.0012713484,0.013406759,0.024058752,-0.013838793,0.06610336,-0.013234317,0.004319761,-0.013601872,-0.02128589,-0.01309328,0.04139315,-0.0017492259,-0.033588987,0.0010915026,0.058640312,-0.026595645,0.051252134,-0.065384865,0.013984579,0.034819666,0.052006356,-0.01965627,0.0066564716,-0.041749068,-0.017268064,0.06422846,-0.018062737,0.049644224,0.027443906,0.012302055,0.040077165,-0.009151867,-0.011189764,0.05178628,0.049554884,0.009635618,-0.003355083,0.039655082,110,648
-0.05462171,0.046223037,0.07932471,-0.002382312,0.058887605,0.04144162,-0.04843719,-0.03768453,0.015793132,0.049967244,-0.021348512,0.025881473,-0.0108017195,-0.046960883,-0.038492054,0.011749446,0.017016523,-0.0121565815,0.04592432,-0.052615203,-0.009419235,0.02690515,0.013973422,-0.05800441,0.05628167,0.039485052,-0.01208379,-0.005280205,0.014905393,-0.027530305,0.023071086,-0.044999678,-0.06256439,0.03844602,-0.042701125,0.0054837125,0.11522651,-0.038666774,0.03774864,-0.08537837,0.016182348,-7.453933e-05,-0.00919207,-0.0013192594,0.002009457,0.009401206,0.009384556,0.0035682737,-0.012687337,0.022434883,-0.0010424666,0.036894392,-0.02995919,0.020741602,0.066976406,-0.010863034,0.07243277,-0.015927447,0.05623898,-0.090015434,0.008425808,0.063005954,-0.014483345,0.030874528,-0.047138456,0.00026575848,0.008556105,-0.025124874,0.04503358,0.03267706,0.014865701,0.0025113737,0.058387786,0.047494855,0.02694131,-0.014154015,0.005409651,0.013707552,-0.038542643,0.024291191,0.027162518,0.014054617,0.011718249,-0.023500476,0.039666273,0.05478199,0.040098015,-0.07324139,-0.014227959,0.050668236,107,649
-0.04694361,0.03203129,0.08001493,-0.06589914,0.059537902,0.083866015,0.078534275,0.012716086,0.01004662,-0.08023262,0.009584211,0.05170091,-0.038925305,-0.01685418,-0.021423116,-0.018916711,-0.043746427,0.024992453,0.0171381,-0.05461778,0.015735913,0.078423396,0.0051307785,-0.059570953,-0.046509933,0.0036346335,-0.027003828,-0.012402528,0.07065472,-0.008324189,0.0058463905,-0.06770917,-0.08727927,-0.048589267,0.054923404,0.025607958,0.049757034,-0.014940914,0.017312229,-0.07184448,-0.016434126,0.0072440524,-0.0005874187,0.028137296,0.017679557,0.048964184,0.03329794,0.0032434529,0.011155409,-0.007049645,0.019855041,-0.0033857888,0.053650685,0.10703741,-0.0072762687,0.014176987,0.014833882,-0.05446709,0.022889074,0.03313061,-0.041502498,0.008549358,0.026970513,0.007968558,-0.013250303,-0.00428327,0.015292823,-0.032249253,-0.187311,-0.023188673,0.0391953,-0.003003347,0.040770963,-0.034614634,0.0011342942,-0.0371773,0.00096328463,0.002002366,-0.0049475487,-0.010451335,0.021023534,0.09256278,0.034495875,0.025817344,-0.038261853,-0.0069165546,0.0149200475,0.1135435,0.009756263,0.07580323,103,650
-0.053305607,0.04230319,0.050818205,-0.034519564,0.023226053,0.0076801777,-0.022645937,0.02503512,0.03040323,-0.0340747,-0.02276579,0.040457036,-0.029707983,-0.05584195,-0.058138072,-0.023780227,-0.0867983,-0.009601874,0.030856818,0.0018156818,0.045755483,0.027430471,0.005388608,0.030921303,0.048116405,0.0017482862,-0.04691205,-0.025333341,0.04162068,0.023643725,0.09375594,-0.02456878,0.009461511,0.05405406,0.06947513,0.02145803,0.06635138,0.0080325175,0.021210456,-0.010219313,0.079629354,0.054906238,-0.00437673,0.047146454,0.03624422,0.048077885,-0.03127186,0.029462721,0.017121099,0.034574088,0.059870414,-0.0016483287,0.028974678,-0.0039049443,0.06490405,-0.020711629,0.04319419,-0.044737983,0.055489033,-0.024739709,-0.010690135,0.028288411,0.0065674274,-0.06493675,0.042193178,0.013342574,0.068036005,-0.061524577,0.011722185,0.026634721,-0.03633643,0.04184652,-0.024089305,-0.006231214,0.02583731,-0.02451216,0.03379363,0.035755247,0.001121914,0.029028295,-0.05134468,-0.019857105,0.04983597,0.0031695422,0.06512595,-0.0016709175,0.033918217,0.0018505038,0.004685003,0.0041544363,103,651
-0.01706822,0.026034985,0.07972332,-0.031260468,-0.054389462,0.019355599,0.020786498,-0.018137578,-0.027390804,0.043927535,-0.02739644,-0.009146941,-0.014691651,-0.047852676,0.038446505,-0.010871771,-0.026546864,0.026656147,-0.00028626248,0.014559516,-0.0051946063,0.05248444,0.039019916,-0.047435094,0.04699215,-0.0054094195,-0.07362663,0.048429616,0.047298796,-0.013949402,0.066017926,-0.052264594,-0.06489907,0.025892286,0.036096513,0.017916963,0.015687665,-0.0033163894,-0.007902123,0.031640396,0.02441558,0.05624214,-0.024535783,0.023713585,0.048556786,0.08540462,-0.031634018,0.050164632,0.0013419613,0.0056072185,0.0611725,0.023042547,0.029852498,-0.014499122,0.012476371,-0.07172626,0.07531003,-0.06861849,0.0071513634,0.006451674,-0.021467708,-0.004307149,0.009671126,-0.019423574,-0.10802063,0.05236584,0.07240635,-0.049829416,-0.02214438,0.002219974,0.0215748,0.033381097,0.07275328,0.0006568674,-0.023723245,-0.013434714,0.034145705,0.07488098,-0.054195624,-0.045959454,0.010665184,-0.033419818,0.03948149,0.027456587,0.03354951,0.035735972,0.0144016,-0.083415695,0.019103684,0.03652052,110,652
-0.04107537,0.027108274,0.025558444,0.009857338,0.029901113,0.055552498,-0.030648487,0.06152949,-0.0009924257,0.059672542,0.006733476,0.016367726,-0.02203479,-0.054818258,-0.0555515,-0.04425491,-0.023383826,0.02644856,0.033010066,0.04957639,0.040337346,0.04432647,0.047154635,0.0019147024,0.021377532,0.02815643,0.010171245,-0.053725384,0.054570436,0.02997126,-0.018735839,-0.0019034725,-0.005549928,0.035106543,0.053245276,0.02119834,0.017130286,0.0014627818,0.043177012,0.0030074902,0.022381874,-0.0470193,-0.09173942,-0.007345643,0.05371049,0.09029937,0.015541403,0.003917626,0.0016510069,0.040299326,0.07722124,-0.0039121863,0.009649417,0.019156463,0.05415863,-0.0054525845,0.04074665,-0.056066785,0.119496815,-0.013775006,0.010813078,0.0018301518,0.037016466,-0.048318204,-0.008308236,0.0053653196,0.01357105,-0.041395865,-0.017845351,-0.015957752,0.02622908,-0.00291585,0.050927147,0.037757214,0.011571375,-0.020500742,-0.002791889,-0.023633689,-0.030126873,0.0065976265,-0.01645128,-0.0026994813,0.0012234626,-0.00043609925,0.011769713,0.012506802,0.05982191,-0.030765846,-0.066590615,0.023813104,112,653
-0.02127283,-0.02859657,0.0829636,-0.012873994,0.026218997,0.054048732,0.0766101,-0.020500518,0.034026302,-0.006322125,0.010875226,0.023167096,-0.04481347,-0.019435326,0.032289907,0.00513663,-0.032369863,0.004408608,0.052049458,0.0055845454,-0.026859777,0.008005872,0.071645126,-0.011025304,0.03701519,0.031027526,0.026895199,0.0030465443,0.021992326,0.053152256,0.050039668,-0.0066700783,-0.016880453,0.058157448,0.10816096,-0.027060527,0.018432964,0.027078565,-0.024655249,0.013569542,0.060999937,-0.005586777,-0.036694266,-0.016301878,0.037741087,0.023817457,-0.007938698,-0.01765704,0.0038827718,0.014241819,0.056665618,0.067565344,0.025329053,0.041438516,0.000652235,0.0149662085,0.06293033,-0.011848155,0.03163068,0.012199636,0.005706968,0.047550265,-0.08416257,-0.0024327412,0.02396917,-0.004204441,-0.035302866,-0.012152493,-0.005518712,0.024803154,0.06646709,-0.009960485,-0.011332523,-0.022698723,-0.0070845494,0.016181897,0.032970306,0.068232745,-0.0044165677,-0.047871135,0.015592106,-0.025996525,-0.007319484,0.051521838,0.07970308,-0.0008774027,0.021653727,-0.0070680613,0.03252389,0.010679416,106,654
0.01532448,0.032028407,-4.8134476e-05,-0.031115247,0.017901417,0.019179365,-0.0113196485,-0.04457346,-0.0069733914,-0.04413472,-0.0077317264,0.060367994,0.012611128,-0.032590553,0.043718133,-0.0679414,-0.0049453294,0.02617135,0.061980736,0.0034882147,0.07205292,0.052859254,0.047970086,0.004736811,0.011440335,0.0454337,-0.025385564,-0.0003391318,0.024057418,0.053950347,0.024273707,0.012932327,-0.07243929,0.008241611,0.029412366,0.013031729,0.09851379,-0.0024057478,0.04086315,-0.032180008,0.0016733706,0.05531934,-0.02363012,0.033798106,0.016254062,0.034319162,-0.024388356,-0.046411417,-0.049174882,-0.05522552,0.06094552,0.055201367,-0.012231393,0.022238273,-0.0049129464,-0.062211607,0.04916209,-0.0067616515,0.050040882,-0.025301963,-0.020536542,-9.267777e-05,-0.022669647,0.003077283,-0.05764423,-0.022989875,0.026373329,-0.04726951,-0.03912106,-0.029004175,-0.017579865,-0.037719283,-0.014005119,0.026278533,0.009853591,-0.020799473,-0.030293861,0.014334375,-0.02699432,0.024881918,0.03829443,-0.011519652,0.04308585,-0.008247747,0.016037766,0.033147007,0.055290326,-0.029254116,0.019838024,0.05651109,103,655
-0.02281621,0.0019544922,0.02824411,-0.07980011,-0.011480439,0.06375769,-0.02795538,-0.024042543,-0.07119667,0.009118753,0.046892367,-0.02765733,-0.037923858,-0.04376547,0.06563452,-0.07235935,0.0406303,0.043709937,-0.023699876,-0.061311908,0.017435212,0.05420617,0.003503928,-0.022487193,0.10709719,0.03002394,-0.035808124,-0.011152306,0.072914846,-0.008691294,-0.012033612,0.015177224,-0.06326366,0.062451392,0.038924772,0.020230563,0.091761276,0.06678167,0.033788975,-0.0420457,0.036520883,0.09008533,-0.03668329,-0.007757622,0.050983246,0.08310213,0.014926985,0.054219015,-0.022917936,-0.08183705,0.023569304,-0.013216851,-0.05434521,-0.020207675,0.034899496,-0.049867593,-0.0003958717,-0.06450862,-0.006275315,0.037961148,0.0007519517,0.0061317366,-0.004524501,-0.033747267,-0.043769352,-0.1198628,0.078814715,-0.025037494,-0.010431964,0.002468986,-0.0061308295,0.016539345,0.00792855,-0.100874595,-0.009138965,-0.019601893,-0.0232447,0.004952401,-0.009347858,-0.04514747,0.0024670968,0.014720165,-0.036568567,0.029763853,0.04252038,0.099803194,-0.006112423,0.03750238,-0.008061635,0.02883536,103,656
0.0025962377,-0.040513903,0.057880193,-0.020142158,-0.038761172,0.041796252,-0.0061196904,0.044223133,-0.0047276085,0.019743526,0.031497974,-0.03942299,0.014914185,-0.0028748363,-0.07152232,-0.026076734,-0.041947443,0.023063647,-0.026480034,-0.021776635,-0.086425096,0.06851736,0.047272645,-0.020889143,0.03235415,0.0054677743,-0.05984982,0.062145784,0.027835643,-0.013824455,0.08160193,-0.06817733,-0.015758328,-0.050652266,0.11759271,0.0025176713,0.00996165,0.051797174,-0.04014832,0.018164638,0.062017847,-0.01314678,-0.04522939,-0.023932837,0.001986703,0.07035086,0.002145051,0.00046693906,0.019973392,-0.007989262,0.038748663,-0.047212668,0.020576345,0.030060403,0.039494734,-0.0846671,0.10963988,-0.055538043,-0.0034338683,-0.007410339,-0.014676547,0.00941672,-0.008118256,-0.088868044,0.014637906,-0.037492726,0.035747923,-0.0038811825,-0.034259535,0.011629309,0.07639596,0.018484933,0.018607374,-0.0004782211,0.031206707,-0.054894835,0.014325084,-0.012149636,0.002444937,-0.01537,0.07295117,0.0062488467,0.008968769,-0.012321101,0.013481348,0.04427933,0.03700247,-0.027993474,-0.0076262895,0.004939329,102,657
0.030931704,0.06623732,0.025246173,-0.037107687,0.049944147,0.07192267,0.01691913,-0.018345002,0.03568373,-0.049943574,0.0319331,-0.0019829506,0.010401709,-0.025756124,0.008969225,0.004352499,0.035141006,0.024938373,0.017188054,0.004940072,0.0024318253,0.045238353,-0.00078132376,-0.057569914,0.05962024,0.023280699,-0.0068396376,-0.027685054,0.034689024,0.043683846,0.0042086653,0.014115997,-0.031840764,-0.0262618,0.004219357,0.0019849883,0.11564786,0.064917296,-0.00022756681,-0.039719965,-0.009881824,0.040068727,-0.02210079,0.018483745,0.08302794,-0.007961679,-0.042749114,-0.03253001,-0.039226487,0.010096938,0.03421859,-0.029173786,0.030825326,0.040394578,0.036024727,-0.019382842,0.03528844,-0.12208901,0.020939203,0.032757513,-0.031990916,-0.020707615,0.07578756,0.018549554,-0.052881677,-0.012494171,-0.014685839,-0.039865397,0.051480055,-0.00904107,-0.0073111095,0.03104202,-0.0011267867,-0.032033045,-0.061959233,-0.011117065,-0.0001690425,0.0266499,0.013961522,0.020581488,0.018977448,0.0011878451,0.082318254,0.026062822,0.0026901476,0.09414232,0.05981449,0.050585154,0.006102533,0.011815086,108,658
-0.014039506,-0.01272041,0.0504172,-0.043396953,-0.025399297,0.026981104,0.06281065,-0.018833458,-0.058763944,0.046734408,0.0022750958,-0.023825374,0.009027034,-0.06410783,-0.027541876,0.0111316,0.000505222,0.022528492,0.03457101,-0.056105178,0.02930241,0.024795208,0.014811744,0.022608414,0.055022933,-0.040455334,-0.058264207,0.014321491,-0.03625658,0.019612446,0.09006848,-0.02868157,-0.035359107,-0.011039939,-0.030314535,-0.0015984774,0.03580828,-0.006860025,0.0070143044,-0.028333694,0.06682922,-0.024838604,-0.022582678,0.029126635,0.045192856,0.067834355,-0.0103642065,0.021547964,-0.013523806,0.014888194,0.07554605,-0.017784378,0.0530334,-0.008878626,0.013543126,-0.07664257,0.0992498,0.017512072,0.07188554,-0.015885249,-0.029785015,0.03911855,-0.008369009,0.029951923,0.011841109,-0.045663994,0.034858923,-0.021315562,-0.0040056556,0.016983233,0.024993937,0.0022044773,-0.0055523477,0.039934274,-0.017863333,0.0060409503,0.0019368008,0.049742095,0.030969098,-0.020199256,0.017036963,0.050719455,0.022027653,0.04868406,0.009278666,-0.01628237,0.06295569,0.053462163,0.024217024,0.034571018,110,659
0.062229775,-0.03384404,0.06344646,-0.040022906,-0.02035392,0.046716604,-0.0051205195,-0.036513988,0.00473734,0.0025026076,0.06222948,-0.01440737,0.019536737,-0.051062442,0.07281515,-0.003802425,0.05854557,0.066061564,-0.0042101834,-0.015642159,-0.057059653,0.033546444,0.014345334,-0.06266402,0.06497939,-0.0041203685,0.033955198,0.036954124,0.11280548,-0.030671015,0.01878334,-0.03521703,-0.0017696433,0.028765421,0.07414475,-0.021224204,0.08093575,0.03482212,0.012705872,0.0052456753,0.059503973,0.0064998027,0.0070700143,0.040126897,-0.010564188,0.09153588,0.0007004766,-0.014743956,0.027014948,-0.010495322,0.05798084,0.026699709,0.07869949,0.047941707,0.03871105,-0.018066445,0.066327676,-0.022578888,0.008095363,0.028279483,-0.025806291,-0.043798085,0.005505616,-0.005628084,0.05430417,-0.037238,-0.04599979,0.03206006,-0.10863036,-0.007990262,-0.0020641647,-0.0052080965,0.027013084,-0.021797888,0.00031088386,-0.029358901,0.010295536,-0.057911515,0.018801266,0.008218683,0.049784493,0.019978147,0.09004598,0.008388987,0.032096837,0.0009796284,0.029866075,0.054487947,-0.029140387,0.005735416,106,660
-0.09853666,0.020935249,0.07936307,0.060677007,0.001360259,0.012231968,-0.028677976,-0.021299861,-0.003607573,-0.003758545,-0.03166524,0.054302897,-0.0534717,-0.07291907,-0.021901518,0.0050822874,-0.0011702431,0.020175036,-0.022600787,-0.026080772,0.0031063445,0.08074096,-0.006829342,-0.031584617,0.034534,0.052787416,-0.006045598,-0.005484253,0.0002004113,0.05035141,0.085304365,-0.032478232,-0.027945926,-0.004557464,0.013869777,0.013733376,0.05647753,0.040084347,0.009404346,0.05150385,0.033612527,0.0340678,-0.07311283,0.0877972,0.03558165,0.077122,-0.052177336,0.034888156,-0.06237717,0.025308397,0.117669776,-0.020774618,-0.03766326,0.04526581,-0.0005876003,0.015092906,0.089369446,-0.022275683,-0.02982853,0.04551149,-0.008626824,0.029345019,0.036565244,0.024771025,0.028372593,-0.011682624,0.03136596,0.05743726,-0.009736006,0.020079259,0.061056674,0.009315215,0.03505647,0.03540065,-0.052726194,-0.0050478093,0.07077499,0.022315431,-0.041260555,-0.0143265575,-0.007968701,0.070152916,-0.0033051036,0.0040395064,0.026538916,0.044151563,-0.011970669,0.081693925,0.0025449358,0.023229182,111,661
-0.057080608,0.0077074934,0.06377798,-0.116348155,-0.01501416,0.053416185,0.021023307,-0.023937486,0.02244065,-0.031075714,0.024831187,-0.08019824,-0.067471586,-0.03440434,0.026779115,0.0419181,0.036707267,-9.693019e-05,0.012840165,0.03293164,-0.024538333,0.016726352,0.021806106,-0.07934636,0.048017144,0.02460769,0.017804746,0.05499495,0.0030787159,-0.024233416,-0.0022496842,-0.033488125,-0.0017210823,-0.042139936,0.08580376,-0.00801435,0.0737055,0.051875662,0.013065253,0.0018340969,0.0025007352,0.1222889,-0.029790292,0.04400735,0.013139013,0.033290416,0.019056087,-0.034117736,0.026621446,-0.0013116244,0.05273666,-0.0011945246,0.007926246,0.035878494,-0.023895165,-0.06975109,0.08276946,-0.040769517,0.03760945,-0.016075246,-0.01936086,0.013332121,0.00096898153,0.008287032,0.010093002,-0.09253198,0.059640422,-0.10177256,-0.08823021,0.044299766,0.011638454,-0.046992816,0.006371717,0.02897816,0.0040472792,-0.016209006,-0.0064328574,-0.025788758,-0.037771933,-0.028659642,0.01639226,0.026615025,0.041129455,0.029331557,0.046520784,0.032375555,-0.019628815,0.021957152,0.0058754957,0.04992737,101,662
0.075034246,-0.041630916,-0.029605672,-0.029826578,-0.010786701,0.015995126,0.022651315,-0.011819277,0.029467346,-0.04687598,0.017289314,-0.0043738466,-0.06114195,-0.06256554,0.027305447,-0.048416898,-0.007857102,0.02108789,-0.03421817,-0.034444857,0.0043716547,0.061777286,-0.042501204,-0.035957433,0.05470533,0.04215508,-0.058829427,-0.008827072,0.031315096,0.083471686,0.07495339,-0.020361561,-0.0100822,0.04289063,0.034782186,0.015772419,0.11221909,0.0054142643,0.030204128,-0.01982797,0.06970671,-3.5956502e-05,0.015727658,-0.0091530895,0.010376265,0.026590282,-0.0142100565,0.05577402,0.03569363,-0.004096549,0.062229242,0.041150548,0.056438193,-0.03909391,-0.0052513406,-0.009186355,0.10649248,-0.02594024,0.016215205,0.033800088,0.010450641,0.06951301,-0.049790975,0.036919855,-0.080975145,-0.038824644,0.014967433,-0.05275543,-0.07507156,0.030217515,0.042108152,-0.010850684,-0.009182753,-0.025189921,-0.0019858207,-0.05208205,0.02084981,0.14346689,-0.020330101,-0.02680989,0.023364883,-0.0020323936,-0.0047333706,0.020202404,0.0076594707,0.017867602,0.0054569133,0.018581307,-0.013654989,0.10565257,103,663
-0.03771834,0.02105744,0.050294787,-0.032053635,-0.004103532,0.04839418,0.02640076,0.024481919,0.029527744,-0.03572165,0.029771853,0.060636245,-0.0077259867,-0.041949913,-0.0077605597,-0.03603376,-0.04764346,-0.0071659386,0.013009985,-0.029950924,0.037355535,0.047289055,-0.0058795493,-0.01904155,0.02401976,0.018003594,-0.0022325525,-0.013391423,0.047504775,0.06586018,0.0702618,-0.05888388,0.018622257,-0.007867131,-0.021822885,0.0063638003,0.10691443,0.031545527,-0.025975231,0.02958266,0.044632908,0.03096243,-0.023270413,0.016372334,0.07931231,0.09431964,0.021056134,-0.021318277,0.057520516,0.006283582,0.104549825,0.02701334,0.0012522282,0.005038617,-0.00028419308,-0.024864037,0.066499986,-0.013674807,0.015601449,0.017323846,-0.044283092,-0.04350935,-0.004237448,-0.029186958,-0.024210269,-0.043320507,0.0031558368,-0.025941264,-0.07535246,0.043391887,0.04989466,-0.03614969,0.05834654,0.028581653,-0.022537483,0.0008212981,0.021270618,0.034593247,-0.018658364,-0.026360836,-0.026473239,0.033064328,0.029712453,0.029621426,0.03831823,0.09235935,0.09588596,-0.035649937,0.0450311,0.06464603,105,664
0.0076400945,0.0447302,-0.0056532994,-0.07569434,0.032081068,0.10428951,-0.06924969,-0.0054967767,0.020044431,0.017826406,0.004393031,0.037401363,-0.031955164,-0.043107286,0.049644593,-0.022844417,0.07697139,-0.012865366,0.0141883055,-0.02926382,0.06991263,0.08329068,-0.009415358,-0.002804093,0.042401083,0.04274061,-0.01683656,-0.060697675,0.006846523,-0.012830276,0.04140117,-0.03608875,-0.017228145,-0.0116215795,0.0011352822,-0.020867266,0.09524371,0.0107779205,-0.027795732,0.0052600764,0.00645205,0.04148527,-0.02500878,0.024093777,-0.00032684952,0.08377586,0.00021364307,-0.032926552,-0.04469256,-0.024054285,0.112849444,-0.025475632,0.006827982,0.007389266,0.021968262,-0.018877508,0.025697645,-0.04505329,-0.049998388,-0.04496048,-0.08436576,0.037768163,0.014212219,-0.038812302,-0.06756441,-0.028094621,-0.015286129,-0.04452616,-0.14568084,-0.052855283,0.00030747615,0.029894177,0.06699136,0.049343675,0.023007404,-0.02490621,0.0631728,0.020296987,-0.018598616,0.016034726,-0.00076286774,-0.017676927,-0.002844002,-0.017570836,-0.00042758137,0.02205135,0.071996234,-0.021710742,0.0041489266,0.059079792,102,665
0.0065491823,-0.0055497847,0.06416097,-0.019086236,0.015484285,0.04185138,0.011915217,-0.053108048,0.014072307,-0.021762801,0.015614446,-0.02672344,-0.040384397,-0.04065794,-0.06088274,0.05853144,-0.034430332,0.048536293,-0.014936616,0.010213603,0.043577537,0.062970266,-0.016136924,-0.03402874,0.0579234,0.05679269,-0.023995303,-0.009094451,-0.019603478,-0.0027695913,0.0518751,0.004350692,0.04455801,0.049038332,-0.0041448995,-0.035546955,0.006658133,0.045160588,0.05149838,0.014538319,0.10871448,0.005671952,-0.055255085,0.024007574,0.0113970395,-0.00030684844,-0.008782502,0.023394868,4.100066e-05,0.02748051,0.019222643,-0.092612036,0.059729904,-0.0072000343,0.06668889,-0.010272447,0.0523517,0.0020455942,-0.023944072,0.044556,0.06240978,-0.0058285426,0.050454967,0.013295771,0.025502361,-0.05953608,0.015391072,-0.04032671,-0.040123466,-0.041839972,0.0987298,0.008137578,0.010153033,0.032751523,-0.027398847,0.017066754,0.0096827485,0.0057861386,-0.030341845,0.020317553,0.04207839,-0.013401054,0.06100417,-0.032972783,0.03517063,-0.029970234,0.016788034,-0.0017558131,0.03385707,-0.054486357,101,666
-0.008437719,-0.005999449,0.064879075,-0.03316601,0.00061645126,0.08377272,-0.0014040461,0.041440427,0.011161698,-0.003943101,-0.027543828,0.033546157,-0.05038747,-0.06198699,0.045610912,-0.03505596,-0.011731374,0.011872324,0.027060553,0.008238701,-0.041111335,0.045306124,0.06692631,-0.044181373,0.051202737,-0.002257239,-0.038094003,-0.03955783,0.021216612,0.047056124,0.021488344,-0.026821677,-0.042834096,0.019769555,0.14351495,-0.051811974,0.028980996,0.029711965,-0.0280145,-0.030254379,0.02419508,0.04512181,-0.0074617285,0.049815103,0.032989748,0.0044676624,-0.036681548,-0.0025516478,-0.0032287694,0.0018167496,0.07270428,-0.0015697014,0.027013771,0.039292797,0.010851444,-0.0448146,0.05617357,-0.047826387,0.09346901,0.0035217647,-0.03848544,0.06183039,-0.023224972,-0.023372026,0.034111317,-0.014294733,0.02388693,-0.027330678,0.022495706,0.014195776,0.024978485,0.060475267,0.043664366,0.05948154,0.024419129,0.047680568,0.016912948,0.09898444,-0.016989222,0.027620131,0.038000584,0.020024635,0.041773975,0.064533435,0.018375035,0.039914727,-0.023437854,-0.04498154,-0.0026759012,0.0411075,109,667
0.0025770534,-0.023475124,0.021009246,0.015514292,0.028692544,0.060256142,-0.041719586,0.008213057,-0.0005101124,-0.032199547,0.07552144,0.036981694,-0.04521016,-0.022396127,0.01057871,0.015351385,-0.04454313,0.0101753585,0.0197269,0.02166555,0.008709334,-0.022509802,0.028612128,-0.033282712,0.023393631,0.000834465,-0.061076313,0.030619424,0.06880981,0.065880775,0.024281312,-0.013728427,-0.054992042,-0.04660728,0.05457302,-0.05041887,0.044139847,0.042207234,0.00010465458,0.0380937,0.060711022,-0.029221337,0.013768557,0.047062676,0.041739322,0.043976124,-0.010183413,0.015469907,-0.0020607389,0.0050802026,0.071922466,0.059851244,-0.015908737,-0.006466588,0.008908811,-0.09614582,0.07561681,-0.03219925,0.07475084,0.05160229,0.021232864,-0.0014128927,0.008994758,0.020966884,0.002651093,-0.04004842,0.008764585,-0.028802259,-0.041276403,0.055887822,0.06618711,0.0061466694,-0.0043022204,0.014556757,-0.029015275,-0.015681922,-0.019957906,0.08652268,-0.02902582,0.021982526,0.03758998,-0.040321756,0.07504429,-0.04105886,-0.013256194,0.021289874,0.06681916,-0.05170713,0.00295239,0.041722715,103,668
-0.00092893513,-0.025725422,0.0719316,-0.039593235,0.02461142,0.03853375,-0.015124194,0.044313896,-0.012863621,0.047537718,-0.019668134,-0.0039424,0.0028778724,-0.05614316,-0.014077071,0.024476271,-0.058084562,0.003907198,-0.018547952,-0.03104065,-0.020147493,0.051947765,0.032598864,-0.022511566,0.0810812,0.05838024,0.034376398,0.028668594,0.08082265,-0.008138102,-0.0078518,-0.006374644,-0.018279383,0.021603959,0.05888322,-0.0410833,0.019606516,0.04250827,0.027735151,-0.016900664,0.010423597,-0.00091113336,-0.032710347,0.030792685,0.037080545,0.053766318,-0.0017379469,0.00015139673,0.06666342,0.015388671,0.030691171,-0.050176755,-0.029840223,0.024355937,-0.0061013885,-0.013496403,0.1135624,-0.09692534,0.007333869,-0.056151826,0.016079323,0.04615968,0.031663,-0.026168628,0.07691535,-0.023420967,-0.024788138,-0.07380703,-0.098700784,-0.0063064313,0.03867808,0.047633555,0.002644387,-0.015484031,-0.026812308,0.04885131,-0.009537043,0.042201452,-0.017887868,0.011132333,-0.026953358,0.061470963,-0.05631861,0.031487606,0.02686444,-0.040036835,0.035415977,0.07161108,0.038587853,0.057648715,104,669
-0.008743632,0.009073766,0.022045575,0.0063479207,0.013836169,0.028097596,0.014585864,0.03572285,-0.037506804,0.022413857,0.0019413756,-0.028368514,-0.014373574,-0.058306757,-0.030113941,0.034437448,0.031576872,0.031084888,-0.0025014686,-0.015593184,-0.0005271947,0.05886045,0.010906625,-0.048160948,-0.011103291,0.031047823,-0.061994556,-0.0053645214,0.018515501,0.036070287,0.010675211,0.015392888,-0.077104464,-0.015767816,0.032086637,0.017724609,0.019057501,0.06300325,0.018636474,-0.017706454,0.033769757,0.05754017,-0.013825401,0.10999165,0.010480843,0.024845544,0.032146342,0.02543141,-0.019262014,-0.016725574,0.007919241,-0.03695542,-0.006381388,0.059735455,-0.0024507903,-0.01356753,0.045498878,-0.07941372,0.048924133,-0.04365346,-0.059168592,0.07218893,-0.010163737,0.024606727,-0.0717697,-0.062128928,-0.0051307883,-0.038640562,-0.01708665,0.026921814,-0.018933497,-0.029564735,0.04164622,0.03910017,0.04189024,-0.03897754,-0.0008732062,0.01789327,0.029399212,0.06316472,-0.015703563,-0.01589067,0.026176415,-0.0068276394,0.018171877,0.010303833,0.05419741,-0.07537624,0.07025582,0.068210274,114,670
0.040522236,0.030900422,0.055659115,-0.09038629,0.009559968,0.047795728,0.020215658,0.0056662587,0.029363766,-0.011997067,0.05812729,0.050254643,-0.011511458,-0.010655394,-0.022597056,-0.0010612644,0.04120577,0.017904326,-0.0090377405,0.034228243,0.0048694555,0.07385576,0.020085603,-0.09050471,-0.008351427,0.00334166,-0.052989364,0.021973453,0.045673802,0.05586126,0.009291719,-0.019611139,-0.024338555,0.02172649,0.073990546,-0.017990982,0.079802744,0.06551927,-0.030110758,-0.03313417,0.060399495,0.008130295,-0.03517846,-0.029466577,0.051249154,0.14682814,-0.010784361,-0.03585515,0.0075971773,-0.025524866,0.09688361,0.018887525,0.001472817,0.07518006,-0.023946892,0.008119902,0.062270246,-0.04205758,0.06538346,0.0022930494,-0.04946389,-0.00064788014,-0.036042675,-0.008581351,0.039275102,-0.0045040306,-0.010819469,-0.0008997787,-0.056024723,-0.029083297,0.019228615,0.03118388,0.023828011,0.021051288,0.037362836,-0.0036208974,-0.034387484,0.04674206,-0.07251159,-0.031062292,0.021148037,0.027204206,0.04236962,-0.033259686,0.026646353,0.0376505,0.050798573,0.021345586,-0.021220967,0.021375936,107,671
-0.009827783,0.016916888,0.06588135,-0.075931884,0.0031515937,-0.02830818,-0.0042227837,-0.0037791124,0.056242146,0.023315378,-0.061063517,0.030944698,-0.01382828,-0.017993137,-0.034947313,-0.08263911,0.06520071,0.03925605,0.03365668,-0.04429367,-0.032434084,0.045192048,0.0368752,-0.018407475,0.05273661,0.02361282,-0.009944579,0.042255383,0.0050884252,0.018758716,0.000107008964,-0.045281976,-0.039365176,-0.019376464,0.043101303,0.049119636,0.07567266,0.025534086,0.017052468,0.0028207265,0.05462536,0.017033862,-0.009014828,0.04409749,0.01262942,0.009369127,-0.018521193,0.022570629,-0.058117017,-0.010305404,0.019873518,-0.02285899,0.023384947,0.07181813,0.01597353,0.0008463487,0.029555479,0.0611235,0.049141545,0.010092938,0.015756005,0.06757257,-0.01427991,-0.03490086,0.0061372295,-0.06747467,-0.016423937,-0.044157565,-0.07345967,0.002288262,0.013689197,-0.010873616,-0.002889242,0.0012964718,-0.0014056872,0.028361686,-0.041458577,0.03413976,-0.013954516,-0.05859062,-0.035792165,0.023611667,0.05585186,-0.041245386,0.030685462,-0.02844355,0.030088624,-0.008852627,0.003944678,0.043759096,107,672
-0.08294206,0.021489443,0.11892932,-0.03516925,0.04197575,-0.011870485,-0.007048054,-0.0009030965,0.018485393,-0.015274266,-0.042033214,0.016383361,-0.057825517,-0.113530755,-0.05864654,-0.016054073,0.047617406,0.028888535,0.02603881,-0.05405711,0.009916673,-0.0012398399,0.020075902,-0.001261007,0.05260104,0.024992887,0.029469773,0.0337022,-0.04804281,0.036507986,0.0084601175,-0.07341133,-0.08195445,0.00046447664,0.08189083,0.028414931,0.08819189,0.05817224,-0.021018207,0.042794995,0.07749683,0.007034514,0.009154439,-0.007665539,0.038241412,-0.005231302,-0.047641918,0.030393623,-0.07365363,0.0006696936,0.0650124,0.02930945,-0.016964646,0.0664644,0.059882898,-0.036244847,0.05247143,-0.011662643,0.00021011382,0.023585944,0.0058034826,0.0011180881,0.040913984,0.002903867,-0.10287166,-0.05065885,0.15203969,-0.06057676,-0.03047314,-0.051068228,0.0048485454,0.0048053674,-0.0056601707,0.04892801,-0.004349432,-0.05080654,0.04756175,0.08810992,-0.067420796,0.03148572,-0.011998919,0.014083754,0.013255412,0.008324819,0.02581083,0.010195892,0.007153021,0.0155164525,0.02796061,0.03091713,114,673
0.023778629,-0.0044221594,0.021939328,-0.027988879,0.06461653,0.051968895,0.040933155,-0.014261001,-0.025994599,0.019386183,-0.048520673,-0.0031543118,-0.03980788,-0.06877177,-0.046084918,-0.025471866,0.06941361,0.055268295,0.005952696,-0.011601253,0.095684186,0.09840019,0.007963994,-0.028127866,0.054644354,0.018495228,-0.00091685075,-0.011672939,0.053011842,-0.02600202,0.046988845,0.0026522018,-0.03067159,-0.009348378,0.02205237,-0.044617668,0.11083934,0.0018196236,0.029723829,-0.04141122,0.013538215,0.010564735,-0.0055968743,0.05949392,0.032184247,0.037801888,0.004964851,0.031947006,-0.06559838,-0.012250915,0.10415465,-0.052671485,0.01758159,-0.012788022,0.009343695,-0.008872906,0.08697339,0.0038725212,0.008588448,0.049827907,-0.032992356,0.024560846,-0.023819253,0.02183349,-0.0022197394,-0.07113063,0.032877564,-0.007885531,-0.11762589,0.03860492,0.035606116,-0.009247368,0.03133255,-0.04829376,0.066814184,-0.07056363,0.024371725,-0.008837422,-0.005954863,0.008218098,0.008116907,0.05795179,0.01752784,-0.037636735,0.04214559,-0.015094029,0.04510355,0.032807186,-0.017856035,0.047035884,109,674
-0.008614935,0.006889864,0.042299446,-0.13748507,-0.021095231,0.0734159,-0.009254282,-0.029251229,0.0069701383,-0.027910305,0.011350252,-0.03844254,-0.051167786,-0.08237949,0.027924333,-0.012438353,-0.05702214,0.018909745,-0.004978681,-0.033509504,0.026336486,0.03240944,-0.013390128,-0.056497738,0.04063741,0.03495718,0.009276705,0.02181254,0.010030083,0.012967845,0.015328705,-0.052419953,-0.066271,-0.025865065,-0.01776576,0.02106138,0.024927456,0.031013533,0.038857244,-0.01710185,0.1015851,0.07727515,-0.015847756,0.06122812,-0.027681174,0.013378516,0.0077896807,0.026285002,-0.065217234,-0.021899223,0.047532797,0.008012429,-0.0044002743,0.018347079,-0.04318401,-0.05653605,0.07790747,-0.1037285,-0.0033405907,0.044137634,0.038872965,-0.019968005,-0.012317236,0.06847307,-0.028219026,-0.05754473,-0.013769997,-0.016756587,0.01029022,0.004016866,0.020592561,0.014610022,0.031853747,0.052995466,-0.02317576,-0.004402723,0.016910484,-0.004037386,0.00050170254,-0.046546817,-0.028637622,0.04522214,0.04733415,0.013533178,0.0085147275,-0.00839985,0.00839428,0.003100114,-0.026613407,0.04482814,109,675
0.010340948,0.026699925,0.07644725,-0.011732236,0.02031537,0.091966614,0.0039823563,-0.011363141,0.024430132,-0.007262133,0.047258474,-0.011371318,-0.04297495,-0.058084905,-0.013180032,0.016146302,-0.027163012,0.028966367,-0.024706203,-0.030342314,-0.00023138348,-0.0038731396,0.048342958,-0.07315462,0.02887607,0.05705096,-0.027319383,0.08613292,0.028107688,0.033513896,-0.014233902,-0.060942028,-0.057469428,0.028789623,0.03134392,0.023973214,0.065580875,0.033479653,0.038544066,0.00097255316,0.021891542,0.059774324,-0.05459059,-0.0111896545,-0.013501065,0.038176987,0.011281228,0.06154774,0.031654388,-0.008158225,0.045667335,0.026561033,0.008094652,0.015343847,0.0220806,-0.013620938,0.045886297,-0.07737802,0.02910516,-0.009874678,-0.064482234,0.04164937,0.053978123,0.017009705,-0.04400528,0.04739298,-0.04294777,0.010283828,-0.018407587,-0.012697862,0.010613054,0.009191718,0.07286482,0.06809758,-0.004287554,-0.023081787,0.02857739,0.0924937,-0.015645009,-0.042476207,-0.030106362,0.015564006,0.047279723,-0.037733592,0.032302074,0.018923532,0.015179587,0.05408786,-0.0016044676,0.030625088,108,676
-0.07121848,0.01717979,0.03409065,-0.044080324,0.022059716,0.079783976,0.010920085,0.001221851,0.024676744,-0.059060395,-0.0065763416,0.010490643,0.02225057,-0.028409481,0.04766887,-0.06339018,-0.06616385,0.0019971132,0.028409416,0.077055715,-0.090633936,-0.0066208392,0.065930225,-0.032872796,0.002240518,-0.002666233,-0.012930641,-0.012188426,0.017998781,0.003650901,-0.014908889,-0.025888331,-0.049722858,0.005015759,-0.013198242,-0.03760257,0.11024297,0.05311811,0.038771883,-0.020061288,0.05805182,-0.009257659,-0.0190041,0.032215413,-0.014448116,0.06811015,0.036130678,0.057728015,-0.036230817,-0.025082942,0.13205391,-0.07372021,0.03296347,0.07472852,0.043927424,-0.058423173,0.10051048,-0.051471937,0.0756823,0.034138855,-0.012960305,-0.004266046,-0.024008162,-0.022236377,-0.034518838,-0.04257807,0.016409382,-0.023168327,-0.034367144,0.0245374,0.014608026,-0.021828676,0.032204337,0.02553381,-0.022308536,-0.012085143,0.015703617,0.024207734,-0.04808962,0.032919228,-0.0035907691,-0.0116244275,0.06596968,-0.008727806,-0.0154273715,0.04698066,0.04941839,0.0037235431,-0.0074485065,0.015760412,113,677
0.023906128,0.07112024,0.014757175,-0.034686223,-0.03526324,0.02945098,0.040883232,-0.04740997,-0.059672356,0.0016769543,0.008516174,0.029840482,-0.08613707,-0.07127611,0.0204474,-0.03283434,-0.03585978,0.00694508,-0.030932367,0.056008443,0.034080043,0.03790421,0.034456354,-0.0224727,0.013725232,0.1240074,-0.0057410887,-0.045033716,0.06643668,0.04633309,0.03137722,-0.038116798,0.0015394501,0.03532833,0.0035940744,0.025864547,0.031376027,0.041937526,-0.054602947,-0.034244265,0.015444819,-0.01775362,-0.021931414,0.049335968,0.046041057,0.045062084,0.022450138,-0.016417092,-0.006514871,0.041691314,-0.018354833,0.03448896,0.015347608,0.008335216,-0.06625666,-0.027412122,0.10140805,0.038459297,0.027209435,0.019288888,-0.013876816,0.027169704,-0.0051211873,0.018708628,-0.0751006,-0.06876859,0.016380783,-0.012756528,-0.027418656,0.042253174,0.023250706,0.042444143,0.020822886,0.028079815,-0.008292595,0.0006241137,-0.024357,0.05567924,0.0136292055,-0.03322755,0.036746625,0.010088457,0.014933204,-0.018460954,0.032925732,0.09019043,0.014357174,-0.05209075,-0.016197693,0.040528633,108,678
-0.008061344,0.046598732,0.0920012,-0.035868045,0.0020012083,0.026160788,0.015275082,-0.02444037,0.018931422,-0.043684617,0.036969196,-0.011363223,-0.015217509,-0.040135443,0.024589786,-0.07903735,-0.0024759714,-0.0035218243,0.048442226,-0.006455824,0.0108022075,0.027937837,0.02410439,-0.005853437,-0.01362576,0.009410821,-0.03701675,-0.019791607,0.10003095,0.06472911,0.0470047,-0.05534388,-0.08058581,0.04621773,0.049126342,-0.044781934,0.023241604,-0.033192,0.03057168,-0.0018402264,0.052892555,-0.003122773,-0.033443164,0.03219019,0.00371534,0.03133847,-0.03692685,0.022498043,0.033668756,-0.05812441,0.009059992,-0.04316832,0.05841214,0.013096002,0.026455365,-0.084423855,0.09428573,-0.0151215885,-0.0003171917,0.0042723054,-0.03946642,-0.003720045,-0.0034889113,0.0028170142,-0.009732281,-0.06443775,0.004513234,-0.0011953153,0.08727934,0.019657986,0.05472949,-0.05440041,0.056948535,0.015261709,-0.03481397,-0.01149869,0.024074417,0.027225982,-0.028103923,-0.0083948355,-0.021823999,0.034271672,0.054758236,0.055292606,0.023957094,0.04027502,0.063864365,-0.016257927,0.0170969,0.031544052,113,679
-0.018941872,0.04745893,-0.010084879,-0.026286053,0.020359509,0.04248715,-0.04573169,0.025032487,-0.0029068328,-0.055625886,-0.06377298,-0.005547059,-0.016878022,0.017170236,-0.05868315,-0.028096551,0.044367395,0.03914216,0.022456953,-0.022171274,-0.07343636,0.090056814,0.058202386,-0.022361012,0.04318757,-0.03358055,-0.03288296,0.009350468,0.09446233,-0.055285785,0.06176253,-0.07346911,-0.026112236,0.026814118,0.0375584,-0.016224617,0.055307887,-0.0044603404,0.047336496,-0.022750806,0.098770216,0.028419359,-0.012939427,0.03156439,0.046898954,0.06941962,0.034393113,-0.0010155579,-0.03744995,0.046429787,0.06308083,-0.020901619,0.0035813814,-0.013830164,0.03431821,0.02154658,0.017269157,-0.012672186,0.028721383,-0.039166745,-0.01687309,-0.017293673,0.021725124,-0.029492611,-0.02306111,-0.036800392,0.07405068,-0.016163107,0.027447596,0.028348863,0.03201968,0.013947576,-0.0145860035,0.04293613,-0.008166008,0.014553081,0.009056855,-0.0011614114,-0.015099695,0.050175272,0.003262721,0.0052975807,-0.01495686,0.0025477232,-0.01681911,0.04248626,0.007946989,-0.028243665,-0.004393924,0.07771086,103,680
-0.08161123,-0.020006342,-0.0063870996,-0.019831702,0.019699682,-0.0070663467,0.07457736,0.00552391,0.00069616083,-0.0033830274,0.007420523,0.0025665928,-0.017796328,-0.04016226,0.039637167,-0.043640178,0.06337503,0.00416312,0.008888717,0.009062529,-0.035690665,0.013281459,0.0069893906,-0.05705644,0.04767287,0.022515304,0.026870536,-0.027790323,0.02170548,-0.042706646,0.045166183,-0.059613183,-0.0398916,0.015404478,0.056619212,0.02212317,0.01877359,0.044846922,0.057223048,0.01898171,0.048888274,0.065487325,-0.06118222,0.03765499,0.044239633,0.12450151,-0.022109538,0.007462617,-0.03343282,0.0036322707,0.05850236,-0.000704251,0.025869206,0.0048820246,-0.03551529,-0.01966528,0.04124037,-0.0034157187,0.07210529,-0.0127720805,-0.01685564,0.0630488,0.0045028976,-0.04388098,0.019570988,0.03513374,-0.023822825,-0.062880516,-0.09229786,-0.019670008,0.036493402,-0.013822155,0.055422388,-0.009625972,0.03171988,-0.059299663,0.024955671,0.020875461,-0.013662461,0.022440668,0.019460019,0.078838214,0.010456081,0.015879575,0.009700587,0.02920784,0.054829843,0.049419064,-0.045477927,0.07389201,103,681
0.017818648,-0.0236403,0.029646028,-0.081118196,-0.007896863,0.021844938,0.018565517,0.0059679025,-0.03304851,0.029566009,-0.028959025,-0.049274568,-0.04215139,-0.08002833,-0.005220898,-0.06683693,0.011806153,0.007117438,-0.013668594,0.009388619,-0.019029059,-0.031871088,0.018432317,0.016214885,0.006273702,0.048329208,-0.010440434,0.049170364,-0.011059975,-0.0028248709,0.10674803,-0.031013964,-0.04284981,-0.06797308,0.10545072,-0.028947767,0.039113045,-0.026343707,0.0030542612,-0.0170384,0.06324808,-0.01095666,-0.030687865,0.03319282,0.037905604,0.0024659,-0.016089216,0.04875058,-0.024294393,0.004136812,0.061112043,0.022214271,0.04144449,0.038853697,0.015362013,0.05972397,-0.015676923,-0.023109011,0.032403484,0.03766918,-0.083483964,-0.008843992,0.009670161,0.038249396,-0.0027042655,-0.06588002,0.04024517,-0.03336052,-0.025294669,-0.012694683,-0.035838764,0.017897137,-0.021728398,-0.0036897687,0.04667044,-0.038726162,-0.0104856435,0.016077258,-0.010758722,-0.018095905,-0.019516326,0.029116804,0.049625777,0.0049366564,-0.031454146,0.035345826,-0.0319889,0.0420953,0.032969102,0.024242185,114,682
0.014478782,0.04223633,0.006099388,-0.036470532,0.074374095,0.009116914,0.07049145,-0.04535333,0.002825846,0.017824868,-0.013166558,-0.0031173285,0.026373457,-0.040766835,-0.029282028,0.025131341,0.0058431095,-0.0028670412,0.020855904,0.051365208,0.016456611,0.05088424,-0.03636486,-0.0075824,0.002297271,-0.0037773345,-0.021226034,-0.008364832,0.016175114,0.0877714,0.014901592,-0.023367558,-0.057934776,0.0008302354,-0.033001773,-0.014609976,-0.014570866,0.036200136,-0.035129204,-0.046314206,0.042970356,0.04868205,-0.020239733,0.062884346,0.05419675,0.07914466,0.032260895,0.0007034363,-0.030274471,-0.0044813156,0.08233655,-0.06813972,0.02772352,-0.007901331,0.01635136,-0.06606382,0.089446165,-0.05153501,3.1605363e-05,-0.021800756,-0.04834032,-0.046769463,0.05021913,0.0010027182,0.00065319333,-0.020644756,0.06367929,0.015838351,-0.027199281,-0.024718288,-0.02539143,0.06294977,0.0034834435,-0.022867296,-0.040167622,-0.027044725,0.039861888,-0.0012102984,0.018562619,-0.016671471,-0.019162435,0.023961717,0.03180574,0.0031902473,-0.0025225785,0.049007162,0.007063644,0.05096822,0.025123805,0.0685312,104,683
-0.015751012,-0.009972103,0.10640233,-0.008182028,0.030392785,0.07810368,0.042192608,0.009967937,0.054225557,-0.008287658,0.08196163,-0.03714592,-0.0324606,-0.0075650215,0.084895484,-0.0027059633,0.037030272,0.037955485,-0.0075289616,-0.001047512,0.03865207,0.03996791,0.011518384,0.0113586,0.047017712,0.01704697,-0.031817455,0.0052587735,0.041844275,-0.03306733,0.0067614466,-0.01833456,-0.07796833,0.014781142,0.11220388,0.016511612,0.0413913,0.08126934,0.013702049,-0.038071144,0.045237694,0.1671352,-0.036149632,-0.005901849,0.022236094,0.102725476,-0.022377148,0.022230286,0.028112536,-0.0537339,0.063363194,-0.019970786,0.020587606,-0.029183762,0.032933436,-0.030577853,0.05691912,-0.03750365,0.001935251,-0.0002444666,-0.04904432,0.010827525,0.037907217,-0.004594145,-0.021780591,-0.023011705,0.023401333,0.01711959,-0.036059752,0.0058983588,0.0041316357,-0.039373007,0.038236927,0.024630059,-0.016203903,-0.026750844,0.009375062,0.0065003354,0.0021207258,0.031557735,0.054058734,0.08474128,0.032831237,-0.035918716,0.015740575,0.043376386,0.025991682,0.00548289,0.039063375,0.07099151,113,684
-0.003937424,0.010594653,0.11800431,0.0071138926,0.017350484,0.057395224,0.043948747,-0.007993305,0.007899337,0.019474303,0.03245556,0.012727125,0.017886952,-0.032918997,0.03125137,-0.019187737,0.06491466,-0.011336269,0.008943481,0.02388305,0.015000372,-0.012747582,0.019064762,0.015918683,-0.0047778487,0.06045548,0.017366566,0.07537738,-0.038336553,0.028552648,0.03246975,-0.048266917,-0.034329645,0.00106522,-0.044641756,-0.008083249,0.038977455,0.09571074,0.05222248,0.010481327,0.031512562,0.14132093,-0.028441742,0.05395861,-0.017093806,-0.018227376,-0.030868137,0.06987717,-0.012103957,-0.032771487,0.100179955,0.027422907,0.038122013,0.05187875,-0.0012076302,-0.10288659,0.06856643,-0.09717356,0.040257633,0.01707671,-0.017667875,0.008572266,-0.016794238,0.029396445,0.004077032,-0.03074701,0.023786105,-0.02633959,-0.071090266,-0.058394957,0.00047024153,0.007231986,-0.005916858,0.0315852,0.010349082,-0.027012974,0.024430528,0.0062472755,-0.036917,0.029261326,0.013791345,0.045886837,0.06593781,0.0138922995,0.050462365,0.02744338,0.0012215879,-0.053448193,0.0061070155,0.02299787,110,685
-0.0221663,-0.0137455445,0.07332891,-0.029520124,-0.028833799,0.09242525,0.0033379525,-0.0037297918,0.01394188,-0.055903662,-0.0020665983,-0.016589876,-0.064265385,-0.04646352,0.022278685,-0.02505599,0.014151791,0.015119766,0.07647559,0.0026498006,0.03285183,0.00012557954,0.074900135,-0.079822555,0.053320363,0.009223666,-0.019069381,-0.046959605,0.01673967,0.06025541,0.011345508,-0.083674066,-0.055276874,0.023835208,0.06340103,-0.062890425,0.024767412,0.034863763,0.005315449,0.058279287,0.012101706,0.011626473,0.009334315,0.09519993,0.04089673,0.07040092,-0.018757023,0.049272,-0.0065044826,-0.017301472,0.079504654,0.048818782,-0.041164104,0.013417442,0.039993785,-0.0484333,0.029089639,-0.05281061,0.047349248,-0.0016143629,0.018473556,-0.010812864,0.004335883,-0.024449455,-0.034385297,-0.013175534,0.034942053,-0.022295037,-0.07448077,0.034719076,0.026927419,0.012801369,0.03556306,0.009113666,0.035408773,-0.022943053,0.04264549,0.05268333,0.0024746377,0.010618933,0.029865377,0.04102642,0.016202804,-0.018642917,0.0006136596,-0.012487119,0.02346718,0.015867807,0.024243202,0.08604129,103,686
-0.007595046,-0.010518862,0.022076905,-0.009565353,0.01264937,0.033949304,-0.024883658,0.028544117,0.0136943245,-0.059197877,0.03791885,-0.022427395,-0.0083160475,-0.06333326,0.046981633,0.022486452,-0.06750999,0.011619446,-0.044241294,-0.061439514,-0.004522509,0.028098615,0.012133018,-0.05686706,0.060726717,-0.007903343,0.0065099765,-0.011577028,0.013019582,-0.0598551,0.033244256,-0.05939167,-0.078319825,-0.024534656,0.049675174,0.086378,0.03368221,0.054304272,0.04676523,-0.060637232,0.047503464,0.0047618225,-0.032896563,-0.003560706,0.059898846,0.08277284,-0.018500816,0.0395846,-0.0024476878,0.03340882,0.025881778,-0.02409597,-0.0129937455,-0.017331114,-0.013591122,0.020768665,0.03908331,-0.031063693,0.030533154,-0.010591489,-0.047357045,-0.00074048527,0.041010793,-0.013215208,-0.028439363,-0.07847139,0.058620375,-0.024917817,-0.035632264,0.007578209,0.05643165,-0.021252368,0.009256633,-0.010649716,0.012646946,-0.013314416,0.015348429,0.016389549,-0.009490354,0.025093831,-0.017632723,0.03616485,0.040968075,-0.01763819,0.016083915,0.050141964,0.04617937,0.028711006,0.03169032,0.024690814,103,687
-0.016915053,0.039003845,0.05586569,-0.06668195,0.020727383,0.046500936,0.038732562,0.0038111145,-0.0015321071,-0.024737911,0.0059390934,0.04589477,-0.0036832653,-0.023341056,-0.043764353,0.0027915887,0.072334185,0.0082436185,-0.031350814,-0.06164184,0.0010190695,0.033480387,0.02036122,-0.04781902,0.057128247,-0.0063962825,-0.0611389,-0.041697327,-0.04785393,-0.06138256,-0.020325642,-0.042392977,-0.052231733,-0.002415923,0.06369785,0.011664475,0.034888227,0.016980981,0.009668085,0.040314894,0.036806688,0.035552695,0.0027875677,0.0044581853,-0.012700526,0.020263117,-0.0011149669,-0.012710515,0.010573927,0.035379555,0.023183923,0.021105705,-0.00051924563,-0.0029960293,-0.04512619,-0.042132646,0.02799169,-0.08785596,0.033552814,0.023174206,-0.043196686,0.039615307,-0.041640524,-0.011009801,-0.04447737,-0.039495137,0.04259678,-0.018405505,0.0014325511,0.00900815,0.06677969,0.00032857573,0.013183653,0.05869841,-0.02502459,0.010500699,0.05073744,0.03857228,0.012743754,-0.022639602,0.020759393,-0.012185624,0.08223992,0.03296239,0.030677048,0.040225606,-0.05171292,0.019871969,0.025184315,-0.021424219,109,688
-0.039311744,-0.010751391,0.03248457,-0.036688633,0.036621425,0.047588266,0.014281372,-0.023544366,-0.01247819,-0.079629354,-0.023378506,-0.0021575084,-0.032542676,-0.091016725,-0.04128072,-0.064938694,0.030685654,0.03287614,-0.022052493,0.036424115,-0.0126847625,0.047176648,0.02204606,-0.004423907,0.007864408,0.024870787,0.0043347096,0.052146275,0.050770164,0.021184487,-0.0059001707,-0.022533963,-0.07214953,0.0070022806,-0.01826854,0.0040004323,0.045589894,0.031216182,0.0725235,0.04065648,0.0714433,-0.00047568232,-0.043234207,0.05040256,0.059603274,0.039251436,0.010381006,-0.016249428,-0.023514643,0.029358007,0.08510139,-0.019884408,0.0043196054,0.012805536,0.004759658,-0.032968752,0.07636024,-0.006594006,0.034433153,-0.015350181,-0.019798651,0.0752608,-0.03554394,0.0010613734,-0.0980473,-0.023663592,-0.0154532455,0.029365156,0.01939566,-0.019484153,0.059324287,0.023926498,0.061066866,-0.01902954,0.020648709,0.003032918,-0.014875526,0.10842448,-0.037090436,-0.00042231532,-0.01553228,-0.009662934,-0.0076966938,-0.0022452492,0.013345482,0.019753257,0.067129746,0.025714092,-0.01667161,0.0046207905,108,689
-0.03444634,0.03255843,0.09265505,-0.04691896,0.01998532,0.034461007,-0.04446096,-0.020881183,0.07008897,-0.016447842,-0.0054949187,0.005778076,-0.05595749,-0.04292815,0.01991656,-0.013925585,0.0019711312,0.030819617,-0.020841941,0.014776389,-0.050190285,0.04144515,-0.011597587,-0.037615713,0.0071503296,0.005055558,0.0036348049,0.00440438,0.023532465,0.1124008,-0.015364867,-0.011422122,-0.004139181,-0.016051158,0.09984231,-0.025229223,0.015658556,0.0134609025,0.026679143,0.006216679,0.053846486,-0.035998303,-0.038976964,0.022592913,-0.004820725,0.03665009,0.011044491,-0.033401847,-0.032650758,-0.018789077,0.03270948,0.0625168,0.050481755,0.04986624,0.026085017,-0.0079874825,0.052519336,-0.048151005,-0.010064125,-0.012753913,-0.033998825,0.0021537798,0.04953562,-0.0063442467,0.0411352,-0.005177535,-0.025524832,-0.020279929,0.012968119,-0.0065412754,-0.020832632,-0.008818353,0.05502525,0.025676984,-0.018385006,0.025270082,-0.009173192,0.04940597,-0.032107487,-0.02502248,0.043345205,0.04367467,0.012154286,0.007616975,0.007349399,-0.020462519,0.032864515,0.009619759,0.03586345,0.026632369,109,690
0.018342277,-0.011009961,0.021088662,-0.037036553,-0.016802592,0.07150401,0.029909067,-0.026471555,-0.0030892193,0.011794101,-0.044858407,-0.02173256,-0.00022338144,-0.12825735,-9.803532e-05,-0.012732185,-0.0136639355,0.06610916,-0.02346202,-0.012393207,0.006214814,0.0034132823,0.039241806,-0.030641237,0.05453734,0.048501164,0.043422405,0.03275988,0.00042967126,-0.013199173,-0.018920237,-0.07420854,-0.023027625,-0.006679367,-0.005350925,0.03171234,0.082679905,0.08998223,0.00909294,0.056812424,0.063567,0.053090084,0.005424604,-0.03393952,-0.025667327,0.049758844,-0.045438416,0.022491358,-0.0024298658,0.026446939,0.05234061,0.0064138914,-0.011039875,0.019298524,0.0020613465,-0.0049337056,0.13214998,-0.009574406,-0.0113715455,0.003599383,-0.035060264,-0.010284757,-0.016279932,-0.0273236,-0.028032677,-0.015178907,-0.02640029,-0.030891614,-0.0048047677,0.0057865186,0.01883978,-0.018144207,0.012250878,0.034012787,-0.015236832,-0.016676597,-0.0007197093,0.05303091,-0.02219068,0.029857574,0.025083046,-0.034391332,0.034320515,0.024875453,-0.0069218986,0.033875287,0.0036174413,0.010710578,0.041766096,0.09133887,114,691
0.035475954,0.11706491,0.00626475,-0.02446608,0.0117281275,0.053770088,0.016424231,-0.031695455,0.05525147,-0.006964977,-0.012298723,-0.027924761,-0.011839513,-0.096912116,0.03596817,-0.0046745185,-0.008910178,0.024329951,0.0150284525,-0.002397768,0.021459397,0.05546695,0.029084262,-0.08225224,0.05732821,0.061956838,0.0004985612,0.017767627,0.123185545,0.059261285,-0.022589574,-0.01418929,-0.015959485,0.030066071,0.11690332,-0.032495685,0.05588858,0.08787926,0.006379172,0.031289198,0.112404615,-0.05688678,-0.0569683,0.04458294,0.044119082,0.030652221,-0.022510432,-0.008497054,0.022224711,-0.03575099,0.05882175,0.041141734,-0.0154489875,0.057554126,0.0014159437,-0.05114349,0.08360702,-0.07409489,0.012484234,-0.021412216,-0.06411112,0.09453352,-0.003918969,-0.0044099255,-0.0044862027,0.029866055,0.021279223,-0.025962485,-0.0038349144,-0.023375675,0.037767533,0.019149717,-0.02086064,-0.0021066274,0.025726944,-0.037266694,0.025451532,-0.014583949,0.035976257,0.019175699,0.014447538,-0.012313206,-0.01138719,0.04399742,0.02605433,0.057880748,0.029043922,-0.013655155,0.0032539964,0.06537484,111,692
0.015227005,0.023919843,0.04377427,-0.024559446,0.017052595,0.056870043,0.0038784784,-0.019129831,0.02798173,-0.05650367,0.035682235,0.0013981145,0.0014597327,-0.07897167,0.07588171,-0.05121977,-0.0067188926,0.08804332,-0.0068371696,-9.296846e-05,-0.0629683,0.021873288,0.028399061,-0.028553009,0.085102744,-0.008694818,-0.042427193,0.020192202,0.062956996,0.018826028,0.016358016,0.00038259476,-0.06881042,0.026502544,0.12402482,0.017721849,0.08799325,0.018211054,0.0061452705,-0.051997848,0.020630393,0.088767365,0.010376718,-0.022425178,-0.0048926417,0.04560513,-0.017315071,-0.05030244,-0.029630652,-0.0038968525,0.047572263,-0.013381358,0.019989988,0.05718501,-0.024169061,-0.059956472,0.11796206,-0.084121294,0.01732662,0.087850794,0.047109038,-0.004668914,-0.0030045118,-0.018367756,0.011916727,0.0076798387,0.0037164465,0.014616493,-0.026253683,0.0069374805,0.053748474,-0.018643213,0.04448971,9.4291754e-05,-0.009282736,0.029426929,0.023517488,0.010279847,-0.012826504,0.027879437,0.0020614862,-0.010015525,0.01930312,-0.008591232,0.023329038,0.014242617,0.034632165,-0.024772163,0.0016622089,0.042168975,108,693
-0.022262918,0.023035066,0.029784502,-0.08686362,-0.019630749,0.05889358,0.0072061294,0.00038518012,-0.002002013,0.009243,-0.014933551,0.024156747,0.015903175,-0.05279076,5.275337e-05,-0.045488797,-0.02980944,-0.03865142,0.04147584,-0.0065237572,-0.017034836,0.0681511,-0.0058500133,0.0023382138,0.017464276,0.02116255,0.009232066,-0.0009696027,0.01751872,-0.051997546,-0.018454704,-0.021268867,-0.07028277,-0.03607663,0.10329122,0.037347272,0.048498213,0.0066591483,0.040506,-0.012476766,0.057313647,0.044822015,-0.0066209063,-0.010542205,0.003551118,0.08802918,0.039166804,0.051454462,-0.02382928,0.025157217,-0.006186843,0.053617314,-0.016158367,0.03684837,0.08450757,-0.016000506,0.083215244,-0.05417765,0.04068379,0.049935736,-0.030314151,0.06494245,-0.03342636,-0.043752037,-0.041086223,-0.001192173,-0.024199668,-0.035973575,0.0038638748,0.025315186,-0.0004477147,-0.024496421,0.07062547,0.04536391,-0.05693657,0.005188875,-0.009126224,0.09327659,-0.015430155,-0.0074584833,-0.023259953,0.025457066,0.0028263535,-0.017826088,0.011309242,0.033505846,0.05190858,0.037177913,0.01505517,-0.0054168887,108,694
0.019308757,0.035701018,0.04727886,-0.0004985556,0.038028836,0.07103784,0.01738447,0.00071353465,-0.04059846,0.009919403,0.01054414,0.01087627,-0.023870343,-0.008569101,-0.004785965,-0.068691894,-0.041565172,0.010805481,-0.039401386,-0.016577102,0.027113201,0.07011172,-0.00010970235,-0.036822397,-0.0116385445,0.018633202,0.018169874,0.036690593,0.046649065,0.054410204,0.023821855,-0.0172151,-0.053018395,-0.006303184,0.06291642,0.07972342,0.067166284,-0.019486517,0.007915676,-0.036174867,0.035748556,0.05192632,-0.011241011,-0.013229937,0.05042889,0.040546488,0.0052123424,-0.021854835,-0.0019591425,-0.0693154,0.011531539,-0.009627461,0.02241824,0.0028148051,0.0019878782,-0.021810109,0.047089722,-0.02896139,0.045414723,0.008626557,-0.025672853,0.017706685,0.034838192,-0.0039940495,0.0038151671,-0.004950609,-0.0096242335,-0.005079182,0.011199348,-0.0063345814,0.022765176,0.037346885,-0.017414453,-0.028766815,-0.024593817,0.00809868,0.050588258,-0.01623384,-0.040874504,-0.004693484,-0.038713552,0.061037004,0.036095276,0.0048717894,0.02192986,0.005820401,0.0013749637,-0.0030489014,0.015969094,0.057247516,103,695
-0.031043477,0.0065125464,0.008280214,-0.026238536,0.043145023,0.07537572,0.045617074,0.0053883996,0.0057942965,-0.0022992534,0.03253133,0.046841167,-0.034724455,-0.0022178032,-0.05100909,-0.051926676,-0.0058050556,-0.023429094,-0.018544015,0.009724569,0.021829898,0.02879575,0.018723523,-0.010525588,0.03489974,0.047425732,-0.025656756,0.024968084,-0.059776664,-0.015345156,0.033422016,-0.030343974,0.024138208,0.024855271,0.02576591,-0.01680127,0.008052837,0.076960996,0.029645465,-0.027008492,0.099741355,-0.0038773082,-0.024828887,0.0017612018,0.048114076,0.044168886,0.013373302,-0.03703919,0.00444406,0.012010028,0.059527196,-0.011244141,-0.022480454,0.033448182,0.04562962,-0.0060405266,0.14146748,-0.023375975,0.06326655,-0.011359344,-0.07731408,-0.00018316694,-0.004824496,0.011387822,0.0011253813,-0.018059783,0.01821963,-0.041090306,-0.13436514,0.0184571,0.039131124,0.00708789,-0.031464364,0.0027274396,-0.002065979,-0.009572868,0.034324214,0.13145865,0.02863196,-0.00286321,-0.0025777426,0.05554249,0.055540048,-0.013302309,-0.012320342,0.053143457,0.024410294,0.009818839,0.022196569,0.043663092,102,696
-0.0032380887,0.014107177,0.09762183,-0.016458366,-0.024905331,-0.0070875213,0.009420612,0.034431387,0.036157027,-0.026306858,0.006808645,-0.027426554,0.00039561093,-0.00011322647,0.012294731,-0.022087755,0.0009423918,-0.03067589,-0.040487606,0.030123666,0.0031325752,0.042675816,0.0547577,-0.042191632,0.102402404,0.054078005,-0.045629695,0.034581855,0.0073485635,0.064710826,-0.045840017,-0.050870646,-0.008782989,0.013873732,0.013710685,0.010825499,0.028804474,0.012703169,0.049532935,0.0029617585,0.07212679,0.077108,-0.010432122,0.05934353,0.025539165,0.066220075,-0.0063736383,0.05760575,0.005943483,-0.052494723,-0.0036352724,0.035962358,0.0012405762,0.01770594,0.01790091,-0.083290756,0.06856519,-0.05093231,0.046232328,-0.027753059,-0.04488062,-0.0052726883,0.07093623,0.0007486688,-0.031616293,-0.016262796,0.026924709,-0.0145729175,0.0025088042,-0.007975288,-0.021686923,-0.033748213,0.017974552,0.016349846,-0.0011504544,0.04124503,-0.014221946,0.0075057633,-0.058463193,0.0035297205,0.04206696,-0.034374192,0.012874136,0.022308648,-0.053703696,0.016950058,0.048317485,0.062466994,0.047997497,0.013319446,104,697
-0.046850927,-0.0012737382,0.07332493,-0.021159323,-0.02086626,0.0041418076,-0.02973249,-0.062010285,0.0100610405,-0.021870192,-0.024861379,-0.016451808,-0.060133558,-0.08921619,-0.09551423,-0.05428438,-0.044251442,-0.0063928664,0.019108608,-0.019766983,-0.046796463,0.04284525,0.004393628,0.03337641,0.011452375,0.039905008,0.008959063,0.054181423,0.016751241,-0.017452486,0.030332234,-0.026749521,-0.028206978,-0.0030406918,0.11772336,0.06773173,0.14031933,0.01537708,-0.0019833408,0.012000256,-0.000109728426,0.08944912,-0.018391881,0.037679225,0.049533464,0.04458328,-0.0036757314,0.03739897,-0.035004236,0.008647262,0.058793202,-0.014522007,0.017625712,0.07016941,0.02106982,-0.006740017,0.0614582,0.030204814,0.050913617,0.026374754,0.017732719,0.026228432,7.183105e-05,-0.012006638,0.031932406,-0.0798596,0.05967002,-0.110946834,-0.15841147,-0.014995903,0.032988366,-0.00014894572,0.018994661,-0.027480192,0.0021175062,0.0020882087,-0.007854013,0.12485653,-0.008670242,-0.007556801,0.039380938,0.0016525136,0.10113963,0.041781835,-0.009808907,0.026953116,0.07097986,-0.0009679226,-0.014078635,0.01076296,113,698
-0.0014966736,-0.03888592,0.020181246,-0.045924142,-0.0047215545,0.024092644,0.023006722,-0.0022580964,0.04472234,-0.051089436,0.0005589428,0.030500608,-0.044809237,-0.053863205,0.044183098,-0.006105242,0.14658839,0.008391993,0.036418956,0.0054964265,-0.008528704,0.004487522,0.02083981,0.0017742738,0.015381705,0.06031858,0.028056897,0.018830199,0.004785115,0.03023754,0.009598405,-0.022735447,-0.037185498,0.008608669,0.08026604,0.0327638,0.08518305,-0.026674684,-0.041566756,-0.0045489655,0.023927558,0.093612805,0.021918919,0.051419888,0.06933763,0.053186677,-0.04575005,0.0062327683,0.032548897,-0.051803697,0.06247687,-0.011180626,0.054871388,0.05259897,-0.018253429,-0.0749221,0.065877244,-0.0125111565,0.021109564,0.004344641,-0.0154213635,-0.004698935,0.037882186,-0.022232281,0.089016646,-0.005124498,0.014458671,0.010280665,-0.042153444,-0.021879759,0.029513799,0.04117298,-0.015457248,0.024207927,-0.034518465,-0.008661902,-0.0053130407,0.01487339,-0.025886402,-0.0269701,0.030086018,-0.019648641,0.0347413,0.008191355,0.026177423,0.053193998,0.015858922,-0.009501086,-0.017004117,0.07511973,101,699
-0.017484836,-0.0066634812,0.03240226,-0.07766186,0.02210425,0.030327344,0.08267273,-0.038484637,0.016346965,-0.051964466,-0.00748068,0.0030861886,-0.048786685,-0.048965,-0.0175119,0.003179106,0.054035068,0.03242013,-0.030353203,-0.03947859,0.05204065,0.043469585,0.032532416,-0.05497386,0.027343934,-0.00067181885,0.029880933,-0.040432423,0.020915382,0.019973956,0.03857176,-0.063168086,-0.05931983,0.0005832473,0.08652313,-0.053072892,-0.0090433955,0.013928022,0.039402753,-0.033566773,0.07921747,0.035047323,-0.041379344,0.0553905,0.025607172,0.03770935,0.0144819245,0.035389334,-0.006972406,-0.011459894,0.013977837,-0.010161752,0.044955496,0.093620405,0.010737759,-0.06672909,0.08045659,-0.03165729,0.010726075,0.023551999,0.0070611984,-0.0047873743,0.05260001,-0.0065838993,0.036291137,-0.01710026,-0.047733884,-0.05916225,0.027979191,0.038093552,0.012063236,-0.027896816,0.048441835,0.065857396,-0.03547924,0.0102398945,0.05144196,-0.033619583,-0.031026056,0.0070179733,0.00129259,0.024712699,0.046017267,0.00037562684,0.09152661,-0.011458835,0.046560254,0.015542792,-0.01896898,0.05984861,110,700
-0.017381525,0.011369975,0.04255652,-0.023726694,0.022943676,0.0021160096,0.019145004,0.015425141,0.058337905,-0.011498297,-0.04421521,0.014587695,0.0016866736,-0.02947987,-0.009179352,-0.012300475,0.022729803,0.060712434,-0.03627892,-0.008587578,0.051571734,-0.008245319,0.053017482,-0.04411926,0.049871676,0.056371577,-0.018898264,0.04840719,0.029388068,0.008948281,0.052488994,-0.019003138,-0.042064227,-0.03661889,-0.006661948,0.029267851,0.0035017915,-0.026079688,0.008350884,-0.07493816,0.023413263,-0.039131764,-0.0046431497,0.055582933,0.07906258,-0.0005349554,0.053556424,-0.0023363167,0.010524794,0.072929166,0.058781855,0.0012694639,0.0124904355,0.037446827,-0.0052682497,-0.012779671,0.07400081,-0.018758487,-0.016372263,-0.001173744,-0.0025228169,0.012462217,0.03974726,0.0024962835,0.041198857,-0.052788567,0.028082855,-0.019541604,-0.06689459,-0.04668531,0.015495304,0.01737586,0.006923685,0.059870046,0.012574606,-0.041554987,-0.009224476,0.032296985,-0.010192027,0.017492713,-0.0022545084,-0.023460686,0.037221726,0.024866173,0.001158759,-0.008491298,0.023064287,-0.06785314,0.006539406,0.0069053583,110,701
0.011006414,-0.002394014,0.09237848,-0.03814907,-0.017937053,0.052394226,-0.006003432,0.026706904,0.03181763,-0.059790514,0.009879044,0.0022731717,-0.018775735,-0.04461509,-0.03250164,-0.020169733,0.056670442,0.049928155,0.017601972,0.051989775,-0.0054694423,0.035414077,0.03688325,-0.042394724,0.012992883,-0.004441444,-0.01178865,0.041893378,0.073920205,8.868612e-05,-0.0152186025,-0.038213175,-0.007425228,0.01068159,0.08470724,-0.021564504,0.013097262,0.00103762,0.008681137,-0.08448679,0.018459674,0.043606948,-0.006886445,-0.039795667,0.07507134,0.060923647,0.020641258,0.010635883,-0.0053760987,0.0129953185,0.051447313,0.017042825,-0.047251746,0.019774564,0.066283084,0.0015532076,0.059696037,-0.052431215,-0.016050681,0.045128163,0.020030694,0.054506373,0.06494092,-0.030218191,-0.021421192,0.0114277415,-0.031594604,-0.049596656,-0.016615752,0.009572954,0.028657988,-0.021110915,0.022133555,0.0085151885,-0.04236733,-0.029801406,0.016920973,0.03351057,0.015066212,-0.018663565,0.06401019,0.028151896,0.050368212,-0.014372091,0.022783587,0.008281738,0.016347764,-0.04252785,-0.01004099,0.0514109,105,702
0.0257653,0.030016456,0.0005107708,-0.1412884,0.00705029,0.055374466,-0.014883202,0.020320393,0.0012763788,-0.004121553,-0.030566182,0.017578745,-0.0029964931,-0.004188381,0.0027558906,-0.047932677,0.010713223,0.029648969,0.05287413,-0.035801794,0.00025630277,0.040148824,-0.005018303,-0.045023687,0.011150748,0.031474013,-0.043040216,-0.010559619,-0.014026126,0.046459273,0.01737229,-0.010825777,-0.07470926,-0.024836602,0.014173396,-0.021896943,0.024074908,0.09766704,-0.007992068,-0.0219782,0.08481058,0.08482988,-0.03977053,0.00034355558,0.027434826,0.02777464,-0.017413827,-0.016821096,0.040852807,-0.009189698,0.038206812,-0.0006450587,-8.95625e-05,-0.020299377,-0.015801936,-0.033545814,0.07750189,-0.02490115,-0.0004677754,-0.03342812,0.01936425,0.019459145,0.032392375,-0.032697614,-0.014403705,-0.004547484,0.021546118,-0.035187252,-0.05751367,0.050824575,0.015173756,0.05524863,-0.0063118357,0.009175471,-0.00063582417,-0.04106358,-0.0067923106,0.06130191,-0.022832682,-0.029070808,0.04273937,0.022558,-0.012105761,0.06918488,0.076396205,0.018955812,-0.020842396,0.04729237,0.0007995586,0.016401758,110,703
-0.047267452,0.036483597,0.049486384,-0.058214985,0.090676405,0.12205045,0.08865156,-0.0023557576,0.02215041,0.010590741,0.051300824,-0.0057467143,0.027527142,0.005683467,-0.005196974,0.039080087,0.033900484,0.034016006,0.011077196,-0.0016856329,-0.024544934,0.015051629,-0.00640239,-0.03204815,-0.025980558,-0.004271129,0.0061573284,0.012544563,0.033436053,-0.0072325114,0.0038426165,-0.08895412,-0.0058950707,-0.050357625,0.04617057,-0.03949553,0.036416054,-0.023697093,-0.023485977,0.044367563,0.061942924,0.07170105,-0.030751172,0.049249828,0.009133641,0.075523175,0.00046583137,0.041382752,-0.004944384,-0.020655628,0.0914371,-0.03382174,0.0046328926,0.013160876,-0.011885785,0.0041402243,0.05421341,-0.012835788,0.05590552,0.01143159,-0.020333331,-0.03719491,0.048423223,0.019023305,-0.03077015,-0.031933643,0.013772389,0.013723392,-0.004647486,-0.00019308133,-0.0039454363,0.0032425849,0.042207357,-0.04596002,0.053148612,-0.0040904717,0.029148657,-0.0012066513,0.012000391,0.008325653,0.059204984,0.04574713,-0.016769616,-0.047698207,0.04333835,0.02371289,0.042429928,0.047130905,0.03574348,0.06688186,104,704
-0.0018741004,0.06011109,0.042602044,-0.014837349,-0.03977613,0.048308745,-0.0028927755,-0.03658578,0.0014240649,0.035090763,0.08602397,0.03575267,-0.022202143,-0.032824904,0.010264202,-0.07447527,0.04313518,0.046358004,0.025875054,0.07378589,0.022835042,0.05241478,-0.022565259,0.050742157,0.014082005,0.091455065,-0.0011411225,0.04389977,-0.009838438,-0.016635679,0.046253406,-0.091001466,-0.061412074,-0.011097681,0.07109247,-0.0013317196,0.056809936,0.080014065,0.06180156,-0.00798636,0.0639379,0.1027765,0.0014418289,-0.033358958,0.019403245,-0.002547983,-0.020297578,-0.029198153,-0.018437894,-0.024465565,0.035139956,0.00042335503,0.015230347,-0.030903352,-0.044402488,-0.000580851,0.0793017,0.045149673,0.014934014,0.02993095,-0.04277499,0.011985705,-0.0072758636,0.0501698,-0.031923108,-0.0042568035,0.009772407,0.07055801,-0.10087942,0.006726207,0.055908542,-0.03702072,0.047683805,-0.031799972,-0.018201137,-0.04983698,0.024112254,0.028417164,-0.035311066,-0.030342408,-0.036569223,-0.017347168,0.00234613,0.034848478,0.07316871,0.061079763,-0.006526079,-0.021615583,0.011113646,0.046943054,105,705
0.008565881,0.034750115,0.057916857,-0.10686956,0.047427643,-0.006330192,0.009632419,-0.004802271,0.0093035735,-0.092787944,-0.017009966,-0.011957448,-0.0709257,-0.045143902,-0.011575448,-0.0269839,0.060292345,0.043633275,0.0026704452,-0.028111964,-0.00048486516,0.0049230885,-0.0036935993,-0.057446517,-0.001368165,0.10179745,-0.018828707,-0.08544168,0.01749952,0.04662817,0.016742116,-0.0013609678,0.009858593,-0.026362024,0.0036433078,0.019470263,0.043847058,0.060683314,0.011247905,-0.009816693,0.064431086,0.024042567,-0.02821082,0.04331053,0.04302857,0.056456383,-0.025163181,-0.021318866,0.016242757,0.025864348,0.053004116,-0.020674694,0.025718374,0.041476425,-0.01999782,-0.048092972,0.08266448,0.003875766,-6.5006316e-06,0.014115946,0.040598594,-0.034644276,-0.012300168,-0.010690931,0.073771596,-0.062109716,0.044461012,0.0035295077,0.051562034,0.01213949,0.014937864,0.0072211707,0.023782311,0.015783904,-0.03633412,-0.05688278,-0.011839554,0.002701493,0.02222469,0.005800772,0.026388802,0.035267655,0.09502237,0.012012789,-0.054564513,0.04972276,0.056386612,0.015851367,-0.019009039,0.04494879,101,706
-0.051201485,-0.0072352197,0.02335763,-0.042452186,-0.004648364,0.07488933,-0.0003380007,-0.020784479,0.0019459343,-0.012426982,-0.00095472485,0.030389821,-0.06908627,-0.012456607,-0.00044913427,-0.052309252,-0.005463073,-0.011897137,0.004645061,0.009690976,0.0013519512,0.020004334,0.0039143553,0.0039100833,0.0026139654,0.043424692,0.016094122,-0.034307923,0.042724095,0.0268489,-0.0044119265,-0.06867882,-0.020154221,0.02665055,0.12624463,-0.048693247,0.047927212,-0.0040201303,0.023009239,0.015237871,0.019761793,0.015176924,-0.05746294,0.049956128,0.07848099,0.090451434,0.0096515305,0.003961865,-0.07761981,-0.013756187,0.07470069,-0.04002085,0.028722288,-0.029860592,-0.011055727,-0.03471384,0.06381256,-0.08789918,0.03167311,0.029826198,0.0062923916,0.051423803,-0.0061274106,-0.0039534504,-0.015459524,-0.053985402,0.027527507,-0.00029381923,-0.025367048,0.0011443566,0.043534353,0.027170643,0.032769226,0.0029696068,0.00046971347,0.0060126437,0.043035164,-0.041400716,-0.09652121,0.009685053,0.03315145,0.027035527,0.027304117,-0.058607705,0.0092612,0.08218848,0.05055695,0.0021114629,0.035712842,0.03654089,113,707
0.011877666,0.03258855,0.059897356,-0.032392714,0.026088184,0.076968595,-0.0072242743,0.011619073,0.023104146,-0.0041407393,-0.02585763,0.019270588,0.018502504,-0.09566221,-0.023688374,-0.026965795,0.05539439,-0.038929082,-0.023733204,0.08249908,0.020301413,0.03317136,0.024819385,0.01328728,0.07036203,0.060668983,0.032061532,0.05296175,0.025398865,-0.015908005,-0.01446783,-0.060336478,0.021263402,0.05553243,0.030373747,-0.0015523862,0.06067595,-0.06964935,0.040788785,0.02661924,0.08118612,0.053124964,-0.011007078,0.015731389,0.0126459645,0.062445827,-0.012896127,-0.016717013,-0.044642307,-0.010931754,0.040407274,-0.020158479,-0.012754612,0.03170795,-0.05434129,-0.03314361,0.03984183,-0.021413151,-0.002291903,0.0216552,-0.03557488,-0.0045358874,0.01778304,0.027844362,-0.014675168,0.010936376,0.017404608,0.014968667,-0.0630408,-0.055747375,-0.0017727427,-0.003105374,-0.045772247,0.018821368,-0.04375489,0.04046194,0.03827308,0.057569638,0.023953106,-0.02013448,-0.01042238,0.050858893,0.020738086,0.026106285,0.021290328,-0.02534764,0.031915344,6.807782e-05,0.01619551,0.0127344355,113,708
0.0035689687,0.04135066,0.08240931,-0.032477792,0.013873739,0.038746517,-0.00065012183,-0.079915375,-0.016132863,-0.014377382,0.04050504,-0.033153057,-0.06524127,-0.075496644,-0.016900998,0.03061593,0.031206867,-0.00025325455,-0.005486289,0.025368826,-0.01657299,0.019741002,0.040009655,-0.024300646,0.063199714,0.0387563,-0.013598708,-0.010607005,-0.030966936,-0.059045862,0.00033432804,-0.012065824,-0.013830985,-0.040346406,0.048928823,-0.048426148,0.00063310564,0.04615359,0.0132983485,0.018565685,0.05477174,0.092120156,-0.005858561,-0.008226402,-0.034010574,0.048344303,0.030794207,0.04915858,-0.03754046,-0.030944899,0.06467719,0.00655386,-0.021830294,0.07084045,-0.010985838,0.018160447,0.04031428,-0.051452555,0.032476142,-0.044718426,-0.010857287,0.022732869,0.022992626,-0.025790203,-0.092473775,-0.05025375,-0.05433963,-0.035396744,-0.022341358,0.01691501,0.038352296,-0.030082334,0.023857955,0.029399656,-0.061244525,0.054426726,0.00092010293,0.053073313,0.01387799,-0.018636415,-0.011758074,0.033378214,0.065291576,0.0024559805,-0.035644166,-0.018893478,0.010317264,0.051581763,-0.032587633,0.07748799,110,709
-0.038071916,0.051033072,-0.0020120554,-0.022970589,0.019767437,0.050065998,-0.023452215,-0.026595436,0.035638656,0.014916688,0.017437505,0.014038455,-0.025096878,-0.078317136,-0.045187328,-0.054020256,0.06495085,0.03194138,-0.028424527,0.02072221,0.0241926,-0.010541104,0.050885372,-0.012727672,0.039412674,-0.013702376,0.02347264,0.11764183,0.099290684,0.0403968,0.0625899,-0.039348185,0.019096155,0.022101296,0.10764533,-0.02225633,0.036264576,-0.00043818913,0.05600228,0.025572259,0.063952185,0.021149574,-0.05779441,0.05719191,0.046285633,-0.017385285,-0.036636613,0.008420637,-0.01396104,-0.042724874,0.035232775,0.015608726,-0.005457645,0.065089636,-0.0052428413,0.04425255,0.052127853,-0.02873151,0.058402885,0.03972099,-0.016089149,0.045198787,-0.0022678692,-0.005218823,0.0002895682,-0.016216025,0.041313924,0.019311637,-0.06571915,0.003628528,0.02054,-0.047088224,-0.013125826,-0.046392914,0.022020685,-0.053001344,0.01807873,0.051183976,-0.012690263,0.04494026,0.021411827,0.03101712,-0.007684214,-0.014723893,0.024379328,0.08856522,0.049270444,0.025815655,0.06721852,0.015261218,100,710
-0.03911598,-0.024026921,0.07090791,-0.026220616,-0.0045770574,0.07820983,0.018065102,0.0021737558,-0.016764618,-0.0059423754,0.054644737,0.026661005,-0.054756586,-0.044508744,-0.004699491,-0.06737073,0.063254535,0.04121437,-0.025820848,0.008586535,0.03667534,0.005959565,0.04538977,-0.014560982,-0.004996039,0.064547434,-0.041020438,0.06998765,-0.039707012,0.020666953,0.009175602,-0.010236213,0.029950209,-0.057926223,0.07299423,0.051451344,0.102583855,0.023675486,0.041903388,0.0025637746,0.13417712,0.001921881,-0.03499311,0.04490508,0.05659402,0.053986423,0.0010703104,0.008899795,-0.03425198,-0.006587804,0.08645031,-0.009900017,-0.009541668,0.003792921,-0.009966694,-0.019103073,0.048323877,-0.05615363,0.008932974,-0.030812722,-0.033396583,0.013622553,-0.0062729632,-0.047586076,-0.0028351159,-0.060883623,0.0005066581,-0.020776495,-0.047488898,0.026697272,0.00944837,-0.002762406,-0.00745742,0.0139599005,0.03323306,0.008744058,0.064400285,0.08152318,-0.008745279,-0.006603547,-0.0086567225,0.027383555,-0.003514262,-0.045107313,0.035156153,0.068500355,0.040690634,-0.041202478,-0.0129958475,0.06928433,103,711
-0.03495729,-0.060542285,-0.012535244,-0.06924112,-0.019068563,0.047711335,-0.05641913,-0.045608316,0.0033810595,0.0034220144,-0.011294118,-0.03702603,-0.03641688,-0.042426452,-0.012632812,-0.023301229,0.01164264,0.020267436,-0.026705217,0.031110909,-0.013941137,0.057253722,-0.009557791,-0.04115388,0.025809882,0.08564794,-0.0060457718,0.023111194,0.030302532,-0.044924837,0.056892708,-0.036551997,0.0039877146,-0.0015127286,0.09289706,0.03337274,0.051535804,0.059397954,0.029921051,0.022690974,0.010186918,0.014150282,-0.08859466,-0.018510122,0.036905937,0.07649118,-0.011836317,0.047438696,0.03474289,0.027178213,0.12173994,-0.01824441,0.045795403,-0.009438826,0.03992348,0.0031386893,0.04557699,-0.084387764,0.023573633,0.028861754,-0.033086583,0.024950303,0.013557305,-0.012728762,-0.060235526,-0.09178482,0.051414587,-0.019343387,-0.022569168,-0.025631838,0.004659923,0.045444977,-0.0044266526,0.001315088,0.0031379997,-0.06409384,-0.0020467415,0.015783045,0.025872692,0.021867279,0.010286791,0.02852292,0.012461616,0.0265825,0.027312411,0.05343449,0.0064638928,-0.023728225,0.05701615,0.028182592,113,712
-0.00697231,0.0012085438,0.042259574,-0.04189175,0.035701573,0.00815862,-0.0068968586,-0.049827486,0.014091804,0.030277602,-0.008952377,0.0054487246,0.018062383,-0.050549857,-0.031365406,-0.0121542895,0.01398584,0.009828772,-0.0053641237,0.019542802,0.015914114,0.0006639585,0.05014114,-0.009399589,0.07145914,0.023671722,0.00082202256,0.027634908,0.040081587,0.05222837,0.0605452,-0.060294013,-0.03912843,0.019433578,0.027586242,-0.04730928,9.4328076e-05,0.03613347,0.01511464,-0.022742715,0.05387907,0.07967283,-0.005405795,-0.009526745,0.10369917,-0.0024416037,-0.030907108,0.007092238,-0.029941227,-0.002583284,0.07695149,0.08126904,-0.03518871,-0.008178132,0.06691921,0.016565472,0.06632198,-0.026909012,0.03670019,-0.05585339,-0.08111969,-0.0028745458,0.006645582,-0.011053178,0.055847384,-0.030535111,0.040048983,-0.05294616,0.04084275,0.027607722,-0.005186785,0.030380718,0.06882387,0.017665995,-0.033535607,0.010958974,0.023714786,0.00230949,-0.040489867,-0.0013761085,0.009857269,0.054556817,0.022690391,-0.010922447,0.022847088,-0.02025306,0.08188527,-0.0066728145,0.007808199,0.06385382,100,713
0.010131882,0.038450316,0.01719361,-0.023310158,-0.014359616,0.04836151,0.025242852,-0.008706884,0.0104851555,0.013378961,-0.07909499,0.02795016,-0.023130199,-0.0066405125,-0.067000434,-0.04592611,-0.061424337,0.017256143,0.04901969,0.0004297695,-0.0013686582,0.1016862,0.0029735696,0.021955516,-3.0007213e-06,-0.027025865,-0.038536303,0.016320975,0.013905932,0.0067856163,0.024635589,-0.055533446,-0.032884903,0.0011159307,0.042911187,0.003488693,0.005004354,0.0054268986,0.031215925,-0.053432297,0.05160662,-0.02149224,-0.017572606,-0.024071138,-0.009346249,0.028268151,0.003022354,0.07764328,0.037750006,0.026782949,0.081712395,0.041040514,0.020295719,0.08013311,-0.015766837,0.02575541,0.10786284,-0.04407847,0.0068487637,0.046264052,-0.03658883,0.0025261845,-0.0407852,0.0125405975,0.02205691,-0.027539747,0.050288334,0.0024064071,-0.031928137,-0.0038291197,0.030755132,0.0644792,-0.0101389475,0.01980815,0.023389285,-0.015492708,0.022718024,0.036581606,0.038029138,-0.018181985,0.002651726,0.07949631,0.050344996,-0.0040553426,-0.0145995375,0.025627272,0.032406557,0.029066227,0.038221218,0.08289687,100,714
-0.04711133,0.05974277,0.031307995,0.005976882,-0.01720675,0.06510008,-0.0037057886,-0.007927257,-0.021004232,-0.022913158,-0.026487868,-0.040839117,0.012905404,-0.012600234,-0.027981661,-0.018386062,-0.057872742,0.017880768,-0.029616404,0.019778365,0.006972627,0.035593804,0.004898267,-0.045150626,0.012500759,0.04817196,-0.0051241126,0.020258196,0.017026016,0.0044386284,0.025640314,-0.069579534,-0.05005576,-0.018615328,0.033879466,0.0010901932,0.06119272,0.026763897,-0.025429524,-0.018192079,0.06535432,-0.07803893,0.02381875,-0.041424133,0.08472285,0.09977819,0.0055294987,0.014495854,0.010915443,-0.012432635,0.02745886,0.024217859,0.0049753585,0.020937234,0.02454092,-0.015317565,0.030590827,-0.0561438,0.04388662,0.019401075,0.058340378,-0.016914979,0.021203117,-0.0030420525,-0.018572059,-0.041866947,0.012914313,-0.016100755,-0.07947688,-0.00051758206,0.056411084,-0.0030017532,0.025194634,-0.021238945,-0.0054239095,0.012464284,0.014187502,0.029236523,-0.06802366,0.02613903,-0.039180964,0.035789482,0.049381033,-0.040361553,0.031816788,0.007681111,0.012810739,-0.04537224,0.0033775321,0.052857447,108,715
-0.0026938326,0.02162281,0.010935575,-0.1101033,0.012647765,0.029209202,0.030283729,-0.0026638238,0.0051869974,-0.083515696,0.039173666,-0.022273079,-0.010233558,-0.010428615,0.024942018,-0.019397728,0.034868494,0.012644352,-0.015030689,0.033936143,0.014595334,-0.04912485,0.036505997,-0.10499551,0.06206207,0.033939235,0.019933425,0.01992822,0.01044225,-0.048634972,-0.0045890696,-0.06918907,-0.05361711,-0.020091694,0.0055716187,0.013393279,0.07954885,0.025531096,0.018236682,-0.025277533,0.07854205,0.021566661,-0.04456192,-0.02796866,0.039099053,0.038185798,-0.005423974,0.023858799,-0.08396558,-0.005643715,0.13213637,-0.014303654,-0.0071489783,0.02872992,0.011580596,-0.020359691,0.08383392,-0.03796991,0.030963833,0.021596272,0.0027165525,0.047839567,0.057042662,-0.041468814,-0.027980266,0.017774992,-0.009931477,-0.054105774,-0.021021558,0.03303182,0.05664797,0.0063986005,0.04116897,-0.01974919,0.07732856,-0.03220266,-0.0147995185,0.043628372,-0.02930926,0.004812315,-0.024453241,0.04343569,0.0013746843,-0.034872994,-0.011544285,0.047758505,-0.0032887273,-0.043657,0.03075194,0.056317136,108,716
0.029796485,-0.033264987,0.056036383,-0.039319534,0.025757473,0.073662706,0.01573125,0.016321715,0.0033465843,-0.024152981,-0.056455325,-0.012824887,-0.022396408,-0.12290189,0.03396819,-0.0021468587,0.026133455,0.0433613,0.0006843116,-0.014741554,-0.02581019,0.040560275,0.031638674,-0.008277796,0.06538806,0.02532924,0.048395164,-0.035598584,0.08457748,-0.025927208,0.071650065,0.057343174,-0.055523254,-0.011119695,0.033911027,-0.0284862,0.00029670447,0.004404744,0.0016073044,0.004179512,0.05563505,0.053245023,-0.031962153,0.023461506,0.041479044,0.089966625,-0.041182287,-0.0183721,0.025646996,0.00022056699,0.044776034,-0.0025330286,0.023740072,0.054768384,0.03755056,-0.04887376,0.067267686,-0.03949493,0.008096721,0.01679875,-0.017964073,0.0019033579,-0.029099185,0.016720677,-0.0061833304,-0.07693648,0.040457897,0.027488187,-0.0787554,-0.04457774,0.039277226,-0.003208308,0.003404514,0.008945878,-0.0065567414,-0.036281507,0.059847906,0.033596333,-0.009045679,-0.009250504,-0.04967493,0.034256816,0.0022443384,-0.02670171,0.032813862,0.02123822,0.016375143,0.049902625,0.012559468,0.0006897636,105,717
0.007144639,-0.0003040433,0.054498978,-0.059413254,-0.04021919,-0.006923236,0.008060072,0.033640485,0.014012578,-0.026473382,0.0023938138,0.01817737,-0.023168288,-0.0763856,0.012444008,-0.039857015,-0.012536627,0.0021277312,0.026398115,-0.010661171,0.07726151,0.008446829,0.02063736,0.014604989,0.06794419,0.056917764,-0.052120242,-0.049321994,-0.022552805,0.04401747,0.028986406,-0.11573384,0.010349497,-0.0021338128,0.0074399486,0.04171884,0.04405787,0.07597818,0.0038385037,-0.046594955,0.04957319,-0.008665681,-0.026415326,0.032883536,0.051797472,0.08004315,0.043936096,0.0074708033,-0.042035937,-0.021006124,0.018030994,0.045463428,0.02765531,0.025362648,0.069365844,-0.084293015,0.07495924,-0.04822438,0.034454353,0.033849645,-0.0049472954,-0.015450481,0.04013665,0.008970641,-0.040716313,0.0253632,0.065355174,-0.033611093,-0.018045064,0.016882654,-0.0012347661,-0.0025497319,-0.0131622795,0.03565017,0.019132895,0.0049926434,0.044111073,0.1276676,-0.014509518,-0.007071552,0.008373877,0.014561752,0.013196782,0.03327785,0.051512025,0.01807639,0.052364685,-0.01963526,0.0029557305,0.02412426,114,718
0.0067471126,0.060263135,0.06264616,-0.03518152,0.024828019,0.00941867,-0.023224331,-0.046873923,-0.043071188,-0.025441924,0.0007242034,-0.011178527,0.02511321,-0.08111793,0.005731781,-0.013756779,0.06080854,0.041337453,0.03550688,-0.03385626,-0.0077619567,0.020768004,0.022911636,-0.053691,0.025731452,0.10272019,-0.03224875,-0.010868111,0.025440983,-0.028806578,0.0052202493,0.00672983,-0.029291417,-0.00022341392,0.011441503,-0.022556672,0.06269162,0.030941676,0.015904203,0.02768964,0.09106723,0.08477956,-0.011102084,0.026129566,0.04728908,0.043390155,-0.016667537,-0.0055786828,0.013070126,-0.010044961,0.08768107,-0.016794326,-0.013549184,0.019196423,0.055734012,-0.037727255,0.08227473,-0.030659113,0.0277608,-0.04317333,-0.014675936,0.0064342553,0.026481103,-0.011200974,0.011426983,0.0014235936,0.04106264,-0.052097015,0.0025702566,0.060123485,0.055419177,0.05575161,-0.023389388,0.02869581,0.0007314058,0.024695408,0.06674925,0.054974407,0.019411584,-0.005631495,-0.01748918,0.057778087,0.002729077,0.02374016,0.011392094,0.09334316,0.0464096,0.024183702,0.014820687,0.06773052,102,719
-0.009629336,0.06787526,0.044266406,-0.04803025,0.08501804,0.0011187941,-0.024687598,0.03923214,-0.017360851,-0.024323763,0.0063416087,0.0027320618,-0.012195912,-0.0970303,0.07876618,-0.010743136,-0.020086434,0.07455383,0.01598135,-0.011451036,0.025293585,0.03061017,0.0051049283,0.00086841173,0.041697163,0.08784975,0.012691571,0.07247142,0.03379338,0.024132302,0.04252871,-0.03756915,-0.04767848,0.039901853,0.14900105,-0.04044538,0.083385706,0.08487335,0.0005372539,-0.007764176,-0.00784931,-0.0040444843,-0.029503446,0.11426861,0.085201725,0.07631643,0.028184805,0.036082357,-0.040763326,-0.02528522,0.022185724,-0.023971003,0.048121706,0.028252086,0.04527008,0.015059214,0.02992522,-0.034200724,0.016585361,0.043422215,-0.008683354,-0.016257478,0.055903874,0.005531039,-0.028173756,-0.031113017,0.026967209,0.06735967,-0.07412581,0.05088346,0.072478816,0.04523808,-0.013065409,-0.025052883,-0.0038837483,0.000122122,-0.02741778,-0.014631249,0.045919083,0.0005966048,0.043555222,-0.036995307,-0.054268807,0.03369329,-0.0022479296,0.018183343,0.0074782446,0.017092608,-0.042751025,-0.0002766475,109,720
0.029080436,-0.0037731417,-0.010314211,-0.014299281,0.01277432,0.060657825,-0.016049929,-0.011887288,0.0096227415,-0.07711953,0.03935109,0.0036578625,0.011547804,-0.016839094,-0.043789748,-0.057632655,-0.07227747,0.04361569,-0.008624743,0.03163862,-0.0008060478,0.091470726,-0.020925647,-0.014725508,0.038079094,0.018212412,-0.032830022,0.04718816,0.01655538,0.008607532,0.06376118,-0.060468644,-0.0217694,-0.024193237,0.1177581,-0.0017598853,0.008540422,0.07096389,0.009121435,-0.0038786428,0.11131832,-0.009566426,-0.011281082,0.0255869,0.06754779,0.028588902,0.0075442176,0.01737905,0.024947053,-0.078571,0.08243622,0.027557537,-0.014072416,0.020190876,0.027020346,-0.030294742,0.019139808,-0.065190494,-0.04612337,0.029721055,-0.02877491,0.024117343,0.00628497,-0.053134114,0.028512558,-0.017103909,-0.008642342,-0.03067714,-0.08614771,0.019111784,0.079303116,0.0056339037,0.0073918197,-0.0109730465,-0.020216102,0.0076301657,0.0031719161,-0.008421477,-0.020586079,0.021856721,-0.032876153,0.012769423,0.030308604,-0.007807036,0.042416282,0.052900165,0.011848714,-0.0021602977,-0.0016510459,0.037856318,103,721
-0.02329005,-0.0119292885,0.066124864,0.007918399,-0.008003367,0.0365171,0.02975843,-0.045996178,-0.016454604,0.03690471,0.020760838,-0.047262624,-0.054798074,0.011637021,-0.0567077,0.010323495,0.03280364,0.0053284187,0.030292906,-0.029566452,0.0114130415,0.041276574,0.033515215,-0.05301547,0.02368556,0.029770982,-0.08027544,0.0035011037,-0.022688782,0.006175476,0.010408692,-0.006685693,-0.12923571,0.016905,0.08221268,0.0030041873,0.02660474,0.051023275,-0.017301816,0.023732308,0.12525728,0.016759958,-0.02914225,0.04732802,0.017035373,0.050649308,0.0067793354,0.02650379,0.04151652,-0.010235655,0.0608488,-0.024762362,-0.003363694,0.0111932885,0.009772883,-0.096051306,0.04967939,-0.072564185,0.066846944,0.028780729,-0.029237138,0.018401792,0.14197204,0.00549107,-0.004158225,-0.057251908,-0.0050725006,-0.0747701,0.12827224,-0.013324091,0.030185327,0.007901734,-0.004716834,0.04911065,-0.013062774,0.062294275,0.024396492,-0.014803015,-0.05341584,-0.000384002,-0.0052114557,0.030603481,0.049192436,0.03236831,0.09566359,0.08201632,0.040366407,0.030100152,-0.006812551,0.049766097,111,722
-0.02070854,0.032724194,0.013574302,-0.10334101,0.007371146,0.02682787,0.019011818,0.04375159,0.04670839,-0.010035783,0.019344665,-0.03735127,-0.016903132,-0.037524447,-0.092899084,-0.040384095,0.03549858,-0.011325328,-0.031324904,0.034055863,-0.008284997,0.055108793,-0.041695192,-0.06028743,0.072932005,0.030949622,0.049315117,0.013369555,0.07311886,0.045134116,0.0015525315,-0.067500204,-0.04281855,0.0077581718,-0.015865356,0.016192084,-0.008688983,0.015449986,0.018562287,0.012316654,0.05864644,0.05209082,-0.043079842,0.07142388,0.013615834,0.121522486,-0.014250658,-0.02140772,0.009414678,-0.041461222,0.022598755,0.05016802,0.010604503,0.03840303,0.031070307,-0.02728336,0.0003684722,-0.038728457,-0.011781726,-0.05040375,0.003916744,0.028347347,-0.0047412124,0.015321245,0.016492764,0.037711643,0.021948468,-0.0097656045,-0.07646707,0.009376865,0.06535052,-0.04693085,0.07430575,-0.021896534,-0.04384654,0.0030378776,-0.027092835,0.0075141806,0.013071766,0.008722741,0.034349732,-0.022751644,0.0352054,-0.04350201,0.03369226,0.028244741,0.0378673,-0.038582083,0.016786803,0.051698495,103,723
-0.0036904472,-0.007985588,0.031760164,-0.004126508,0.029352609,0.018216763,-0.060407776,-0.0063107973,0.0246254,2.8442591e-05,-0.04479466,0.030250706,-0.08894338,-0.0424929,-0.019733507,-0.05009558,-0.06809232,-0.024116298,-0.042992212,-0.019383349,0.06989463,0.045474537,0.024382561,0.016363986,0.0019348748,0.06652181,-0.039632473,0.003263154,0.069117166,0.016384747,-0.007747654,0.025938943,-0.077542685,-0.029845066,0.015972003,-0.06309964,0.073748074,0.010989293,0.054813653,-0.043782484,0.08853873,0.034681417,-0.016585678,0.010353441,0.004625829,0.046494275,-0.037395585,0.014942096,0.0029341984,-0.010515595,0.06249816,-0.0015960131,-0.005201596,0.028981112,0.09641707,0.018274758,0.092097595,-0.03084217,0.08101252,0.023734171,-0.022166159,-0.005119106,-0.013585796,-0.008013768,0.09743588,-0.037843242,0.059047367,-0.03239945,-0.04129658,0.034805577,-0.015502866,0.04204852,-0.020834235,0.013182506,-0.021268686,-0.013266515,0.0063227746,0.007123828,0.011186443,-0.06993974,-0.008416365,0.051541436,0.032902047,-0.011561269,0.016988529,0.047865517,-0.032384694,0.029733673,-0.047124263,0.08338577,107,724
0.004530629,0.06220746,0.013880715,-0.03424219,0.026109798,0.049370084,0.03141214,0.015697576,-0.026835153,-0.015743542,0.008757704,-0.0416528,0.004236536,-0.06712535,0.002274503,-0.02103677,-0.0028219009,0.033622846,0.026093718,-0.020483414,-0.011177171,0.039583907,0.011228874,-0.021050023,0.058504127,0.029799048,-0.03524595,-0.030268442,0.046405204,0.05124087,0.0127782095,-0.014659094,0.047782637,-0.038123295,0.051725257,-0.0057567265,0.037183132,0.061347626,-0.02046078,-0.07103547,0.06726858,0.04873205,0.01787465,-0.013131168,0.060672127,0.055875428,0.008088835,0.011017564,0.047970682,-0.036787152,0.073913634,-0.034674708,-0.013001606,-0.013391247,0.067923725,0.00047133118,0.10763589,0.0179209,0.0018457137,0.020670416,-0.02238551,0.001975297,0.020947212,0.022223044,0.020547219,-0.0017641261,0.0039148433,-0.03338296,-0.031040331,0.051073156,0.05265307,0.049059246,-0.011076245,0.005840567,0.06461012,-0.023069106,0.0017003044,0.03997012,-0.05174094,-0.007872645,0.033856206,0.08274169,0.04830408,-0.0047012623,0.0014627688,0.037927896,0.024207527,0.032781687,-0.010322323,0.09404983,106,725
-0.00017824862,0.068723224,0.061606515,-0.0037953034,0.0204277,0.109560475,0.015419081,0.027486086,-0.03007344,-0.0517486,0.06356458,0.01931847,-0.013130759,-0.06283376,-0.00056017283,-0.060391527,0.051660985,0.04401806,0.022419557,0.0022148234,0.01216903,0.01820879,-0.032277584,-0.055444583,0.033589765,0.060078338,-0.0038760202,-0.029912349,-0.022227118,-0.023330957,0.024685822,-0.01078327,-0.03958695,0.045269802,0.066846274,-0.028444175,0.06178941,0.05037287,0.06016723,0.02564741,0.059216727,0.014105419,-0.023623604,0.07385112,0.01918744,0.03202647,-0.06543117,-0.022296945,-0.044032037,0.013800497,0.11470492,-0.021622628,0.029877119,0.03858785,0.020471754,-0.054448202,0.08872031,-0.034764662,-0.017870944,0.04232708,0.018089855,-0.0019718502,-0.016939059,-0.045043666,-0.028855292,-0.0050313734,0.008859827,-0.02701918,0.0015849136,0.024751415,0.055946454,0.02351276,0.0012115119,-0.02360376,-0.013035917,-0.035280954,0.04594878,0.15176204,0.0059487196,-0.057892203,0.02262463,0.026736721,-0.032330006,-0.05950316,0.06419596,0.03427524,0.043847535,-0.0289317,0.013813823,0.060056474,102,726
0.008871891,-0.001695856,0.02840125,-0.0032727234,0.03595319,0.12588288,0.01889715,-0.032683916,0.027596517,-0.007735625,-0.03200529,0.06442192,-0.048522532,-0.07052612,0.020912496,0.01224025,0.0019783,0.07566675,0.022656206,-0.043156296,-0.051389053,0.0041310824,0.02532034,-0.025020862,0.046335727,0.053666666,0.016099948,0.0072840382,0.06492682,-0.002656078,0.018876916,-0.05849546,-0.018749792,0.018981488,0.05411715,-0.0142505765,0.02609693,0.024638599,-0.004681492,-0.017399255,0.005201392,0.07298073,0.030753575,0.036736935,0.041409593,0.0518185,0.04491689,0.031483226,-0.03167454,0.033970203,0.07555915,0.03592053,0.03581231,0.07187879,-0.0038772207,-0.007814042,0.030541021,0.0026478954,-0.0055026114,0.023839649,-0.022367474,-0.0091169905,-0.053835217,-0.02838474,0.05267121,-0.06601998,-0.002437219,-0.044220813,0.027432576,-0.03266196,0.032937404,-0.030262008,0.017459938,-0.0048894435,-0.02895733,-0.036353204,-0.0077031516,0.054454327,-0.025519062,-0.042760912,-0.018848464,0.036266547,-0.020432005,0.01932646,-0.00902481,0.00604569,0.027664568,0.034086067,0.021291494,0.025278315,104,727
-0.008035263,0.029021854,0.0016572699,0.0019742586,0.012983626,0.0726093,-0.042947154,-0.027562767,0.0462194,-0.0013047261,-0.0059319083,0.10339947,-0.061544348,-0.059913397,-0.020533614,-0.022294998,0.020554665,0.0040035285,0.017134568,0.07930896,0.027169231,0.03899069,0.034320526,-0.04886181,0.03673742,0.012686449,-0.002488749,0.008861714,0.043433648,-0.030306377,0.0487701,-0.0025117043,-0.04060274,-0.009159086,0.05254002,-0.0350379,0.024415532,0.08901055,0.04700993,0.011385345,0.032139055,0.045427848,-0.08348336,-0.04405197,0.055616934,0.03217545,-0.030702975,0.020465683,0.06902692,0.058351934,0.0989508,-0.0021399115,-0.0788277,0.04861504,0.015215218,-0.020408904,0.066032626,-0.04842607,0.01317763,0.032580372,-0.019165065,0.050474472,-0.03789667,0.0008038585,-0.082337886,0.008001227,0.029458107,-0.10551368,0.035996214,0.022564555,0.08750794,0.009231795,0.0055338554,0.018150328,-0.025452744,-0.031962965,-0.010791559,-0.024843182,-0.037789606,-0.019612327,0.037235986,-0.0038522966,-0.008823695,-0.048119865,0.0029073246,-0.012387974,0.022906845,-0.0085850395,-0.054537963,0.054707035,103,728
-0.039110884,0.01574072,0.1143299,-0.0746317,0.02574745,-0.007799186,-0.01952921,0.05511763,-0.012259396,-0.017892255,0.028562618,0.036121123,0.008148275,-0.08212757,0.042816706,-0.004809783,-0.042326983,0.030950632,0.04852553,0.009601074,-0.029307576,0.02972449,0.005333973,-0.051773816,0.006391324,0.04614178,-0.010265996,0.067899995,0.05011432,0.019521832,0.020292325,-0.062344007,-0.061823208,0.008680949,-0.088279836,-0.020580525,0.04007127,0.077359244,-0.011953644,-0.014366439,0.063251354,-0.002152402,-0.021134015,0.0077157076,0.019157045,0.09295989,-0.016323317,0.031145805,0.021368386,-0.009771742,0.066551946,0.02443135,-0.0332268,-0.0020050555,0.0135985,-0.008657534,0.14773974,-0.008825498,0.10650491,0.055994034,-0.030208364,-0.024536848,0.03165166,0.00024705706,0.011189137,-0.051378567,-0.028690413,-0.08312279,0.0024660844,-0.037743043,0.068978906,-0.022586852,-0.02788368,-0.008268071,0.041868836,-0.0050745816,0.010795909,0.0048126876,-0.034800455,-0.030961476,0.022975395,0.027832769,0.07553275,0.077193014,-0.014679791,0.036903467,0.03494346,-0.03616697,-0.0031511718,0.04239257,112,729
-0.044804916,0.053788092,0.04445176,-0.014138337,0.04554519,0.04383932,-0.0133235175,0.036891893,-0.04140935,-0.026023539,0.017707918,-0.03647482,-0.05558797,-0.04354424,0.0028630146,-0.006199351,-0.0064886482,0.016234454,0.039457675,0.03224963,-0.00395805,0.05886297,0.027721316,-0.021299671,0.10211108,0.024112709,0.003071771,-0.026692,0.060596958,-0.052522,0.056504115,-0.011316968,-0.04418868,0.01790815,0.0719411,-0.020202324,0.094349384,-0.0018530507,0.03828837,-0.002798522,0.06568065,0.059971623,-0.039018318,0.027881086,0.023438413,0.028245283,0.0011020931,0.012245606,-0.048143096,0.005076833,0.043994427,-0.02552054,0.005215258,-0.0080435,0.026932316,-0.031086424,0.087554544,-0.08932771,0.0040520374,0.023268592,-0.048481822,-0.008199124,-0.05625085,0.032340914,0.014926689,0.02242342,-0.014289428,-0.04409817,-0.097385556,0.026471823,-0.004431309,-0.0053637046,0.05269687,0.036020987,-0.023797961,-0.017892811,0.02416972,0.06549572,0.05106164,-0.0025138862,-0.00453013,0.024758596,0.04372296,0.007823898,0.0057942737,0.039743084,-0.014401168,0.0155310705,0.0017569396,0.026727818,112,730
-0.019130196,0.06874124,0.06863825,0.0058743805,0.007591253,0.022901336,-0.039956614,-0.014174835,0.04487045,0.00524772,-0.031498414,-0.006971205,-0.020790007,-0.06365319,0.03797694,-0.02045075,0.013860089,0.0463747,0.054786026,-0.019822285,0.013814869,0.0012681857,-0.0040236395,0.03627587,0.08556798,0.0125136115,0.0011953469,0.0013352924,0.0051263627,0.059724525,0.0052955747,-0.025384413,0.0005337279,0.027126586,0.037516333,0.0029098438,0.051820822,0.0014758967,0.025244182,-0.014016303,0.010385901,0.032428473,-0.045527153,-0.013653446,0.036142323,0.027172437,-0.019206168,0.022650966,-0.019077625,0.01883654,0.038296327,-0.04793048,-0.023380684,0.041889135,-0.0039552962,-0.069807924,0.07199156,-0.07388306,0.035318114,0.008771709,-0.063450456,0.019622352,0.025714852,0.016318657,-0.0028610423,0.033979677,0.048996657,-0.029444685,0.02757147,0.026204707,0.026875112,-0.03017386,0.0074282475,-0.013457421,-0.0047370717,0.015095378,0.0053456724,0.020783208,-0.0028791716,-0.014578469,0.025026318,0.055873845,0.011810437,0.007194343,0.054830126,0.010258034,-0.04969848,-0.005200778,0.032586,0.0466762,112,731
-0.014961015,0.007910317,0.029813701,-0.014737885,0.029766895,0.061687335,-0.011878002,-0.022821125,-0.0046072807,-0.044590026,-0.014738942,0.009662553,-0.0844665,-0.033220157,-0.036505945,-0.011940611,0.035309657,0.05241304,-0.00054576434,0.04973576,-0.032903537,0.01781116,0.032146208,-0.04922722,0.0059456676,0.042740557,-0.017799368,0.006523143,-0.048932247,0.017409682,-0.007946759,-0.0225761,0.019064322,-0.10689122,0.043840997,-0.043656044,0.108327396,0.053530578,-0.0018201172,-0.04678456,0.12731463,0.06408429,-0.02898348,-0.00048533082,0.004989274,-0.00875777,-0.05491897,-0.028773474,-0.008912282,-0.06691287,0.0743313,-0.01113417,0.0025906,0.041843608,0.044612788,-0.061760087,0.057826426,0.036894467,-0.00808027,0.02166,-0.005422688,0.0075340522,-0.020863298,-0.027015213,-0.04029593,-0.021538194,-0.05805916,-0.0688966,0.0018662885,0.029747058,0.0074823294,0.022881014,0.08164251,0.0595606,-0.0053358627,-0.021841563,0.029273104,0.04687666,0.020905757,0.013343213,-0.02541205,0.00931541,0.0098903505,-0.034557514,-0.0004141312,0.019295143,0.050679125,-0.027275935,0.006856119,0.095535494,102,732
-0.014617506,0.037213877,0.00045775995,-0.07562221,0.04048935,0.097992525,0.0020110838,0.032486897,0.0026627914,-0.011175415,0.0015513683,-0.028402325,-0.001406272,-0.039367843,-0.007855325,-0.060369216,-0.02079072,-0.0027880594,0.060759217,-0.0056127235,-0.031106567,-0.00522859,0.028370682,-0.05108054,0.01863093,0.038973533,-0.055765785,-0.008929276,0.036954354,0.09627901,-0.032969292,-0.012791298,-0.021369867,0.042845543,-0.03179054,-0.01762573,0.06436394,0.05228921,0.06732297,0.022356935,0.0726016,0.056351073,-0.00037323497,0.0029166387,0.048019923,0.09702054,-0.012404998,-0.053042762,0.11724966,-0.02016522,0.052527025,-0.040809058,-0.0013788752,-0.045300275,0.00076809525,-0.11569542,0.0442449,0.027815003,0.010317856,0.045745518,-0.06044106,0.042215183,0.0098241195,0.009309479,0.020092476,-0.063387394,-0.0031229407,-0.008284767,-0.062074393,0.0066822628,0.015738597,0.016265228,0.0018570777,0.009875941,0.0075894454,0.033715516,-0.012859702,0.08188795,-0.054869987,-0.04236686,0.0037630433,0.02493838,-0.009375239,-0.022899127,0.018497685,0.041029606,0.06362322,-0.071299955,0.018618863,0.06180562,107,733
0.014077179,0.008763041,0.065471515,-0.06384641,-0.026905045,0.0007527694,-0.009223703,0.042417035,0.027380351,-0.011457578,0.026672669,-0.01233126,0.03290051,-0.024148643,-0.0037647411,-0.030645454,0.011909604,0.0067548472,0.022881493,-0.077220604,0.023946526,-0.00097095966,0.013138941,-0.03178479,0.075991794,0.045288987,0.0078250095,-0.031743873,0.01124713,-0.034715813,-0.0012379829,-0.051206335,-0.02228944,-0.013594864,0.04982087,-0.022994805,0.03654448,0.07228331,0.042046092,-0.04756591,0.03506764,0.061757945,0.0115442015,0.04806146,0.06643294,0.049936038,-0.013683944,-0.036199003,0.004162055,-0.016516011,0.07808482,0.022713093,0.015195124,-0.014655678,0.026569346,-0.04885754,0.03810108,-0.092398465,0.011935191,0.040582646,0.023344586,0.04311936,0.021528162,-0.011593288,-0.011045134,-0.040797118,-0.022798233,-0.030089097,-0.013508254,-0.0138987135,-0.014136925,0.035416014,0.041327104,0.003060311,0.030854318,-0.044667773,0.015274745,0.034210432,0.014386985,0.018509187,0.044084266,-0.0283743,0.052399777,-0.028054366,-0.009847991,0.044479832,0.056334592,0.049503986,0.0015429701,0.015376039,112,734
0.0027766507,0.019789655,0.014792459,-0.08667496,0.029805763,0.058580093,-0.00950782,-0.013065934,0.012106849,0.0007815482,0.09868303,0.017516166,0.014044929,-0.06749517,0.0059800586,0.0177693,0.048723046,0.038962632,0.015226536,0.043437842,-0.03021906,0.0044439584,0.0022767577,0.004000457,0.06935768,0.022926515,-0.04816411,0.0017451029,0.038940683,0.0055480655,0.06857945,-0.020410627,0.033033058,0.030438358,0.078795366,-0.050331492,0.026587164,0.01686573,0.06321867,0.021837663,0.06659303,0.017006103,-0.024411889,0.022188475,0.023759743,0.043709073,-0.031721387,-0.0069096033,-0.028758312,0.03655387,0.040335197,-0.0070138914,0.00726799,0.009114433,0.034080014,-0.003591869,0.06517705,-0.07136796,0.06899722,0.04368597,-0.026719535,0.012176609,-0.016241357,-0.046865918,0.0054011205,-0.03563664,-0.0036323648,-0.034152076,0.061558098,0.012920587,0.053345986,-0.062516406,0.04802537,0.011759171,0.0044438727,0.033841923,0.012717173,0.0036798157,-0.042264573,0.020928372,0.026299786,0.036817156,-0.040028468,0.0014163861,0.02560287,-0.015424298,0.048009023,-0.034845024,0.0125498995,0.033209566,103,735
-0.0013413979,0.041659433,0.042813834,-0.022813227,-0.00798616,0.03407737,-0.008037632,0.039989922,0.07975715,-0.03709511,-0.00172238,0.041985735,-0.031149855,-0.04821941,-0.048414472,-0.045857377,0.020881135,0.01603895,-0.01830956,-0.003481122,-0.011912295,0.052085385,0.030697126,-0.040736396,0.03297989,0.018771557,-0.04811225,-0.008282413,0.00431375,0.065274835,0.12902263,-0.03468117,-0.066029325,0.019328248,0.032139182,0.017922726,-0.018058345,0.022205833,0.008488664,-0.041376244,0.06576931,0.02063795,-0.05850785,-0.004018802,-0.033133395,0.08097469,-0.056528848,-0.011887329,-0.0019279404,0.03135748,0.01783384,-0.04931671,-0.0156072,-0.02183094,0.025145108,0.058908556,0.07178027,-0.030060448,0.027975092,-0.022667304,-0.07446709,-0.016670048,0.005988205,-0.04240854,0.04320615,0.01053166,0.015119141,-0.03343733,-0.025481412,0.011642936,0.0769093,0.042973116,0.030684408,0.050418727,0.021419179,0.01217732,0.046994627,-0.00051877834,-0.02302084,-0.017792871,0.025560215,0.068297565,-0.0035655908,0.056071684,-0.019639986,-0.03400474,0.074420914,-0.006587996,0.032266464,0.043456096,104,736
0.028746676,0.11337889,0.003277272,-0.05252093,-0.028167587,0.082975864,-0.026205454,-0.033400476,0.007685435,-0.08352323,0.045533407,0.015238019,-0.010865837,-0.044540696,-0.031975728,-0.005430186,-0.011486902,-0.02080548,0.045664977,0.032115854,-0.03843198,0.08473438,-0.041799456,0.012441438,0.009562269,-0.014882049,-0.014777615,-0.033465646,0.0005363133,0.0105881225,0.073746175,-0.05276664,-0.025131203,-0.036130898,0.011710703,0.0036843321,0.106570855,-0.0042238347,0.05380291,0.009897337,0.024187312,-0.0063731372,-0.054001026,-0.038213715,0.071816355,-0.021217909,-0.026695065,0.0006638169,0.012051048,-0.034475002,0.08672156,0.044325657,0.020088548,0.022955209,0.012558483,-0.01729934,0.039066344,-0.013129162,0.030959493,0.036829047,0.024256503,-0.04283457,0.02481434,-0.0024924288,0.085277945,-0.020845259,0.02018163,-0.016550407,0.021861255,-0.005319111,0.045475043,0.032882113,0.021158233,-0.0075068017,-0.019588882,0.029757086,-0.01815222,0.03414769,-0.0026128711,0.003770028,0.023366168,0.033861663,-0.03729529,0.031951495,0.010165303,0.0054399315,0.00921906,0.021984283,0.011635421,0.0049558394,103,737
-0.042864535,0.0039495537,0.048169956,-0.038288854,-0.002660099,0.056831695,-0.011565218,-0.04759562,-0.03412351,-0.044144794,-0.030799106,0.008597011,-0.03481471,-0.013112359,0.019376133,-0.031137398,0.018870734,0.04349409,-0.020930868,0.016588908,0.005326313,0.018948637,0.009199444,-0.06504065,0.04772015,0.023736948,-0.0005033552,0.047758944,-0.0045498163,0.0310455,-0.036767237,-0.046200275,-0.023042666,0.035196185,0.002060607,-0.022242038,0.101309896,0.040154606,0.07451799,-0.016401727,0.1476424,-0.0061400943,-0.021369219,0.0046324916,0.03214391,0.065810405,0.015424514,0.024232771,0.01677559,-0.015834134,0.008510064,0.0016772458,0.0022923043,0.0034272633,0.015465625,-0.05152648,0.046966113,-0.09076717,-0.024642117,0.036337152,-0.0043871896,0.015257001,-0.011650029,-0.010427359,-0.040100724,-0.04991199,-0.012534909,0.015897173,-0.023279885,0.026148327,0.011497058,-0.030011993,0.0034218207,-0.01082965,0.006934409,-0.024000678,0.053941205,0.05241541,0.0012462707,-0.07922596,0.055837456,-0.025828425,0.032303542,0.007892429,-0.018321319,0.0753804,0.03238076,0.062324356,0.030565877,0.036144607,101,738
-0.016846692,0.015743488,0.1240614,-0.08246601,0.03203819,0.013952933,0.054326236,-0.04788421,0.025254782,-0.06819865,-0.0024040495,-0.043664046,-0.032020345,-0.060966384,-0.06544784,0.050029222,0.0066453964,0.016391352,-0.016720135,-0.031665128,0.034511916,0.06581652,0.009420219,-0.071724,0.07855175,0.00013194233,0.024802268,-0.011233288,0.0327748,-0.0319805,0.010419542,-0.030259432,-0.0005049184,-0.011951119,0.10464804,0.005991756,0.08194353,-0.040110257,0.0273792,0.014811554,0.029191095,-0.035327163,-0.023738565,0.04866968,-0.005475441,-0.0148919,-0.003220498,0.034026496,-0.0026772395,-0.060927898,0.093035296,0.02254775,-0.020823248,0.027334686,-0.032350924,0.025663584,0.11394798,-0.014355244,-0.0047988147,0.011351159,-0.03843722,-0.02711039,0.012461772,-0.01223669,0.0007483689,-0.05610455,0.06712341,-0.06961122,-0.0063534174,0.020717949,0.03754673,0.00856463,0.045814704,0.083375484,0.03291428,-0.0052993773,0.010611983,0.054678857,-0.065940075,-0.014472719,0.032550413,-0.041155584,0.08108151,0.0097430665,0.033355877,0.02170793,-0.0065267608,-0.026257366,0.025068458,0.031048752,104,739
-0.016283013,0.033387396,0.050975338,-0.076786116,0.03071293,0.062052503,0.016885148,-0.018161222,0.008552835,0.061863624,0.021404983,0.03452288,-0.018581241,-0.043119412,-0.010164706,-0.064971924,0.0034134053,0.0062414445,-0.029937688,0.017713044,-0.011283109,0.051657118,-0.0053144656,-0.0105446195,-0.0098413825,0.0255965,-0.034085214,0.029544175,0.020942863,0.066490844,-0.01720425,-0.036440868,0.017790105,-0.016514024,0.045497783,-0.0098304385,0.06341217,0.0053809993,0.012441201,0.019170322,0.11481745,0.038952406,-0.030084724,0.055761695,-0.0011457447,0.06319923,0.024442183,0.06334702,0.04776621,-0.027058829,0.05282051,-0.0012880052,0.048179753,-0.009344563,-0.038793303,-0.07970163,0.090531014,-0.06160646,0.022785239,0.064738706,-0.016953116,0.008798834,0.023258043,0.019290492,0.09920281,0.004432246,0.006982013,-0.011643639,-0.019178146,0.008812824,0.041138142,0.03675229,0.028085042,0.04024233,-0.05875749,0.011377348,0.01550879,0.015000268,0.016825683,0.020348698,-0.0048886836,0.023313366,-0.0021894313,0.014798235,0.01546213,0.039922096,0.010163141,0.054431472,-0.009588777,0.023346025,101,740
0.013593251,0.04699727,0.026593588,-0.03888027,-0.019722309,0.047197036,0.054209404,-0.015832178,-0.0061779786,0.022007426,-0.014433879,-0.016065232,-0.022269484,-0.032137636,-0.009498955,-0.060790725,0.0097601265,0.084405586,0.07543269,-0.012356284,0.017699074,0.076253176,-0.025244141,-0.03777762,0.02234347,0.015250325,0.02183057,0.0066493857,0.07362422,-0.034431774,0.025570143,-0.071896225,-0.093828574,0.018241482,0.08661424,0.007653632,-0.001557909,0.001968667,0.03021035,-0.052258402,0.052221652,0.0018985923,-0.06535232,0.022163497,0.052925907,0.059613176,0.0067093996,-0.0055384804,-0.0028356935,-0.018530767,0.07333508,0.043567948,-0.0048796497,0.10203566,-0.034070365,0.01808608,0.10294947,-0.06401117,-0.015424978,0.026101403,-0.045860507,0.032954436,-0.004686771,-0.054757416,0.020311974,-0.06454353,0.0078030415,-0.051383734,-0.0031657424,0.028455121,0.06437527,-0.009731524,0.038892023,0.033342924,0.039790094,-0.012964961,-0.011322012,-0.004611362,0.015186496,0.008332742,-0.028217226,-0.030436993,-0.01645991,0.027430128,-0.025229791,0.012370975,0.02884761,0.04862805,0.015698781,-0.0023947395,104,741
-0.050112333,0.016350705,0.07321818,-0.039963726,0.037772916,0.07418436,0.018691888,-0.027764302,-0.0076735737,-0.025568286,-0.058695905,-0.0046074986,-0.012620601,-0.020330349,-0.03264501,-0.031114856,-0.06839072,0.02929042,0.06025593,-0.0048516896,0.014242557,0.00980931,-0.010180479,-0.06279011,0.104167506,-0.03710889,0.035444193,-0.020258509,0.017901752,0.05473218,0.036689565,-0.01789806,-0.055796765,0.041140992,0.11599904,-0.008994104,0.056091122,0.0005566552,0.04733237,0.024202911,0.016423518,-0.019740805,0.017872017,0.04712262,0.08895599,0.10706289,-0.00970689,0.017129328,0.018806765,0.0054177353,0.1293857,0.025881564,-0.002436326,-0.010769444,0.0430111,-0.02045883,0.05943644,-0.028165288,0.039432406,0.023414332,0.013315724,0.012898882,-0.026504923,0.025450489,-0.01467411,-0.057273008,-0.011847734,-0.05893784,-0.022887176,-0.011962328,0.04503519,-0.02057742,-0.017112253,0.020731304,0.016811263,-0.030428529,0.010471627,0.007674533,-0.013260743,-0.03670094,-0.024047885,0.059130743,0.009104583,0.011243243,-0.012851121,0.030306844,0.03602225,-0.018674925,0.0062869643,0.08243419,106,742
0.043302707,0.065342255,0.095625,-0.027178328,-0.003384971,0.04391038,0.027706817,0.028949026,0.037672408,0.03573747,0.010191917,0.015182316,-0.040384673,-0.07085141,0.053039163,-0.04249207,0.036879312,0.020665796,0.0392814,0.0151034845,-0.027451148,0.08713454,0.0023931786,-0.029312138,0.042162552,0.050457124,0.0021509184,0.013319616,-0.0078057256,0.021915434,0.00032794476,-0.07241697,-0.0346817,0.0052649006,0.09961143,-0.008828781,0.053346496,0.049959928,0.050043616,-0.040493347,0.053934883,-0.035641205,-0.05484212,0.0743241,0.059618026,0.057659194,-0.012843551,0.037421025,-0.040670842,0.004392256,0.040412314,-0.014361469,0.038293555,-0.004339192,-0.028780852,-0.02640746,0.053709928,-0.011266572,0.027101288,0.078250036,-0.042093348,-0.006517714,0.07113154,0.016344137,0.0028452445,-0.10399712,0.015862098,-0.058117338,0.0008569807,0.01860376,0.012794834,-0.015052784,0.03549453,-0.036912892,0.006366738,0.00841334,0.034997087,-0.0030695386,0.02068491,0.0044643194,0.0049966043,0.019768791,-0.009078728,0.047687985,4.90807e-05,0.03226705,-0.028490245,0.016240552,-0.019985065,0.07822868,111,743
-0.020106431,-0.0054717027,0.048619144,0.005531464,0.068237275,0.04950662,0.03036419,0.056658685,0.04215938,0.0015669325,0.009764643,0.010399416,-0.0068764323,-0.046259265,0.0010056626,0.008131515,0.022602072,0.015722424,-0.005012688,0.015352227,-0.0065314546,0.04399962,-0.028963955,-0.028734554,0.020639636,0.0154270185,-0.00038978085,0.02147355,-0.01852767,0.10405639,0.034282107,-0.024392124,-0.031933628,-0.059296202,0.052349884,0.03614963,0.029953837,0.013659151,0.0632175,-0.026854813,0.055258654,-0.00037522614,0.0080596395,0.015715908,0.09352822,0.026597336,0.005709338,0.06037399,0.014189797,0.007853145,0.025796581,0.0009035504,-0.053380862,0.021226134,0.05269409,-0.0014012773,0.030758444,-0.010801118,0.059494406,0.006206163,-0.009303734,0.05416985,-0.014963211,-0.01753789,-0.011760541,-0.0099863615,0.050320372,-0.03417333,-0.08038541,0.02482238,0.053021,-0.04962667,-0.01615609,0.0016220454,-0.043513387,0.040089518,-0.015636161,-0.006031558,-0.038421594,-0.042614356,-0.024492804,0.038406484,0.0064886827,0.035907492,0.014352281,0.04717203,-0.025817655,0.009250476,0.01724984,0.06537428,100,744
-0.013209214,0.029077068,0.05840572,0.033567205,-0.003587423,0.016517997,0.027043018,0.05709232,0.032295004,-0.00614212,0.025900101,-0.0053919684,-0.044904746,-0.039442748,-0.03040054,-0.0028624013,-0.038717464,-0.0030158274,0.015093764,0.042675514,-0.03639953,0.01530391,0.008219064,-0.041618805,-0.018839914,0.055622727,-0.0010563973,0.07831696,-0.028449452,0.06927882,-0.004513301,-0.025114495,-0.060689323,-0.022147909,0.06793611,0.021483865,0.031823944,0.015337431,0.05779554,0.04238108,0.07326494,0.07323393,-0.034375533,0.013963964,0.020525906,0.072764665,-0.013779301,0.032224502,-0.027614038,0.009113059,0.058186226,-0.067557395,0.0376121,0.0032426473,-0.002490677,0.0013939757,0.081096396,-0.06651155,0.034602318,0.0004548803,0.030385168,0.020491594,7.0118345e-05,0.024204947,-0.0049538463,0.0069210604,0.05100024,-0.030499693,-0.04059994,-0.009060896,0.054497976,0.04720266,0.028747566,-0.0172748,-0.042575985,0.00031177176,-0.03724338,0.064089745,0.08920328,0.03164712,0.0052001486,-0.021224272,-0.045661204,-0.07578104,-0.008953983,0.053383987,0.08889149,0.066387236,0.056137223,0.032175515,102,745
-0.006531148,0.016913103,0.037909314,-0.049883164,-0.018719891,0.058201417,0.06635428,0.004676225,-0.04606588,-0.04893628,-0.014813151,-0.08356052,-0.040704295,-0.05614262,-0.0004928976,-0.025357027,-0.043112107,-0.01469353,0.03409605,-3.4239376e-05,0.010075419,0.035423502,0.10082257,-0.041842163,0.013769619,0.02735644,-0.0004550633,0.034466468,0.046995476,-0.005785113,0.07391098,-0.016698815,-0.0339074,0.038661584,0.06743446,-0.0474508,0.09663972,0.003959086,0.01126086,-0.028951451,0.097475246,-0.044317227,0.03070613,0.04554105,0.009235302,0.025613226,0.014837477,0.019369729,0.015542164,-0.023440389,0.10191145,-0.010251671,-0.0060353307,0.046936143,-0.012730584,-0.14512964,0.053942338,-0.020688482,0.024244666,0.012534188,-0.029871894,-0.0122818295,-0.018542089,-0.03461317,0.004331244,-0.028204003,0.019456647,-0.03410625,0.017963462,0.039536748,0.08210398,-0.015734335,0.049468882,0.08664161,-0.007809406,0.002907313,0.005874958,-0.0048773885,0.01793705,-0.00639758,0.019752763,0.0942266,0.056051187,0.03477431,0.060475715,0.044365216,-0.033568595,0.0779393,-0.040601302,0.0954891,109,746
-0.054307982,0.083293505,0.06091962,-0.013428753,-0.031329527,0.06308756,0.02688,-0.019121017,0.023289414,-0.011737411,0.004728822,0.027419778,0.01535093,-0.0054673087,-0.01059628,-0.018179469,-0.040511444,0.038315073,0.052506067,-0.010453139,0.027940203,0.011934725,0.042137355,0.033502143,0.06348069,-0.016420363,-0.06623935,-0.018488254,0.12233688,0.03898353,0.07926397,-0.06384742,-0.07893888,0.03102175,-0.0075241067,-0.023565484,0.04363266,-0.014910094,-0.03518192,-0.019328456,0.020411115,0.035587393,0.012860447,-0.036791723,0.022929074,0.10163676,-0.005600155,0.007816464,0.019557979,0.009729217,0.044179358,0.034168746,0.034632877,-0.026935326,0.05703455,0.027610745,0.05139351,-0.07818122,0.036246248,0.054440502,-0.015668483,-0.021528892,0.023949465,0.00500248,-0.06300987,0.004576601,0.07043725,0.020198483,-0.054315507,-0.02479719,0.028314212,-0.0151763195,0.05518967,-0.050532583,0.048040517,-0.056256875,0.052912213,0.05711159,0.0075600147,-0.017757995,0.041589037,0.031054702,-0.02936987,-0.0313345,-0.0044434387,0.042699326,0.076804526,-0.061546996,0.02551239,0.034987777,107,747
0.016426567,0.04250163,0.08792243,-0.05654724,0.016434006,0.049005046,-0.011541707,-0.016841397,-0.03908158,-0.018869612,0.010251539,0.032461967,-0.02435764,-0.058345187,0.037978638,0.041762326,0.013276886,0.024570553,0.08614861,-0.00372678,-0.03328578,0.0075733457,-0.027792646,-0.04811672,0.07283662,0.005004516,0.013157218,0.044223223,-0.0010995399,0.0014864895,0.06178949,-0.08564489,-0.074729785,0.0063225664,0.08393652,-0.0078321835,0.0059891827,0.047973655,0.015285168,-0.0122017935,0.04378426,-0.006667439,-0.039741643,0.021486813,0.03629623,0.04704585,0.012356936,0.061425813,0.013557967,0.0059607755,0.019334443,-0.027792599,0.0064582024,0.06658609,0.02531121,-0.041593082,0.050527498,-0.047092404,0.023007086,-0.0058514606,-0.035965413,0.010958342,0.011457756,-0.029893808,0.018045183,0.008286834,-0.0177895,0.022992678,-0.060746755,0.0021805759,0.035733957,0.09656466,0.030929517,0.009946023,-0.07977932,-0.03183826,-0.021860955,0.024421085,-0.05730115,-0.020064238,0.04272218,-0.033332117,-0.011724183,0.002815405,0.032362215,0.031627417,0.05971238,0.0062198173,0.0125145465,0.0800676,109,748
-0.014109734,0.0033582374,0.09112968,-0.07793481,-0.014603365,0.054179598,0.0065874183,-0.0146643855,0.015987592,0.06838245,0.07284987,0.024423607,-0.0018514153,-0.044620924,0.019019995,-0.029919175,0.029280128,0.008794169,0.033158783,0.010836899,0.05101773,0.0037101582,0.04768127,-0.043422468,0.007548183,0.036882073,-0.06557845,0.023193266,0.059421636,0.06785427,0.06068239,-0.06408805,-0.0041697957,-0.03675792,0.06999238,0.008164158,0.00086093694,-0.012407724,0.03526091,-0.02168144,0.048264664,-0.0018319786,-0.013647725,0.0050961664,0.060187794,0.12431672,0.048010107,-0.019860553,-0.03581412,0.05226408,0.07854976,0.043118197,0.019968716,-0.036184773,0.003420798,-0.06884278,0.0051087104,-0.115543336,0.0276647,0.00605046,-0.03755749,0.008419822,0.025473017,-0.013936341,0.019570166,-0.047786407,0.027057648,0.0497752,-0.038435932,-0.05531339,0.009705916,0.027568204,0.02781151,-0.012664312,-0.028013956,0.03526511,0.056467935,0.02124705,-0.01445058,-0.028032813,-0.03072368,0.042853445,0.018823527,-0.026223134,0.0040813554,0.07412444,0.008982841,-0.06965123,-0.004431844,0.033885498,108,749
